1 FPGA_VCCAUX_MON 0.012195 3.281250 0.039837 FPGA_VCCINT_MON 0.005226 1.093750 0.005605
2 FPGA_VCCAUX_MON 0.012195 3.281250 0.039837 FPGA_VCCINT_MON 0.005226 1.093750 0.005605
3 FPGA_VCCAUX_MON 0.012195 3.281250 0.039837 FPGA_VCCINT_MON 0.005226 1.093750 0.005605
4 FPGA_VCCAUX_MON 0.012195 3.281250 0.039837 FPGA_VCCINT_MON 0.005226 1.093750 0.005605
5 FPGA_VCCAUX_MON 0.012195 3.281250 0.039837 FPGA_VCCINT_MON 0.005226 1.093750 0.005605
6 FPGA_VCCAUX_MON 0.012195 3.281250 0.039837 FPGA_VCCINT_MON 0.005226 1.093750 0.005605
7 FPGA_VCCAUX_MON 0.012195 3.281250 0.039837 FPGA_VCCINT_MON 0.005226 1.093750 0.005605
8 FPGA_VCCAUX_MON 0.012195 3.281250 0.039837 FPGA_VCCINT_MON 0.005226 1.093750 0.005605
9 FPGA_VCCAUX_MON 0.012195 3.281250 0.039837 FPGA_VCCINT_MON 0.005226 1.093750 0.005605
10 FPGA_VCCAUX_MON 0.012195 3.281250 0.039837 FPGA_VCCINT_MON 0.005226 1.093750 0.005605
11 FPGA_VCCAUX_MON 0.012195 3.281250 0.039837 FPGA_VCCINT_MON 0.005226 1.093750 0.005605
12 FPGA_VCCAUX_MON 0.012195 3.281250 0.039837 FPGA_VCCINT_MON 0.005226 1.093750 0.005605
13 FPGA_VCCAUX_MON 0.012195 3.281250 0.039837 FPGA_VCCINT_MON 0.005226 1.093750 0.005605
14 FPGA_VCCAUX_MON 0.012195 3.281250 0.039837 FPGA_VCCINT_MON 0.005226 1.093750 0.005605
15 FPGA_VCCAUX_MON 0.012195 3.281250 0.039837 FPGA_VCCINT_MON 0.005226 1.093750 0.005605
16 FPGA_VCCAUX_MON 0.012195 3.281250 0.039837 FPGA_VCCINT_MON 0.005226 1.093750 0.005605
17 FPGA_VCCAUX_MON 0.012195 3.281250 0.039837 FPGA_VCCINT_MON 0.005226 1.093750 0.005605
18 FPGA_VCCAUX_MON 0.012195 3.281250 0.039837 FPGA_VCCINT_MON 0.005226 1.093750 0.005605
19 FPGA_VCCAUX_MON 0.012195 3.281250 0.039837 FPGA_VCCINT_MON 0.005226 1.093750 0.005605
20 FPGA_VCCAUX_MON 0.012195 3.281250 0.039837 FPGA_VCCINT_MON 0.005226 1.093750 0.005605
21 FPGA_VCCAUX_MON 0.012195 3.281250 0.039837 FPGA_VCCINT_MON 0.005226 1.093750 0.005605
22 FPGA_VCCAUX_MON 0.012195 3.281250 0.039837 FPGA_VCCINT_MON 0.005226 1.093750 0.005605
23 FPGA_VCCAUX_MON 0.012195 3.281250 0.039837 FPGA_VCCINT_MON 0.005226 1.093750 0.005605
24 FPGA_VCCAUX_MON 0.012195 3.281250 0.039837 FPGA_VCCINT_MON 0.005226 1.093750 0.005605
25 FPGA_VCCAUX_MON 0.012195 3.281250 0.039837 FPGA_VCCINT_MON 0.005226 1.093750 0.005605
26 FPGA_VCCAUX_MON 0.012195 3.281250 0.039837 FPGA_VCCINT_MON 0.005226 1.093750 0.005605
27 FPGA_VCCAUX_MON 0.012195 3.281250 0.039837 FPGA_VCCINT_MON 0.005226 1.093750 0.005605
28 FPGA_VCCAUX_MON 0.012195 3.281250 0.039837 FPGA_VCCINT_MON 0.005226 1.093750 0.005605
29 FPGA_VCCAUX_MON 0.012195 3.281250 0.039837 FPGA_VCCINT_MON 0.005226 1.093750 0.005605
30 FPGA_VCCAUX_MON 0.012195 3.281250 0.039837 FPGA_VCCINT_MON 0.005226 1.093750 0.005605
31 FPGA_VCCAUX_MON 0.012195 3.281250 0.039837 FPGA_VCCINT_MON 0.005226 1.093750 0.005605
32 FPGA_VCCAUX_MON 0.012195 3.281250 0.039837 FPGA_VCCINT_MON 0.005226 1.093750 0.005605
33 FPGA_VCCAUX_MON 0.012195 3.281250 0.039837 FPGA_VCCINT_MON 0.005226 1.093750 0.005605
34 FPGA_VCCAUX_MON 0.012195 3.281250 0.039837 FPGA_VCCINT_MON 0.005226 1.093750 0.005605
35 FPGA_VCCAUX_MON 0.012195 3.281250 0.039837 FPGA_VCCINT_MON 0.005226 1.093750 0.005605
36 FPGA_VCCAUX_MON 0.012195 3.281250 0.039837 FPGA_VCCINT_MON 0.005226 1.093750 0.005605
37 FPGA_VCCAUX_MON 0.012195 3.281250 0.039837 FPGA_VCCINT_MON 0.005226 1.093750 0.005605
38 FPGA_VCCAUX_MON 0.012195 3.281250 0.039837 FPGA_VCCINT_MON 0.005226 1.093750 0.005605
39 FPGA_VCCAUX_MON 0.012195 3.281250 0.039837 FPGA_VCCINT_MON 0.005226 1.093750 0.005605
40 FPGA_VCCAUX_MON 0.012195 3.281250 0.039837 FPGA_VCCINT_MON 0.005226 1.093750 0.005605
41 FPGA_VCCAUX_MON 0.012195 3.281250 0.039837 FPGA_VCCINT_MON 0.005226 1.093750 0.005605
42 FPGA_VCCAUX_MON 0.012195 3.281250 0.039837 FPGA_VCCINT_MON 0.005226 1.093750 0.005605
43 FPGA_VCCAUX_MON 0.012195 3.281250 0.039837 FPGA_VCCINT_MON 0.005226 1.093750 0.005605
44 FPGA_VCCAUX_MON 0.012195 3.281250 0.039837 FPGA_VCCINT_MON 0.005226 1.093750 0.005605
45 FPGA_VCCAUX_MON 0.012195 3.281250 0.039837 FPGA_VCCINT_MON 0.005226 1.093750 0.005605
46 FPGA_VCCAUX_MON 0.012195 3.281250 0.039837 FPGA_VCCINT_MON 0.005226 1.093750 0.005605
47 FPGA_VCCAUX_MON 0.012195 3.281250 0.039837 FPGA_VCCINT_MON 0.005226 1.093750 0.005605
48 FPGA_VCCAUX_MON 0.012195 3.281250 0.039837 FPGA_VCCINT_MON 0.005226 1.093750 0.005605
49 FPGA_VCCAUX_MON 0.012195 3.281250 0.039837 FPGA_VCCINT_MON 0.005226 1.093750 0.005605
50 FPGA_VCCAUX_MON 0.012195 3.281250 0.039837 FPGA_VCCINT_MON 0.005226 1.093750 0.005605
51 FPGA_VCCAUX_MON 0.012195 3.281250 0.039837 FPGA_VCCINT_MON 0.005226 1.093750 0.005605
52 FPGA_VCCAUX_MON 0.012195 3.281250 0.039837 FPGA_VCCINT_MON 0.005226 1.093750 0.005605
53 FPGA_VCCAUX_MON 0.012195 3.281250 0.039837 FPGA_VCCINT_MON 0.005226 1.093750 0.005605
54 FPGA_VCCAUX_MON 0.012195 3.281250 0.039837 FPGA_VCCINT_MON 0.005226 1.093750 0.005605
55 FPGA_VCCAUX_MON 0.012195 3.281250 0.039837 FPGA_VCCINT_MON 0.005226 1.093750 0.005605
56 FPGA_VCCAUX_MON 0.012195 3.281250 0.039837 FPGA_VCCINT_MON 0.005226 1.093750 0.005605
57 FPGA_VCCAUX_MON 0.012195 3.281250 0.039837 FPGA_VCCINT_MON 0.005226 1.093750 0.005605
58 FPGA_VCCAUX_MON 0.012195 3.281250 0.039837 FPGA_VCCINT_MON 0.005226 1.093750 0.005605
59 FPGA_VCCAUX_MON 0.012195 3.281250 0.039837 FPGA_VCCINT_MON 0.005226 1.093750 0.005605
60 FPGA_VCCAUX_MON 0.012195 3.281250 0.039837 FPGA_VCCINT_MON 0.005226 1.093750 0.005605
61 FPGA_VCCAUX_MON 0.012195 3.281250 0.039837 FPGA_VCCINT_MON 0.005226 1.093750 0.005605
62 FPGA_VCCAUX_MON 0.012195 3.281250 0.039837 FPGA_VCCINT_MON 0.005226 1.093750 0.005605
63 FPGA_VCCAUX_MON 0.012195 3.281250 0.039837 FPGA_VCCINT_MON 0.005226 1.093750 0.005605
64 FPGA_VCCAUX_MON 0.012195 3.281250 0.039837 FPGA_VCCINT_MON 0.005226 1.093750 0.005605
65 FPGA_VCCAUX_MON 0.012195 3.281250 0.039837 FPGA_VCCINT_MON 0.005226 1.093750 0.005605
66 FPGA_VCCAUX_MON 0.012195 3.281250 0.039837 FPGA_VCCINT_MON 0.005226 1.093750 0.005605
67 FPGA_VCCAUX_MON 0.012195 3.281250 0.039837 FPGA_VCCINT_MON 0.005226 1.093750 0.005605
68 FPGA_VCCAUX_MON 0.012195 3.281250 0.039837 FPGA_VCCINT_MON 0.005226 1.093750 0.005605
69 FPGA_VCCAUX_MON 0.012195 3.281250 0.039837 FPGA_VCCINT_MON 0.005226 1.093750 0.005605
70 FPGA_VCCAUX_MON 0.012195 3.281250 0.039837 FPGA_VCCINT_MON 0.005226 1.093750 0.005605
71 FPGA_VCCAUX_MON 0.012195 3.281250 0.039837 FPGA_VCCINT_MON 0.005226 1.093750 0.005605
72 FPGA_VCCAUX_MON 0.012195 3.281250 0.039837 FPGA_VCCINT_MON 0.005226 1.093750 0.005605
73 FPGA_VCCAUX_MON 0.012195 3.281250 0.039837 FPGA_VCCINT_MON 0.005226 1.093750 0.005605
74 FPGA_VCCAUX_MON 0.012195 3.281250 0.039837 FPGA_VCCINT_MON 0.005226 1.093750 0.005605
75 FPGA_VCCAUX_MON 0.012195 3.281250 0.039837 FPGA_VCCINT_MON 0.005226 1.093750 0.005605
76 FPGA_VCCAUX_MON 0.012195 3.281250 0.039837 FPGA_VCCINT_MON 0.005226 1.093750 0.005605
77 FPGA_VCCAUX_MON 0.012195 3.281250 0.039837 FPGA_VCCINT_MON 0.005226 1.093750 0.005605
78 FPGA_VCCAUX_MON 0.012195 3.281250 0.039837 FPGA_VCCINT_MON 0.005226 1.093750 0.005605
79 FPGA_VCCAUX_MON 0.012195 3.281250 0.039837 FPGA_VCCINT_MON 0.005226 1.093750 0.005605
80 FPGA_VCCAUX_MON 0.012195 3.281250 0.039837 FPGA_VCCINT_MON 0.005226 1.093750 0.005605
81 FPGA_VCCAUX_MON 0.012195 3.281250 0.039837 FPGA_VCCINT_MON 0.005226 1.093750 0.005605
82 FPGA_VCCAUX_MON 0.012195 3.281250 0.039837 FPGA_VCCINT_MON 0.005226 1.093750 0.005605
83 FPGA_VCCAUX_MON 0.012195 3.281250 0.039837 FPGA_VCCINT_MON 0.005226 1.093750 0.005605
84 FPGA_VCCAUX_MON 0.012195 3.281250 0.039837 FPGA_VCCINT_MON 0.005226 1.093750 0.005605
85 FPGA_VCCAUX_MON 0.012195 3.281250 0.039837 FPGA_VCCINT_MON 0.005226 1.093750 0.005605
86 FPGA_VCCAUX_MON 0.012195 3.281250 0.039837 FPGA_VCCINT_MON 0.005226 1.093750 0.005605
87 FPGA_VCCAUX_MON 0.012195 3.281250 0.039837 FPGA_VCCINT_MON 0.005226 1.093750 0.005605
88 FPGA_VCCAUX_MON 0.012195 3.281250 0.039837 FPGA_VCCINT_MON 0.005226 1.093750 0.005605
89 FPGA_VCCAUX_MON 0.012195 3.281250 0.039837 FPGA_VCCINT_MON 0.005226 1.093750 0.005605
90 FPGA_VCCAUX_MON 0.012195 3.281250 0.039837 FPGA_VCCINT_MON 0.005226 1.093750 0.005605
91 FPGA_VCCAUX_MON 0.012195 3.281250 0.039837 FPGA_VCCINT_MON 0.005226 1.093750 0.005605
92 FPGA_VCCAUX_MON 0.012195 3.281250 0.039837 FPGA_VCCINT_MON 0.005226 1.093750 0.005605
93 FPGA_VCCAUX_MON 0.012195 3.281250 0.039837 FPGA_VCCINT_MON 0.005226 1.093750 0.005605
94 FPGA_VCCAUX_MON 0.012195 3.281250 0.039837 FPGA_VCCINT_MON 0.005226 1.093750 0.005605
95 FPGA_VCCAUX_MON 0.012195 3.281250 0.039837 FPGA_VCCINT_MON 0.005226 1.093750 0.005605
96 FPGA_VCCAUX_MON 0.012195 3.281250 0.039837 FPGA_VCCINT_MON 0.005226 1.093750 0.005605
97 FPGA_VCCAUX_MON 0.012195 3.281250 0.039837 FPGA_VCCINT_MON 0.005226 1.093750 0.005605
98 FPGA_VCCAUX_MON 0.012195 3.281250 0.039837 FPGA_VCCINT_MON 0.005226 1.093750 0.005605
99 FPGA_VCCAUX_MON 0.012195 3.281250 0.039837 FPGA_VCCINT_MON 0.005226 1.093750 0.005605
100 FPGA_VCCAUX_MON 0.012195 3.281250 0.039837 FPGA_VCCINT_MON 0.005226 1.093750 0.005605
101 FPGA_VCCAUX_MON 0.012195 3.281250 0.039837 FPGA_VCCINT_MON 0.005226 1.093750 0.005605
102 FPGA_VCCAUX_MON 0.012195 3.281250 0.039837 FPGA_VCCINT_MON 0.005226 1.093750 0.005605
103 FPGA_VCCAUX_MON 0.012195 3.281250 0.039837 FPGA_VCCINT_MON 0.005226 1.093750 0.005605
104 FPGA_VCCAUX_MON 0.012195 3.281250 0.039837 FPGA_VCCINT_MON 0.005226 1.093750 0.005605
105 FPGA_VCCAUX_MON 0.012195 3.281250 0.039837 FPGA_VCCINT_MON 0.005226 1.093750 0.005605
106 FPGA_VCCAUX_MON 0.012195 3.281250 0.039837 FPGA_VCCINT_MON 0.005226 1.093750 0.005605
107 FPGA_VCCAUX_MON 0.012195 3.281250 0.039837 FPGA_VCCINT_MON 0.005226 1.093750 0.005605
108 FPGA_VCCAUX_MON 0.012195 3.281250 0.039837 FPGA_VCCINT_MON 0.005226 1.093750 0.005605
109 FPGA_VCCAUX_MON 0.012195 3.281250 0.039837 FPGA_VCCINT_MON 0.005226 1.093750 0.005605
110 FPGA_VCCAUX_MON 0.012195 3.281250 0.039837 FPGA_VCCINT_MON 0.005226 1.093750 0.005605
111 FPGA_VCCAUX_MON 0.012195 3.281250 0.039837 FPGA_VCCINT_MON 0.005226 1.093750 0.005605
112 FPGA_VCCAUX_MON 0.012195 3.281250 0.039837 FPGA_VCCINT_MON 0.005226 1.093750 0.005605
113 FPGA_VCCAUX_MON 0.012195 3.281250 0.039837 FPGA_VCCINT_MON 0.005226 1.093750 0.005605
114 FPGA_VCCAUX_MON 0.012195 3.281250 0.039837 FPGA_VCCINT_MON 0.005226 1.093750 0.005605
115 FPGA_VCCAUX_MON 0.012195 3.281250 0.039837 FPGA_VCCINT_MON 0.005226 1.093750 0.005605
116 FPGA_VCCAUX_MON 0.012195 3.281250 0.039837 FPGA_VCCINT_MON 0.005226 1.093750 0.005605
117 FPGA_VCCAUX_MON 0.012195 3.281250 0.039837 FPGA_VCCINT_MON 0.005226 1.093750 0.005605
118 FPGA_VCCAUX_MON 0.012195 3.281250 0.039837 FPGA_VCCINT_MON 0.005226 1.093750 0.005605
119 FPGA_VCCAUX_MON 0.012195 3.281250 0.039837 FPGA_VCCINT_MON 0.005226 1.093750 0.005605
120 FPGA_VCCAUX_MON 0.012195 3.281250 0.039837 FPGA_VCCINT_MON 0.005226 1.093750 0.005605
121 FPGA_VCCAUX_MON 0.012195 3.281250 0.039837 FPGA_VCCINT_MON 0.005226 1.093750 0.005605
122 FPGA_VCCAUX_MON 0.012195 3.281250 0.039837 FPGA_VCCINT_MON 0.005226 1.093750 0.005605
123 FPGA_VCCAUX_MON 0.012195 3.281250 0.039837 FPGA_VCCINT_MON 0.005226 1.093750 0.005605
124 FPGA_VCCAUX_MON 0.012195 3.281250 0.039837 FPGA_VCCINT_MON 0.005226 1.093750 0.005605
125 FPGA_VCCAUX_MON 0.012195 3.281250 0.039837 FPGA_VCCINT_MON 0.005226 1.093750 0.005605
126 FPGA_VCCAUX_MON 0.012195 3.281250 0.039837 FPGA_VCCINT_MON 0.005226 1.093750 0.005605
127 FPGA_VCCAUX_MON 0.012195 3.281250 0.039837 FPGA_VCCINT_MON 0.005226 1.093750 0.005605
128 FPGA_VCCAUX_MON 0.012195 3.281250 0.039837 FPGA_VCCINT_MON 0.005226 1.093750 0.005605
129 FPGA_VCCAUX_MON 0.012195 3.281250 0.039837 FPGA_VCCINT_MON 0.005226 1.093750 0.005605
130 FPGA_VCCAUX_MON 0.012195 3.281250 0.039837 FPGA_VCCINT_MON 0.005226 1.093750 0.005605
131 FPGA_VCCAUX_MON 0.012195 3.281250 0.039837 FPGA_VCCINT_MON 0.005226 1.093750 0.005605
132 FPGA_VCCAUX_MON 0.012195 3.281250 0.039837 FPGA_VCCINT_MON 0.005226 1.093750 0.005605
133 FPGA_VCCAUX_MON 0.012195 3.281250 0.039837 FPGA_VCCINT_MON 0.005226 1.093750 0.005605
134 FPGA_VCCAUX_MON 0.012195 3.281250 0.039837 FPGA_VCCINT_MON 0.005226 1.093750 0.005605
135 FPGA_VCCAUX_MON 0.012195 3.281250 0.039837 FPGA_VCCINT_MON 0.005226 1.093750 0.005605
136 FPGA_VCCAUX_MON 0.012195 3.281250 0.039837 FPGA_VCCINT_MON 0.005226 1.093750 0.005605
137 FPGA_VCCAUX_MON 0.012195 3.281250 0.039837 FPGA_VCCINT_MON 0.005226 1.093750 0.005605
138 FPGA_VCCAUX_MON 0.012195 3.281250 0.039837 FPGA_VCCINT_MON 0.005226 1.093750 0.005605
139 FPGA_VCCAUX_MON 0.012195 3.281250 0.039837 FPGA_VCCINT_MON 0.005226 1.093750 0.005605
140 FPGA_VCCAUX_MON 0.012195 3.281250 0.039837 FPGA_VCCINT_MON 0.005226 1.093750 0.005605
141 FPGA_VCCAUX_MON 0.012195 3.281250 0.039837 FPGA_VCCINT_MON 0.005226 1.093750 0.005605
142 FPGA_VCCAUX_MON 0.012195 3.281250 0.039837 FPGA_VCCINT_MON 0.005226 1.093750 0.005605
143 FPGA_VCCAUX_MON 0.012195 3.281250 0.039837 FPGA_VCCINT_MON 0.005226 1.093750 0.005605
144 FPGA_VCCAUX_MON 0.012195 3.281250 0.039837 FPGA_VCCINT_MON 0.005226 1.093750 0.005605
145 FPGA_VCCAUX_MON 0.012195 3.281250 0.039837 FPGA_VCCINT_MON 0.005226 1.093750 0.005605
146 FPGA_VCCAUX_MON 0.012195 3.281250 0.039837 FPGA_VCCINT_MON 0.005226 1.093750 0.005605
147 FPGA_VCCAUX_MON 0.012195 3.281250 0.039837 FPGA_VCCINT_MON 0.005226 1.093750 0.005605
148 FPGA_VCCAUX_MON 0.012195 3.281250 0.039837 FPGA_VCCINT_MON 0.005226 1.093750 0.005605
149 FPGA_VCCAUX_MON 0.012195 3.281250 0.039837 FPGA_VCCINT_MON 0.005226 1.093750 0.005605
150 FPGA_VCCAUX_MON 0.012195 3.281250 0.039837 FPGA_VCCINT_MON 0.005226 1.093750 0.005605
151 FPGA_VCCAUX_MON 0.012195 3.281250 0.039837 FPGA_VCCINT_MON 0.005226 1.093750 0.005605
152 FPGA_VCCAUX_MON 0.012195 3.281250 0.039837 FPGA_VCCINT_MON 0.005226 1.093750 0.005605
153 FPGA_VCCAUX_MON 0.012195 3.281250 0.039837 FPGA_VCCINT_MON 0.006969 1.093750 0.007474
154 FPGA_VCCAUX_MON 0.012195 3.281250 0.039837 FPGA_VCCINT_MON 0.006581 1.093750 0.007058
155 FPGA_VCCAUX_MON 0.012195 3.281250 0.039837 FPGA_VCCINT_MON 0.006581 1.093750 0.007058
156 FPGA_VCCAUX_MON 0.012195 3.281250 0.039837 FPGA_VCCINT_MON 0.006969 1.093750 0.007474
157 FPGA_VCCAUX_MON 0.012195 3.281250 0.039837 FPGA_VCCINT_MON 0.006581 1.093750 0.007058
158 FPGA_VCCAUX_MON 0.012195 3.281250 0.039837 FPGA_VCCINT_MON 0.006581 1.093750 0.007058
159 FPGA_VCCAUX_MON 0.012195 3.281250 0.039837 FPGA_VCCINT_MON 0.006581 1.093750 0.007058
160 FPGA_VCCAUX_MON 0.012195 3.281250 0.039837 FPGA_VCCINT_MON 0.006581 1.093750 0.007058
161 FPGA_VCCAUX_MON 0.012195 3.281250 0.039837 FPGA_VCCINT_MON 0.006581 1.093750 0.007058
162 FPGA_VCCAUX_MON 0.012195 3.281250 0.039837 FPGA_VCCINT_MON 0.006581 1.093750 0.007058
163 FPGA_VCCAUX_MON 0.012195 3.281250 0.039837 FPGA_VCCINT_MON 0.006581 1.093750 0.007058
164 FPGA_VCCAUX_MON 0.012195 3.281250 0.039837 FPGA_VCCINT_MON 0.006581 1.093750 0.007058
165 FPGA_VCCAUX_MON 0.012195 3.281250 0.039837 FPGA_VCCINT_MON 0.006581 1.093750 0.007058
166 FPGA_VCCAUX_MON 0.012195 3.281250 0.039837 FPGA_VCCINT_MON 0.006581 1.093750 0.007058
167 FPGA_VCCAUX_MON 0.012195 3.281250 0.039837 FPGA_VCCINT_MON 0.006581 1.093750 0.007058
168 FPGA_VCCAUX_MON 0.012195 3.281250 0.039837 FPGA_VCCINT_MON 0.006581 1.093750 0.007058
169 FPGA_VCCAUX_MON 0.012195 3.281250 0.039837 FPGA_VCCINT_MON 0.005614 1.093750 0.006020
170 FPGA_VCCAUX_MON 0.012195 3.281250 0.039837 FPGA_VCCINT_MON 0.006001 1.093750 0.006436
171 FPGA_VCCAUX_MON 0.012195 3.281250 0.039837 FPGA_VCCINT_MON 0.006194 1.093750 0.006643
172 FPGA_VCCAUX_MON 0.012195 3.281250 0.039837 FPGA_VCCINT_MON 0.006194 1.093750 0.006643
173 FPGA_VCCAUX_MON 0.012195 3.281250 0.039837 FPGA_VCCINT_MON 0.006194 1.093750 0.006643
174 FPGA_VCCAUX_MON 0.012195 3.281250 0.039837 FPGA_VCCINT_MON 0.006194 1.093750 0.006643
175 FPGA_VCCAUX_MON 0.012195 3.281250 0.039837 FPGA_VCCINT_MON 0.006194 1.093750 0.006643
176 FPGA_VCCAUX_MON 0.012195 3.281250 0.039837 FPGA_VCCINT_MON 0.006194 1.093750 0.006643
177 FPGA_VCCAUX_MON 0.012195 3.281250 0.039837 FPGA_VCCINT_MON 0.006194 1.093750 0.006643
178 FPGA_VCCAUX_MON 0.012195 3.281250 0.039837 FPGA_VCCINT_MON 0.006194 1.093750 0.006643
179 FPGA_VCCAUX_MON 0.012195 3.281250 0.039837 FPGA_VCCINT_MON 0.006194 1.093750 0.006643
180 FPGA_VCCAUX_MON 0.012195 3.281250 0.039837 FPGA_VCCINT_MON 0.006194 1.093750 0.006643
181 FPGA_VCCAUX_MON 0.012195 3.281250 0.039837 FPGA_VCCINT_MON 0.006194 1.093750 0.006643
182 FPGA_VCCAUX_MON 0.012195 3.281250 0.039837 FPGA_VCCINT_MON 0.006194 1.093750 0.006643
183 FPGA_VCCAUX_MON 0.012195 3.281250 0.039837 FPGA_VCCINT_MON 0.006194 1.093750 0.006643
184 FPGA_VCCAUX_MON 0.012195 3.281250 0.039837 FPGA_VCCINT_MON 0.006194 1.093750 0.006643
185 FPGA_VCCAUX_MON 0.012195 3.281250 0.039837 FPGA_VCCINT_MON 0.006194 1.093750 0.006643
186 FPGA_VCCAUX_MON 0.012195 3.281250 0.039837 FPGA_VCCINT_MON 0.006194 1.093750 0.006643
187 FPGA_VCCAUX_MON 0.012195 3.281250 0.039837 FPGA_VCCINT_MON 0.006194 1.093750 0.006643
188 FPGA_VCCAUX_MON 0.012195 3.281250 0.039837 FPGA_VCCINT_MON 0.006194 1.093750 0.006643
189 FPGA_VCCAUX_MON 0.012195 3.281250 0.039837 FPGA_VCCINT_MON 0.006194 1.093750 0.006643
190 FPGA_VCCAUX_MON 0.012195 3.281250 0.039837 FPGA_VCCINT_MON 0.006194 1.093750 0.006643
191 FPGA_VCCAUX_MON 0.012195 3.281250 0.039837 FPGA_VCCINT_MON 0.006194 1.093750 0.006643
192 FPGA_VCCAUX_MON 0.012195 3.281250 0.039837 FPGA_VCCINT_MON 0.006194 1.093750 0.006643
193 FPGA_VCCAUX_MON 0.012195 3.281250 0.039837 FPGA_VCCINT_MON 0.006194 1.093750 0.006643
194 FPGA_VCCAUX_MON 0.012195 3.281250 0.039837 FPGA_VCCINT_MON 0.006194 1.093750 0.006643
195 FPGA_VCCAUX_MON 0.012195 3.281250 0.039837 FPGA_VCCINT_MON 0.006194 1.093750 0.006643
196 FPGA_VCCAUX_MON 0.012195 3.281250 0.039837 FPGA_VCCINT_MON 0.006194 1.093750 0.006643
197 FPGA_VCCAUX_MON 0.012195 3.281250 0.039837 FPGA_VCCINT_MON 0.006194 1.093750 0.006643
198 FPGA_VCCAUX_MON 0.012195 3.281250 0.039837 FPGA_VCCINT_MON 0.006194 1.093750 0.006643
199 FPGA_VCCAUX_MON 0.012195 3.281250 0.039837 FPGA_VCCINT_MON 0.006194 1.093750 0.006643
200 FPGA_VCCAUX_MON 0.012195 3.281250 0.039837 FPGA_VCCINT_MON 0.006194 1.093750 0.006643
201 FPGA_VCCAUX_MON 0.012195 3.281250 0.039837 FPGA_VCCINT_MON 0.006194 1.093750 0.006643
202 FPGA_VCCAUX_MON 0.012195 3.281250 0.039837 FPGA_VCCINT_MON 0.006194 1.093750 0.006643
203 FPGA_VCCAUX_MON 0.012195 3.281250 0.039837 FPGA_VCCINT_MON 0.006194 1.093750 0.006643
204 FPGA_VCCAUX_MON 0.012195 3.281250 0.039837 FPGA_VCCINT_MON 0.006194 1.093750 0.006643
205 FPGA_VCCAUX_MON 0.012195 3.281250 0.039837 FPGA_VCCINT_MON 0.006194 1.093750 0.006643
206 FPGA_VCCAUX_MON 0.012195 3.281250 0.039837 FPGA_VCCINT_MON 0.006194 1.093750 0.006643
207 FPGA_VCCAUX_MON 0.012195 3.281250 0.039837 FPGA_VCCINT_MON 0.006194 1.093750 0.006643
208 FPGA_VCCAUX_MON 0.012195 3.281250 0.039837 FPGA_VCCINT_MON 0.006194 1.093750 0.006643
209 FPGA_VCCAUX_MON 0.012195 3.281250 0.039837 FPGA_VCCINT_MON 0.006194 1.093750 0.006643
210 FPGA_VCCAUX_MON 0.012195 3.281250 0.039837 FPGA_VCCINT_MON 0.006194 1.093750 0.006643
211 FPGA_VCCAUX_MON 0.012195 3.281250 0.039837 FPGA_VCCINT_MON 0.006194 1.093750 0.006643
212 FPGA_VCCAUX_MON 0.012195 3.281250 0.039837 FPGA_VCCINT_MON 0.006194 1.093750 0.006643
213 FPGA_VCCAUX_MON 0.012195 3.281250 0.039837 FPGA_VCCINT_MON 0.006194 1.093750 0.006643
214 FPGA_VCCAUX_MON 0.012195 3.281250 0.039837 FPGA_VCCINT_MON 0.006194 1.093750 0.006643
215 FPGA_VCCAUX_MON 0.012195 3.281250 0.039837 FPGA_VCCINT_MON 0.006194 1.093750 0.006643
216 FPGA_VCCAUX_MON 0.012195 3.281250 0.039837 FPGA_VCCINT_MON 0.006194 1.093750 0.006643
217 FPGA_VCCAUX_MON 0.012195 3.281250 0.039837 FPGA_VCCINT_MON 0.006194 1.093750 0.006643
218 FPGA_VCCAUX_MON 0.012195 3.281250 0.039837 FPGA_VCCINT_MON 0.006194 1.093750 0.006643
219 FPGA_VCCAUX_MON 0.012195 3.281250 0.039837 FPGA_VCCINT_MON 0.006194 1.093750 0.006643
220 FPGA_VCCAUX_MON 0.012195 3.281250 0.039837 FPGA_VCCINT_MON 0.006194 1.093750 0.006643
221 FPGA_VCCAUX_MON 0.012195 3.281250 0.039837 FPGA_VCCINT_MON 0.006194 1.093750 0.006643
222 FPGA_VCCAUX_MON 0.012195 3.281250 0.039837 FPGA_VCCINT_MON 0.006194 1.093750 0.006643
223 FPGA_VCCAUX_MON 0.012195 3.281250 0.039837 FPGA_VCCINT_MON 0.006194 1.093750 0.006643
224 FPGA_VCCAUX_MON 0.012195 3.281250 0.039837 FPGA_VCCINT_MON 0.006194 1.093750 0.006643
225 FPGA_VCCAUX_MON 0.012195 3.281250 0.039837 FPGA_VCCINT_MON 0.006194 1.093750 0.006643
226 FPGA_VCCAUX_MON 0.012195 3.281250 0.039837 FPGA_VCCINT_MON 0.006194 1.093750 0.006643
227 FPGA_VCCAUX_MON 0.012195 3.281250 0.039837 FPGA_VCCINT_MON 0.006194 1.093750 0.006643
228 FPGA_VCCAUX_MON 0.012195 3.281250 0.039837 FPGA_VCCINT_MON 0.006194 1.093750 0.006643
229 FPGA_VCCAUX_MON 0.012195 3.281250 0.039837 FPGA_VCCINT_MON 0.006194 1.093750 0.006643
230 FPGA_VCCAUX_MON 0.012195 3.281250 0.039837 FPGA_VCCINT_MON 0.006194 1.093750 0.006643
231 FPGA_VCCAUX_MON 0.012195 3.281250 0.039837 FPGA_VCCINT_MON 0.006194 1.093750 0.006643
232 FPGA_VCCAUX_MON 0.012195 3.281250 0.039837 FPGA_VCCINT_MON 0.006194 1.093750 0.006643
233 FPGA_VCCAUX_MON 0.012195 3.281250 0.039837 FPGA_VCCINT_MON 0.006194 1.093750 0.006643
234 FPGA_VCCAUX_MON 0.012195 3.281250 0.039837 FPGA_VCCINT_MON 0.006194 1.093750 0.006643
235 FPGA_VCCAUX_MON 0.012195 3.281250 0.039837 FPGA_VCCINT_MON 0.006194 1.093750 0.006643
236 FPGA_VCCAUX_MON 0.012195 3.281250 0.039837 FPGA_VCCINT_MON 0.006194 1.093750 0.006643
237 FPGA_VCCAUX_MON 0.012195 3.281250 0.039837 FPGA_VCCINT_MON 0.006194 1.093750 0.006643
238 FPGA_VCCAUX_MON 0.012195 3.281250 0.039837 FPGA_VCCINT_MON 0.006194 1.093750 0.006643
239 FPGA_VCCAUX_MON 0.012195 3.281250 0.039837 FPGA_VCCINT_MON 0.006194 1.093750 0.006643
240 FPGA_VCCAUX_MON 0.012195 3.281250 0.039837 FPGA_VCCINT_MON 0.006194 1.093750 0.006643
241 FPGA_VCCAUX_MON 0.012195 3.281250 0.039837 FPGA_VCCINT_MON 0.006194 1.093750 0.006643
242 FPGA_VCCAUX_MON 0.012195 3.281250 0.039837 FPGA_VCCINT_MON 0.006194 1.093750 0.006643
243 FPGA_VCCAUX_MON 0.012195 3.281250 0.039837 FPGA_VCCINT_MON 0.006194 1.093750 0.006643
244 FPGA_VCCAUX_MON 0.012195 3.281250 0.039837 FPGA_VCCINT_MON 0.006194 1.093750 0.006643
245 FPGA_VCCAUX_MON 0.012195 3.281250 0.039837 FPGA_VCCINT_MON 0.006194 1.093750 0.006643
246 FPGA_VCCAUX_MON 0.012195 3.281250 0.039837 FPGA_VCCINT_MON 0.006194 1.093750 0.006643
247 FPGA_VCCAUX_MON 0.012195 3.281250 0.039837 FPGA_VCCINT_MON 0.006194 1.093750 0.006643
248 FPGA_VCCAUX_MON 0.012195 3.281250 0.039837 FPGA_VCCINT_MON 0.006194 1.093750 0.006643
249 FPGA_VCCAUX_MON 0.012195 3.281250 0.039837 FPGA_VCCINT_MON 0.006194 1.093750 0.006643
250 FPGA_VCCAUX_MON 0.012195 3.281250 0.039837 FPGA_VCCINT_MON 0.006194 1.093750 0.006643
251 FPGA_VCCAUX_MON 0.012195 3.281250 0.039837 FPGA_VCCINT_MON 0.006194 1.093750 0.006643
252 FPGA_VCCAUX_MON 0.012195 3.281250 0.039837 FPGA_VCCINT_MON 0.006194 1.093750 0.006643
253 FPGA_VCCAUX_MON 0.012195 3.281250 0.039837 FPGA_VCCINT_MON 0.006194 1.093750 0.006643
254 FPGA_VCCAUX_MON 0.012195 3.281250 0.039837 FPGA_VCCINT_MON 0.006001 1.093750 0.006436
255 FPGA_VCCAUX_MON 0.012195 3.281250 0.039837 FPGA_VCCINT_MON 0.006194 1.093750 0.006643
256 FPGA_VCCAUX_MON 0.012195 3.281250 0.039837 FPGA_VCCINT_MON 0.006194 1.093750 0.006643
257 FPGA_VCCAUX_MON 0.012195 3.281250 0.039837 FPGA_VCCINT_MON 0.006194 1.093750 0.006643
258 FPGA_VCCAUX_MON 0.012195 3.281250 0.039837 FPGA_VCCINT_MON 0.006194 1.093750 0.006643
259 FPGA_VCCAUX_MON 0.012195 3.281250 0.039837 FPGA_VCCINT_MON 0.006194 1.093750 0.006643
260 FPGA_VCCAUX_MON 0.012195 3.281250 0.039837 FPGA_VCCINT_MON 0.006194 1.093750 0.006643
261 FPGA_VCCAUX_MON 0.012195 3.281250 0.039837 FPGA_VCCINT_MON 0.006194 1.093750 0.006643
262 FPGA_VCCAUX_MON 0.012195 3.281250 0.039837 FPGA_VCCINT_MON 0.006194 1.093750 0.006643
263 FPGA_VCCAUX_MON 0.012195 3.281250 0.039837 FPGA_VCCINT_MON 0.006194 1.093750 0.006643
264 FPGA_VCCAUX_MON 0.012195 3.281250 0.039837 FPGA_VCCINT_MON 0.006001 1.093750 0.006436
265 FPGA_VCCAUX_MON 0.012195 3.281250 0.039837 FPGA_VCCINT_MON 0.006194 1.093750 0.006643
266 FPGA_VCCAUX_MON 0.012195 3.281250 0.039837 FPGA_VCCINT_MON 0.006194 1.093750 0.006643
267 FPGA_VCCAUX_MON 0.012195 3.281250 0.039837 FPGA_VCCINT_MON 0.006194 1.093750 0.006643
268 FPGA_VCCAUX_MON 0.012195 3.281250 0.039837 FPGA_VCCINT_MON 0.006194 1.093750 0.006643
269 FPGA_VCCAUX_MON 0.012195 3.281250 0.039837 FPGA_VCCINT_MON 0.006194 1.093750 0.006643
270 FPGA_VCCAUX_MON 0.012195 3.281250 0.039837 FPGA_VCCINT_MON 0.006194 1.093750 0.006643
271 FPGA_VCCAUX_MON 0.012195 3.281250 0.039837 FPGA_VCCINT_MON 0.006194 1.093750 0.006643
272 FPGA_VCCAUX_MON 0.012195 3.281250 0.039837 FPGA_VCCINT_MON 0.006194 1.093750 0.006643
273 FPGA_VCCAUX_MON 0.012195 3.281250 0.039837 FPGA_VCCINT_MON 0.006194 1.093750 0.006643
274 FPGA_VCCAUX_MON 0.012195 3.281250 0.039837 FPGA_VCCINT_MON 0.006194 1.093750 0.006643
275 FPGA_VCCAUX_MON 0.012195 3.281250 0.039837 FPGA_VCCINT_MON 0.006194 1.093750 0.006643
276 FPGA_VCCAUX_MON 0.012195 3.281250 0.039837 FPGA_VCCINT_MON 0.006194 1.093750 0.006643
277 FPGA_VCCAUX_MON 0.012195 3.281250 0.039837 FPGA_VCCINT_MON 0.006194 1.093750 0.006643
278 FPGA_VCCAUX_MON 0.012195 3.281250 0.039837 FPGA_VCCINT_MON 0.006001 1.093750 0.006436
279 FPGA_VCCAUX_MON 0.012195 3.281250 0.039837 FPGA_VCCINT_MON 0.006194 1.093750 0.006643
280 FPGA_VCCAUX_MON 0.012195 3.281250 0.039837 FPGA_VCCINT_MON 0.006194 1.093750 0.006643
281 FPGA_VCCAUX_MON 0.012195 3.281250 0.039837 FPGA_VCCINT_MON 0.006194 1.093750 0.006643
282 FPGA_VCCAUX_MON 0.012195 3.281250 0.039837 FPGA_VCCINT_MON 0.006194 1.093750 0.006643
283 FPGA_VCCAUX_MON 0.012195 3.281250 0.039837 FPGA_VCCINT_MON 0.006194 1.093750 0.006643
284 FPGA_VCCAUX_MON 0.012195 3.281250 0.039837 FPGA_VCCINT_MON 0.006194 1.093750 0.006643
285 FPGA_VCCAUX_MON 0.012195 3.281250 0.039837 FPGA_VCCINT_MON 0.006194 1.093750 0.006643
286 FPGA_VCCAUX_MON 0.012195 3.281250 0.039837 FPGA_VCCINT_MON 0.006194 1.093750 0.006643
287 FPGA_VCCAUX_MON 0.012195 3.281250 0.039837 FPGA_VCCINT_MON 0.006001 1.093750 0.006436
288 FPGA_VCCAUX_MON 0.012195 3.281250 0.039837 FPGA_VCCINT_MON 0.006194 1.093750 0.006643
289 FPGA_VCCAUX_MON 0.012195 3.281250 0.039837 FPGA_VCCINT_MON 0.006194 1.093750 0.006643
290 FPGA_VCCAUX_MON 0.012195 3.281250 0.039837 FPGA_VCCINT_MON 0.006194 1.093750 0.006643
291 FPGA_VCCAUX_MON 0.012195 3.281250 0.039837 FPGA_VCCINT_MON 0.006194 1.093750 0.006643
292 FPGA_VCCAUX_MON 0.012195 3.281250 0.039837 FPGA_VCCINT_MON 0.006194 1.093750 0.006643
293 FPGA_VCCAUX_MON 0.012195 3.281250 0.039837 FPGA_VCCINT_MON 0.006194 1.093750 0.006643
294 FPGA_VCCAUX_MON 0.012195 3.281250 0.039837 FPGA_VCCINT_MON 0.006001 1.093750 0.006436
295 FPGA_VCCAUX_MON 0.012195 3.281250 0.039837 FPGA_VCCINT_MON 0.006194 1.093750 0.006643
296 FPGA_VCCAUX_MON 0.012195 3.281250 0.039837 FPGA_VCCINT_MON 0.006194 1.093750 0.006643
297 FPGA_VCCAUX_MON 0.012195 3.281250 0.039837 FPGA_VCCINT_MON 0.006194 1.093750 0.006643
298 FPGA_VCCAUX_MON 0.012195 3.281250 0.039837 FPGA_VCCINT_MON 0.006001 1.093750 0.006436
299 FPGA_VCCAUX_MON 0.012195 3.281250 0.039837 FPGA_VCCINT_MON 0.006194 1.093750 0.006643
300 FPGA_VCCAUX_MON 0.012195 3.281250 0.039837 FPGA_VCCINT_MON 0.006194 1.093750 0.006643
301 FPGA_VCCAUX_MON 0.012195 3.281250 0.039837 FPGA_VCCINT_MON 0.006194 1.093750 0.006643
302 FPGA_VCCAUX_MON 0.012195 3.281250 0.039837 FPGA_VCCINT_MON 0.006001 1.093750 0.006436
303 FPGA_VCCAUX_MON 0.012195 3.281250 0.039837 FPGA_VCCINT_MON 0.006001 1.093750 0.006436
304 FPGA_VCCAUX_MON 0.012195 3.281250 0.039837 FPGA_VCCINT_MON 0.006001 1.093750 0.006436
305 FPGA_VCCAUX_MON 0.012195 3.281250 0.039837 FPGA_VCCINT_MON 0.006001 1.093750 0.006436
306 FPGA_VCCAUX_MON 0.012195 3.281250 0.039837 FPGA_VCCINT_MON 0.006001 1.093750 0.006436
307 FPGA_VCCAUX_MON 0.012195 3.281250 0.039837 FPGA_VCCINT_MON 0.006194 1.093750 0.006643
308 FPGA_VCCAUX_MON 0.012195 3.281250 0.039837 FPGA_VCCINT_MON 0.006001 1.093750 0.006436
309 FPGA_VCCAUX_MON 0.012195 3.281250 0.039837 FPGA_VCCINT_MON 0.006001 1.093750 0.006436
310 FPGA_VCCAUX_MON 0.012195 3.281250 0.039837 FPGA_VCCINT_MON 0.006194 1.093750 0.006643
311 FPGA_VCCAUX_MON 0.012195 3.281250 0.039837 FPGA_VCCINT_MON 0.006194 1.093750 0.006643
312 FPGA_VCCAUX_MON 0.012195 3.281250 0.039837 FPGA_VCCINT_MON 0.006001 1.093750 0.006436
313 FPGA_VCCAUX_MON 0.012195 3.281250 0.039837 FPGA_VCCINT_MON 0.006194 1.093750 0.006643
314 FPGA_VCCAUX_MON 0.012195 3.281250 0.039837 FPGA_VCCINT_MON 0.006194 1.093750 0.006643
315 FPGA_VCCAUX_MON 0.012195 3.281250 0.039837 FPGA_VCCINT_MON 0.006001 1.093750 0.006436
316 FPGA_VCCAUX_MON 0.012195 3.281250 0.039837 FPGA_VCCINT_MON 0.006001 1.093750 0.006436
317 FPGA_VCCAUX_MON 0.012195 3.281250 0.039837 FPGA_VCCINT_MON 0.006194 1.093750 0.006643
318 FPGA_VCCAUX_MON 0.012195 3.281250 0.039837 FPGA_VCCINT_MON 0.006001 1.093750 0.006436
319 FPGA_VCCAUX_MON 0.012195 3.281250 0.039837 FPGA_VCCINT_MON 0.006194 1.093750 0.006643
320 FPGA_VCCAUX_MON 0.012195 3.281250 0.039837 FPGA_VCCINT_MON 0.006001 1.093750 0.006436
321 FPGA_VCCAUX_MON 0.012195 3.281250 0.039837 FPGA_VCCINT_MON 0.006001 1.093750 0.006436
322 FPGA_VCCAUX_MON 0.012195 3.281250 0.039837 FPGA_VCCINT_MON 0.006001 1.093750 0.006436
323 FPGA_VCCAUX_MON 0.012195 3.281250 0.039837 FPGA_VCCINT_MON 0.006194 1.093750 0.006643
324 FPGA_VCCAUX_MON 0.012195 3.281250 0.039837 FPGA_VCCINT_MON 0.006001 1.093750 0.006436
325 FPGA_VCCAUX_MON 0.012195 3.281250 0.039837 FPGA_VCCINT_MON 0.006001 1.093750 0.006436
326 FPGA_VCCAUX_MON 0.012195 3.281250 0.039837 FPGA_VCCINT_MON 0.006001 1.093750 0.006436
327 FPGA_VCCAUX_MON 0.012195 3.281250 0.039837 FPGA_VCCINT_MON 0.006194 1.093750 0.006643
328 FPGA_VCCAUX_MON 0.012195 3.281250 0.039837 FPGA_VCCINT_MON 0.006001 1.093750 0.006436
329 FPGA_VCCAUX_MON 0.012195 3.281250 0.039837 FPGA_VCCINT_MON 0.006001 1.093750 0.006436
330 FPGA_VCCAUX_MON 0.012195 3.281250 0.039837 FPGA_VCCINT_MON 0.006001 1.093750 0.006436
331 FPGA_VCCAUX_MON 0.012195 3.281250 0.039837 FPGA_VCCINT_MON 0.006001 1.093750 0.006436
332 FPGA_VCCAUX_MON 0.012195 3.281250 0.039837 FPGA_VCCINT_MON 0.006001 1.093750 0.006436
333 FPGA_VCCAUX_MON 0.012195 3.281250 0.039837 FPGA_VCCINT_MON 0.006001 1.093750 0.006436
334 FPGA_VCCAUX_MON 0.012195 3.281250 0.039837 FPGA_VCCINT_MON 0.006001 1.093750 0.006436
335 FPGA_VCCAUX_MON 0.012195 3.281250 0.039837 FPGA_VCCINT_MON 0.006001 1.093750 0.006436
336 FPGA_VCCAUX_MON 0.012195 3.281250 0.039837 FPGA_VCCINT_MON 0.006001 1.093750 0.006436
337 FPGA_VCCAUX_MON 0.012195 3.281250 0.039837 FPGA_VCCINT_MON 0.006194 1.093750 0.006643
338 FPGA_VCCAUX_MON 0.012195 3.281250 0.039837 FPGA_VCCINT_MON 0.006001 1.093750 0.006436
339 FPGA_VCCAUX_MON 0.012195 3.281250 0.039837 FPGA_VCCINT_MON 0.006194 1.093750 0.006643
340 FPGA_VCCAUX_MON 0.012195 3.281250 0.039837 FPGA_VCCINT_MON 0.006001 1.093750 0.006436
341 FPGA_VCCAUX_MON 0.012195 3.281250 0.039837 FPGA_VCCINT_MON 0.006194 1.093750 0.006643
342 FPGA_VCCAUX_MON 0.012195 3.281250 0.039837 FPGA_VCCINT_MON 0.006001 1.093750 0.006436
343 FPGA_VCCAUX_MON 0.012195 3.281250 0.039837 FPGA_VCCINT_MON 0.006194 1.093750 0.006643
344 FPGA_VCCAUX_MON 0.012195 3.281250 0.039837 FPGA_VCCINT_MON 0.006001 1.093750 0.006436
345 FPGA_VCCAUX_MON 0.012195 3.281250 0.039837 FPGA_VCCINT_MON 0.006194 1.093750 0.006643
346 FPGA_VCCAUX_MON 0.012195 3.281250 0.039837 FPGA_VCCINT_MON 0.006001 1.093750 0.006436
347 FPGA_VCCAUX_MON 0.012195 3.281250 0.039837 FPGA_VCCINT_MON 0.006001 1.093750 0.006436
348 FPGA_VCCAUX_MON 0.012195 3.281250 0.039837 FPGA_VCCINT_MON 0.006001 1.093750 0.006436
349 FPGA_VCCAUX_MON 0.012195 3.281250 0.039837 FPGA_VCCINT_MON 0.006001 1.093750 0.006436
350 FPGA_VCCAUX_MON 0.012195 3.281250 0.039837 FPGA_VCCINT_MON 0.006001 1.093750 0.006436
351 FPGA_VCCAUX_MON 0.012195 3.281250 0.039837 FPGA_VCCINT_MON 0.006194 1.093750 0.006643
352 FPGA_VCCAUX_MON 0.012195 3.281250 0.039837 FPGA_VCCINT_MON 0.006194 1.093750 0.006643
353 FPGA_VCCAUX_MON 0.012195 3.281250 0.039837 FPGA_VCCINT_MON 0.006001 1.093750 0.006436
354 FPGA_VCCAUX_MON 0.012195 3.281250 0.039837 FPGA_VCCINT_MON 0.006001 1.093750 0.006436
355 FPGA_VCCAUX_MON 0.012195 3.281250 0.039837 FPGA_VCCINT_MON 0.006001 1.093750 0.006436
356 FPGA_VCCAUX_MON 0.012195 3.281250 0.039837 FPGA_VCCINT_MON 0.006001 1.093750 0.006436
357 FPGA_VCCAUX_MON 0.012195 3.281250 0.039837 FPGA_VCCINT_MON 0.006001 1.093750 0.006436
358 FPGA_VCCAUX_MON 0.012195 3.281250 0.039837 FPGA_VCCINT_MON 0.006001 1.093750 0.006436
359 FPGA_VCCAUX_MON 0.012195 3.281250 0.039837 FPGA_VCCINT_MON 0.006001 1.093750 0.006436
360 FPGA_VCCAUX_MON 0.012195 3.281250 0.039837 FPGA_VCCINT_MON 0.006001 1.093750 0.006436
361 FPGA_VCCAUX_MON 0.012195 3.281250 0.039837 FPGA_VCCINT_MON 0.006194 1.093750 0.006643
362 FPGA_VCCAUX_MON 0.012195 3.281250 0.039837 FPGA_VCCINT_MON 0.006001 1.093750 0.006436
363 FPGA_VCCAUX_MON 0.012195 3.281250 0.039837 FPGA_VCCINT_MON 0.006001 1.093750 0.006436
364 FPGA_VCCAUX_MON 0.012195 3.281250 0.039837 FPGA_VCCINT_MON 0.006001 1.093750 0.006436
365 FPGA_VCCAUX_MON 0.012195 3.281250 0.039837 FPGA_VCCINT_MON 0.006001 1.093750 0.006436
366 FPGA_VCCAUX_MON 0.012195 3.281250 0.039837 FPGA_VCCINT_MON 0.006001 1.093750 0.006436
367 FPGA_VCCAUX_MON 0.012195 3.281250 0.039837 FPGA_VCCINT_MON 0.006001 1.093750 0.006436
368 FPGA_VCCAUX_MON 0.012195 3.281250 0.039837 FPGA_VCCINT_MON 0.006194 1.093750 0.006643
369 FPGA_VCCAUX_MON 0.012195 3.281250 0.039837 FPGA_VCCINT_MON 0.006001 1.093750 0.006436
370 FPGA_VCCAUX_MON 0.012195 3.281250 0.039837 FPGA_VCCINT_MON 0.006001 1.093750 0.006436
371 FPGA_VCCAUX_MON 0.012195 3.281250 0.039837 FPGA_VCCINT_MON 0.006001 1.093750 0.006436
372 FPGA_VCCAUX_MON 0.012195 3.281250 0.039837 FPGA_VCCINT_MON 0.006001 1.093750 0.006436
373 FPGA_VCCAUX_MON 0.012195 3.281250 0.039837 FPGA_VCCINT_MON 0.006001 1.093750 0.006436
374 FPGA_VCCAUX_MON 0.012195 3.281250 0.039837 FPGA_VCCINT_MON 0.006001 1.093750 0.006436
375 FPGA_VCCAUX_MON 0.012195 3.281250 0.039837 FPGA_VCCINT_MON 0.006001 1.093750 0.006436
376 FPGA_VCCAUX_MON 0.012195 3.281250 0.039837 FPGA_VCCINT_MON 0.006001 1.093750 0.006436
377 FPGA_VCCAUX_MON 0.012195 3.281250 0.039837 FPGA_VCCINT_MON 0.006001 1.093750 0.006436
378 FPGA_VCCAUX_MON 0.012195 3.281250 0.039837 FPGA_VCCINT_MON 0.006001 1.093750 0.006436
379 FPGA_VCCAUX_MON 0.012195 3.281250 0.039837 FPGA_VCCINT_MON 0.006001 1.093750 0.006436
380 FPGA_VCCAUX_MON 0.012195 3.281250 0.039837 FPGA_VCCINT_MON 0.006001 1.093750 0.006436
381 FPGA_VCCAUX_MON 0.012195 3.281250 0.039837 FPGA_VCCINT_MON 0.006001 1.093750 0.006436
382 FPGA_VCCAUX_MON 0.012195 3.281250 0.039837 FPGA_VCCINT_MON 0.006001 1.093750 0.006436
383 FPGA_VCCAUX_MON 0.012195 3.281250 0.039837 FPGA_VCCINT_MON 0.006001 1.093750 0.006436
384 FPGA_VCCAUX_MON 0.012195 3.281250 0.039837 FPGA_VCCINT_MON 0.006001 1.093750 0.006436
385 FPGA_VCCAUX_MON 0.012195 3.281250 0.039837 FPGA_VCCINT_MON 0.006001 1.093750 0.006436
386 FPGA_VCCAUX_MON 0.012195 3.281250 0.039837 FPGA_VCCINT_MON 0.006001 1.093750 0.006436
387 FPGA_VCCAUX_MON 0.012195 3.281250 0.039837 FPGA_VCCINT_MON 0.006001 1.093750 0.006436
388 FPGA_VCCAUX_MON 0.012195 3.281250 0.039837 FPGA_VCCINT_MON 0.006001 1.093750 0.006436
389 FPGA_VCCAUX_MON 0.012195 3.281250 0.039837 FPGA_VCCINT_MON 0.006001 1.093750 0.006436
390 FPGA_VCCAUX_MON 0.012195 3.281250 0.039837 FPGA_VCCINT_MON 0.006001 1.093750 0.006436
391 FPGA_VCCAUX_MON 0.012195 3.281250 0.039837 FPGA_VCCINT_MON 0.006001 1.093750 0.006436
392 FPGA_VCCAUX_MON 0.012195 3.281250 0.039837 FPGA_VCCINT_MON 0.006001 1.093750 0.006436
393 FPGA_VCCAUX_MON 0.012195 3.281250 0.039837 FPGA_VCCINT_MON 0.006001 1.093750 0.006436
394 FPGA_VCCAUX_MON 0.012195 3.281250 0.039837 FPGA_VCCINT_MON 0.006001 1.093750 0.006436
395 FPGA_VCCAUX_MON 0.012195 3.281250 0.039837 FPGA_VCCINT_MON 0.006001 1.093750 0.006436
396 FPGA_VCCAUX_MON 0.012195 3.281250 0.039837 FPGA_VCCINT_MON 0.006001 1.093750 0.006436
397 FPGA_VCCAUX_MON 0.012195 3.281250 0.039837 FPGA_VCCINT_MON 0.006001 1.093750 0.006436
398 FPGA_VCCAUX_MON 0.012195 3.281250 0.039837 FPGA_VCCINT_MON 0.006001 1.093750 0.006436
399 FPGA_VCCAUX_MON 0.012195 3.281250 0.039837 FPGA_VCCINT_MON 0.006001 1.093750 0.006436
400 FPGA_VCCAUX_MON 0.012195 3.281250 0.039837 FPGA_VCCINT_MON 0.006001 1.093750 0.006436
401 FPGA_VCCAUX_MON 0.012195 3.281250 0.039837 FPGA_VCCINT_MON 0.006001 1.093750 0.006436
402 FPGA_VCCAUX_MON 0.012195 3.281250 0.039837 FPGA_VCCINT_MON 0.006001 1.093750 0.006436
403 FPGA_VCCAUX_MON 0.012195 3.281250 0.039837 FPGA_VCCINT_MON 0.006001 1.093750 0.006436
404 FPGA_VCCAUX_MON 0.012195 3.281250 0.039837 FPGA_VCCINT_MON 0.006001 1.093750 0.006436
405 FPGA_VCCAUX_MON 0.012195 3.281250 0.039837 FPGA_VCCINT_MON 0.006001 1.093750 0.006436
406 FPGA_VCCAUX_MON 0.012195 3.281250 0.039837 FPGA_VCCINT_MON 0.006001 1.093750 0.006436
407 FPGA_VCCAUX_MON 0.012195 3.281250 0.039837 FPGA_VCCINT_MON 0.006001 1.093750 0.006436
408 FPGA_VCCAUX_MON 0.012195 3.281250 0.039837 FPGA_VCCINT_MON 0.006001 1.093750 0.006436
409 FPGA_VCCAUX_MON 0.012195 3.281250 0.039837 FPGA_VCCINT_MON 0.006001 1.093750 0.006436
410 FPGA_VCCAUX_MON 0.012195 3.281250 0.039837 FPGA_VCCINT_MON 0.006001 1.093750 0.006436
411 FPGA_VCCAUX_MON 0.012195 3.281250 0.039837 FPGA_VCCINT_MON 0.006001 1.093750 0.006436
412 FPGA_VCCAUX_MON 0.012195 3.281250 0.039837 FPGA_VCCINT_MON 0.006001 1.093750 0.006436
413 FPGA_VCCAUX_MON 0.012195 3.281250 0.039837 FPGA_VCCINT_MON 0.006001 1.093750 0.006436
414 FPGA_VCCAUX_MON 0.012195 3.281250 0.039837 FPGA_VCCINT_MON 0.006001 1.093750 0.006436
415 FPGA_VCCAUX_MON 0.012195 3.281250 0.039837 FPGA_VCCINT_MON 0.006001 1.093750 0.006436
416 FPGA_VCCAUX_MON 0.012195 3.281250 0.039837 FPGA_VCCINT_MON 0.006001 1.093750 0.006436
417 FPGA_VCCAUX_MON 0.012195 3.281250 0.039837 FPGA_VCCINT_MON 0.006001 1.093750 0.006436
418 FPGA_VCCAUX_MON 0.012195 3.281250 0.039837 FPGA_VCCINT_MON 0.006001 1.093750 0.006436
419 FPGA_VCCAUX_MON 0.012195 3.281250 0.039837 FPGA_VCCINT_MON 0.006001 1.093750 0.006436
420 FPGA_VCCAUX_MON 0.012195 3.281250 0.039837 FPGA_VCCINT_MON 0.006001 1.093750 0.006436
421 FPGA_VCCAUX_MON 0.012195 3.281250 0.039837 FPGA_VCCINT_MON 0.006001 1.093750 0.006436
422 FPGA_VCCAUX_MON 0.012195 3.281250 0.039837 FPGA_VCCINT_MON 0.006001 1.093750 0.006436
423 FPGA_VCCAUX_MON 0.012195 3.281250 0.039837 FPGA_VCCINT_MON 0.006001 1.093750 0.006436
424 FPGA_VCCAUX_MON 0.012195 3.281250 0.039837 FPGA_VCCINT_MON 0.006001 1.093750 0.006436
425 FPGA_VCCAUX_MON 0.012195 3.281250 0.039837 FPGA_VCCINT_MON 0.006001 1.093750 0.006436
426 FPGA_VCCAUX_MON 0.012195 3.281250 0.039837 FPGA_VCCINT_MON 0.006001 1.093750 0.006436
427 FPGA_VCCAUX_MON 0.012195 3.281250 0.039837 FPGA_VCCINT_MON 0.006001 1.093750 0.006436
428 FPGA_VCCAUX_MON 0.012195 3.281250 0.039837 FPGA_VCCINT_MON 0.006001 1.093750 0.006436
429 FPGA_VCCAUX_MON 0.012195 3.281250 0.039837 FPGA_VCCINT_MON 0.006194 1.093750 0.006643
430 FPGA_VCCAUX_MON 0.012195 3.281250 0.039837 FPGA_VCCINT_MON 0.006001 1.093750 0.006436
431 FPGA_VCCAUX_MON 0.012195 3.281250 0.039837 FPGA_VCCINT_MON 0.006001 1.093750 0.006436
432 FPGA_VCCAUX_MON 0.012195 3.281250 0.039837 FPGA_VCCINT_MON 0.006001 1.093750 0.006436
433 FPGA_VCCAUX_MON 0.012195 3.281250 0.039837 FPGA_VCCINT_MON 0.006001 1.093750 0.006436
434 FPGA_VCCAUX_MON 0.012195 3.281250 0.039837 FPGA_VCCINT_MON 0.006001 1.093750 0.006436
435 FPGA_VCCAUX_MON 0.012195 3.281250 0.039837 FPGA_VCCINT_MON 0.006001 1.093750 0.006436
436 FPGA_VCCAUX_MON 0.012195 3.281250 0.039837 FPGA_VCCINT_MON 0.006001 1.093750 0.006436
437 FPGA_VCCAUX_MON 0.012195 3.281250 0.039837 FPGA_VCCINT_MON 0.006001 1.093750 0.006436
438 FPGA_VCCAUX_MON 0.012195 3.281250 0.039837 FPGA_VCCINT_MON 0.006001 1.093750 0.006436
439 FPGA_VCCAUX_MON 0.012195 3.281250 0.039837 FPGA_VCCINT_MON 0.006001 1.093750 0.006436
440 FPGA_VCCAUX_MON 0.012195 3.281250 0.039837 FPGA_VCCINT_MON 0.006001 1.093750 0.006436
441 FPGA_VCCAUX_MON 0.012195 3.281250 0.039837 FPGA_VCCINT_MON 0.006001 1.093750 0.006436
442 FPGA_VCCAUX_MON 0.012195 3.281250 0.039837 FPGA_VCCINT_MON 0.006001 1.093750 0.006436
443 FPGA_VCCAUX_MON 0.012195 3.281250 0.039837 FPGA_VCCINT_MON 0.006001 1.093750 0.006436
444 FPGA_VCCAUX_MON 0.012195 3.281250 0.039837 FPGA_VCCINT_MON 0.006001 1.093750 0.006436
445 FPGA_VCCAUX_MON 0.012195 3.281250 0.039837 FPGA_VCCINT_MON 0.006001 1.093750 0.006436
446 FPGA_VCCAUX_MON 0.012195 3.281250 0.039837 FPGA_VCCINT_MON 0.006001 1.093750 0.006436
447 FPGA_VCCAUX_MON 0.012195 3.281250 0.039837 FPGA_VCCINT_MON 0.006001 1.093750 0.006436
448 FPGA_VCCAUX_MON 0.012195 3.281250 0.039837 FPGA_VCCINT_MON 0.006001 1.093750 0.006436
449 FPGA_VCCAUX_MON 0.012195 3.281250 0.039837 FPGA_VCCINT_MON 0.006001 1.093750 0.006436
450 FPGA_VCCAUX_MON 0.012195 3.281250 0.039837 FPGA_VCCINT_MON 0.006001 1.093750 0.006436
451 FPGA_VCCAUX_MON 0.012195 3.281250 0.039837 FPGA_VCCINT_MON 0.006001 1.093750 0.006436
452 FPGA_VCCAUX_MON 0.012195 3.281250 0.039837 FPGA_VCCINT_MON 0.006001 1.093750 0.006436
453 FPGA_VCCAUX_MON 0.012195 3.281250 0.039837 FPGA_VCCINT_MON 0.006001 1.093750 0.006436
454 FPGA_VCCAUX_MON 0.012195 3.281250 0.039837 FPGA_VCCINT_MON 0.006001 1.093750 0.006436
455 FPGA_VCCAUX_MON 0.012195 3.281250 0.039837 FPGA_VCCINT_MON 0.006001 1.093750 0.006436
456 FPGA_VCCAUX_MON 0.012195 3.281250 0.039837 FPGA_VCCINT_MON 0.006001 1.093750 0.006436
457 FPGA_VCCAUX_MON 0.012195 3.281250 0.039837 FPGA_VCCINT_MON 0.006001 1.093750 0.006436
458 FPGA_VCCAUX_MON 0.012195 3.281250 0.039837 FPGA_VCCINT_MON 0.006001 1.093750 0.006436
459 FPGA_VCCAUX_MON 0.012195 3.281250 0.039837 FPGA_VCCINT_MON 0.006001 1.093750 0.006436
460 FPGA_VCCAUX_MON 0.012195 3.281250 0.039837 FPGA_VCCINT_MON 0.006001 1.093750 0.006436
461 FPGA_VCCAUX_MON 0.012195 3.281250 0.039837 FPGA_VCCINT_MON 0.006001 1.093750 0.006436
462 FPGA_VCCAUX_MON 0.012195 3.281250 0.039837 FPGA_VCCINT_MON 0.006001 1.093750 0.006436
463 FPGA_VCCAUX_MON 0.012195 3.281250 0.039837 FPGA_VCCINT_MON 0.006001 1.093750 0.006436
464 FPGA_VCCAUX_MON 0.012195 3.281250 0.039837 FPGA_VCCINT_MON 0.006001 1.093750 0.006436
465 FPGA_VCCAUX_MON 0.012195 3.281250 0.039837 FPGA_VCCINT_MON 0.006001 1.093750 0.006436
466 FPGA_VCCAUX_MON 0.012195 3.281250 0.039837 FPGA_VCCINT_MON 0.006001 1.093750 0.006436
467 FPGA_VCCAUX_MON 0.012195 3.281250 0.039837 FPGA_VCCINT_MON 0.006001 1.093750 0.006436
468 FPGA_VCCAUX_MON 0.012195 3.281250 0.039837 FPGA_VCCINT_MON 0.006001 1.093750 0.006436
469 FPGA_VCCAUX_MON 0.012195 3.281250 0.039837 FPGA_VCCINT_MON 0.006001 1.093750 0.006436
470 FPGA_VCCAUX_MON 0.012195 3.281250 0.039837 FPGA_VCCINT_MON 0.006001 1.093750 0.006436
471 FPGA_VCCAUX_MON 0.012195 3.281250 0.039837 FPGA_VCCINT_MON 0.006001 1.093750 0.006436
472 FPGA_VCCAUX_MON 0.012195 3.281250 0.039837 FPGA_VCCINT_MON 0.006001 1.093750 0.006436
473 FPGA_VCCAUX_MON 0.012195 3.281250 0.039837 FPGA_VCCINT_MON 0.006001 1.093750 0.006436
474 FPGA_VCCAUX_MON 0.012195 3.281250 0.039837 FPGA_VCCINT_MON 0.006001 1.093750 0.006436
475 FPGA_VCCAUX_MON 0.012195 3.281250 0.039837 FPGA_VCCINT_MON 0.006001 1.093750 0.006436
476 FPGA_VCCAUX_MON 0.012195 3.281250 0.039837 FPGA_VCCINT_MON 0.006001 1.093750 0.006436
477 FPGA_VCCAUX_MON 0.012195 3.281250 0.039837 FPGA_VCCINT_MON 0.006001 1.093750 0.006436
478 FPGA_VCCAUX_MON 0.012195 3.281250 0.039837 FPGA_VCCINT_MON 0.006001 1.093750 0.006436
479 FPGA_VCCAUX_MON 0.012195 3.281250 0.039837 FPGA_VCCINT_MON 0.006001 1.093750 0.006436
480 FPGA_VCCAUX_MON 0.012195 3.281250 0.039837 FPGA_VCCINT_MON 0.006001 1.093750 0.006436
481 FPGA_VCCAUX_MON 0.012195 3.281250 0.039837 FPGA_VCCINT_MON 0.006001 1.093750 0.006436
482 FPGA_VCCAUX_MON 0.012195 3.281250 0.039837 FPGA_VCCINT_MON 0.006001 1.093750 0.006436
483 FPGA_VCCAUX_MON 0.012195 3.281250 0.039837 FPGA_VCCINT_MON 0.006001 1.093750 0.006436
484 FPGA_VCCAUX_MON 0.012195 3.281250 0.039837 FPGA_VCCINT_MON 0.006001 1.093750 0.006436
485 FPGA_VCCAUX_MON 0.012195 3.281250 0.039837 FPGA_VCCINT_MON 0.006001 1.093750 0.006436
486 FPGA_VCCAUX_MON 0.012195 3.281250 0.039837 FPGA_VCCINT_MON 0.006001 1.093750 0.006436
487 FPGA_VCCAUX_MON 0.012195 3.281250 0.039837 FPGA_VCCINT_MON 0.006001 1.093750 0.006436
488 FPGA_VCCAUX_MON 0.012195 3.281250 0.039837 FPGA_VCCINT_MON 0.006001 1.093750 0.006436
489 FPGA_VCCAUX_MON 0.012195 3.281250 0.039837 FPGA_VCCINT_MON 0.006001 1.093750 0.006436
490 FPGA_VCCAUX_MON 0.012195 3.281250 0.039837 FPGA_VCCINT_MON 0.006001 1.093750 0.006436
491 FPGA_VCCAUX_MON 0.012195 3.281250 0.039837 FPGA_VCCINT_MON 0.006001 1.093750 0.006436
492 FPGA_VCCAUX_MON 0.012195 3.281250 0.039837 FPGA_VCCINT_MON 0.006001 1.093750 0.006436
493 FPGA_VCCAUX_MON 0.012195 3.281250 0.039837 FPGA_VCCINT_MON 0.006001 1.093750 0.006436
494 FPGA_VCCAUX_MON 0.012195 3.281250 0.039837 FPGA_VCCINT_MON 0.006001 1.093750 0.006436
495 FPGA_VCCAUX_MON 0.012195 3.281250 0.039837 FPGA_VCCINT_MON 0.006001 1.093750 0.006436
496 FPGA_VCCAUX_MON 0.012195 3.281250 0.039837 FPGA_VCCINT_MON 0.006001 1.093750 0.006436
497 FPGA_VCCAUX_MON 0.012195 3.281250 0.039837 FPGA_VCCINT_MON 0.006001 1.093750 0.006436
498 FPGA_VCCAUX_MON 0.012195 3.281250 0.039837 FPGA_VCCINT_MON 0.006001 1.093750 0.006436
499 FPGA_VCCAUX_MON 0.012195 3.281250 0.039837 FPGA_VCCINT_MON 0.006001 1.093750 0.006436
500 FPGA_VCCAUX_MON 0.012195 3.281250 0.039837 FPGA_VCCINT_MON 0.006001 1.093750 0.006436
501 FPGA_VCCAUX_MON 0.012195 3.281250 0.039837 FPGA_VCCINT_MON 0.006001 1.093750 0.006436
502 FPGA_VCCAUX_MON 0.012195 3.281250 0.039837 FPGA_VCCINT_MON 0.006001 1.093750 0.006436
503 FPGA_VCCAUX_MON 0.012195 3.281250 0.039837 FPGA_VCCINT_MON 0.006001 1.093750 0.006436
504 FPGA_VCCAUX_MON 0.012195 3.281250 0.039837 FPGA_VCCINT_MON 0.006001 1.093750 0.006436
505 FPGA_VCCAUX_MON 0.012195 3.281250 0.039837 FPGA_VCCINT_MON 0.006001 1.093750 0.006436
506 FPGA_VCCAUX_MON 0.012195 3.281250 0.039837 FPGA_VCCINT_MON 0.006001 1.093750 0.006436
507 FPGA_VCCAUX_MON 0.012195 3.281250 0.039837 FPGA_VCCINT_MON 0.006001 1.093750 0.006436
508 FPGA_VCCAUX_MON 0.012195 3.281250 0.039837 FPGA_VCCINT_MON 0.006001 1.093750 0.006436
509 FPGA_VCCAUX_MON 0.012195 3.281250 0.039837 FPGA_VCCINT_MON 0.006001 1.093750 0.006436
510 FPGA_VCCAUX_MON 0.012195 3.281250 0.039837 FPGA_VCCINT_MON 0.006001 1.093750 0.006436
511 FPGA_VCCAUX_MON 0.012195 3.281250 0.039837 FPGA_VCCINT_MON 0.006001 1.093750 0.006436
512 FPGA_VCCAUX_MON 0.012195 3.281250 0.039837 FPGA_VCCINT_MON 0.006001 1.093750 0.006436
513 FPGA_VCCAUX_MON 0.012195 3.281250 0.039837 FPGA_VCCINT_MON 0.006001 1.093750 0.006436
514 FPGA_VCCAUX_MON 0.012195 3.281250 0.039837 FPGA_VCCINT_MON 0.006001 1.093750 0.006436
515 FPGA_VCCAUX_MON 0.012195 3.281250 0.039837 FPGA_VCCINT_MON 0.006001 1.093750 0.006436
516 FPGA_VCCAUX_MON 0.012195 3.281250 0.039837 FPGA_VCCINT_MON 0.006001 1.093750 0.006436
517 FPGA_VCCAUX_MON 0.012195 3.281250 0.039837 FPGA_VCCINT_MON 0.006001 1.093750 0.006436
518 FPGA_VCCAUX_MON 0.012195 3.281250 0.039837 FPGA_VCCINT_MON 0.006001 1.093750 0.006436
519 FPGA_VCCAUX_MON 0.012195 3.281250 0.039837 FPGA_VCCINT_MON 0.006001 1.093750 0.006436
520 FPGA_VCCAUX_MON 0.012195 3.281250 0.039837 FPGA_VCCINT_MON 0.006001 1.093750 0.006436
521 FPGA_VCCAUX_MON 0.012195 3.281250 0.039837 FPGA_VCCINT_MON 0.006001 1.093750 0.006436
522 FPGA_VCCAUX_MON 0.012195 3.281250 0.039837 FPGA_VCCINT_MON 0.006001 1.093750 0.006436
523 FPGA_VCCAUX_MON 0.012195 3.281250 0.039837 FPGA_VCCINT_MON 0.006001 1.093750 0.006436
524 FPGA_VCCAUX_MON 0.012195 3.281250 0.039837 FPGA_VCCINT_MON 0.006001 1.093750 0.006436
525 FPGA_VCCAUX_MON 0.012195 3.281250 0.039837 FPGA_VCCINT_MON 0.006001 1.093750 0.006436
526 FPGA_VCCAUX_MON 0.012195 3.281250 0.039837 FPGA_VCCINT_MON 0.006001 1.093750 0.006436
527 FPGA_VCCAUX_MON 0.012195 3.281250 0.039837 FPGA_VCCINT_MON 0.006001 1.093750 0.006436
528 FPGA_VCCAUX_MON 0.012195 3.281250 0.039837 FPGA_VCCINT_MON 0.006001 1.093750 0.006436
529 FPGA_VCCAUX_MON 0.012195 3.281250 0.039837 FPGA_VCCINT_MON 0.006001 1.093750 0.006436
530 FPGA_VCCAUX_MON 0.012195 3.281250 0.039837 FPGA_VCCINT_MON 0.006001 1.093750 0.006436
531 FPGA_VCCAUX_MON 0.012195 3.281250 0.039837 FPGA_VCCINT_MON 0.006001 1.093750 0.006436
532 FPGA_VCCAUX_MON 0.012195 3.281250 0.039837 FPGA_VCCINT_MON 0.006001 1.093750 0.006436
533 FPGA_VCCAUX_MON 0.012195 3.281250 0.039837 FPGA_VCCINT_MON 0.006001 1.093750 0.006436
534 FPGA_VCCAUX_MON 0.012195 3.281250 0.039837 FPGA_VCCINT_MON 0.006001 1.093750 0.006436
535 FPGA_VCCAUX_MON 0.012195 3.281250 0.039837 FPGA_VCCINT_MON 0.006001 1.093750 0.006436
536 FPGA_VCCAUX_MON 0.012195 3.281250 0.039837 FPGA_VCCINT_MON 0.006001 1.093750 0.006436
537 FPGA_VCCAUX_MON 0.012195 3.281250 0.039837 FPGA_VCCINT_MON 0.006001 1.093750 0.006436
538 FPGA_VCCAUX_MON 0.012195 3.281250 0.039837 FPGA_VCCINT_MON 0.006001 1.093750 0.006436
539 FPGA_VCCAUX_MON 0.012195 3.281250 0.039837 FPGA_VCCINT_MON 0.006001 1.093750 0.006436
540 FPGA_VCCAUX_MON 0.012195 3.281250 0.039837 FPGA_VCCINT_MON 0.006001 1.093750 0.006436
541 FPGA_VCCAUX_MON 0.012195 3.281250 0.039837 FPGA_VCCINT_MON 0.006001 1.093750 0.006436
542 FPGA_VCCAUX_MON 0.012195 3.281250 0.039837 FPGA_VCCINT_MON 0.006001 1.093750 0.006436
543 FPGA_VCCAUX_MON 0.012195 3.281250 0.039837 FPGA_VCCINT_MON 0.006001 1.093750 0.006436
544 FPGA_VCCAUX_MON 0.012195 3.281250 0.039837 FPGA_VCCINT_MON 0.006001 1.093750 0.006436
545 FPGA_VCCAUX_MON 0.012195 3.281250 0.039837 FPGA_VCCINT_MON 0.006001 1.093750 0.006436
546 FPGA_VCCAUX_MON 0.012195 3.281250 0.039837 FPGA_VCCINT_MON 0.006001 1.093750 0.006436
547 FPGA_VCCAUX_MON 0.012195 3.281250 0.039837 FPGA_VCCINT_MON 0.006001 1.093750 0.006436
548 FPGA_VCCAUX_MON 0.012195 3.281250 0.039837 FPGA_VCCINT_MON 0.006001 1.093750 0.006436
549 FPGA_VCCAUX_MON 0.012195 3.281250 0.039837 FPGA_VCCINT_MON 0.006001 1.093750 0.006436
550 FPGA_VCCAUX_MON 0.012195 3.281250 0.039837 FPGA_VCCINT_MON 0.006001 1.093750 0.006436
551 FPGA_VCCAUX_MON 0.012195 3.281250 0.039837 FPGA_VCCINT_MON 0.006001 1.093750 0.006436
552 FPGA_VCCAUX_MON 0.012195 3.281250 0.039837 FPGA_VCCINT_MON 0.006001 1.093750 0.006436
553 FPGA_VCCAUX_MON 0.012195 3.281250 0.039837 FPGA_VCCINT_MON 0.006001 1.093750 0.006436
554 FPGA_VCCAUX_MON 0.012195 3.281250 0.039837 FPGA_VCCINT_MON 0.006001 1.093750 0.006436
555 FPGA_VCCAUX_MON 0.012195 3.281250 0.039837 FPGA_VCCINT_MON 0.006001 1.093750 0.006436
556 FPGA_VCCAUX_MON 0.012195 3.281250 0.039837 FPGA_VCCINT_MON 0.006001 1.093750 0.006436
557 FPGA_VCCAUX_MON 0.012195 3.281250 0.039837 FPGA_VCCINT_MON 0.006001 1.093750 0.006436
558 FPGA_VCCAUX_MON 0.012195 3.281250 0.039837 FPGA_VCCINT_MON 0.006001 1.093750 0.006436
559 FPGA_VCCAUX_MON 0.012195 3.281250 0.039837 FPGA_VCCINT_MON 0.006001 1.093750 0.006436
560 FPGA_VCCAUX_MON 0.012195 3.281250 0.039837 FPGA_VCCINT_MON 0.006001 1.093750 0.006436
561 FPGA_VCCAUX_MON 0.012195 3.281250 0.039837 FPGA_VCCINT_MON 0.006001 1.093750 0.006436
562 FPGA_VCCAUX_MON 0.012195 3.281250 0.039837 FPGA_VCCINT_MON 0.006001 1.093750 0.006436
563 FPGA_VCCAUX_MON 0.012195 3.281250 0.039837 FPGA_VCCINT_MON 0.006001 1.093750 0.006436
564 FPGA_VCCAUX_MON 0.012195 3.281250 0.039837 FPGA_VCCINT_MON 0.006001 1.093750 0.006436
565 FPGA_VCCAUX_MON 0.012195 3.281250 0.039837 FPGA_VCCINT_MON 0.006001 1.093750 0.006436
566 FPGA_VCCAUX_MON 0.012195 3.281250 0.039837 FPGA_VCCINT_MON 0.006001 1.093750 0.006436
567 FPGA_VCCAUX_MON 0.012195 3.281250 0.039837 FPGA_VCCINT_MON 0.006001 1.093750 0.006436
568 FPGA_VCCAUX_MON 0.012195 3.281250 0.039837 FPGA_VCCINT_MON 0.006001 1.093750 0.006436
569 FPGA_VCCAUX_MON 0.012195 3.281250 0.039837 FPGA_VCCINT_MON 0.006001 1.093750 0.006436
570 FPGA_VCCAUX_MON 0.012195 3.281250 0.039837 FPGA_VCCINT_MON 0.006001 1.093750 0.006436
571 FPGA_VCCAUX_MON 0.012195 3.281250 0.039837 FPGA_VCCINT_MON 0.006001 1.093750 0.006436
572 FPGA_VCCAUX_MON 0.012195 3.281250 0.039837 FPGA_VCCINT_MON 0.006001 1.093750 0.006436
573 FPGA_VCCAUX_MON 0.012195 3.281250 0.039837 FPGA_VCCINT_MON 0.006001 1.093750 0.006436
574 FPGA_VCCAUX_MON 0.012195 3.281250 0.039837 FPGA_VCCINT_MON 0.006001 1.093750 0.006436
575 FPGA_VCCAUX_MON 0.012195 3.281250 0.039837 FPGA_VCCINT_MON 0.006001 1.093750 0.006436
576 FPGA_VCCAUX_MON 0.012195 3.281250 0.039837 FPGA_VCCINT_MON 0.006001 1.093750 0.006436
577 FPGA_VCCAUX_MON 0.012195 3.281250 0.039837 FPGA_VCCINT_MON 0.006001 1.093750 0.006436
578 FPGA_VCCAUX_MON 0.012195 3.281250 0.039837 FPGA_VCCINT_MON 0.006001 1.093750 0.006436
579 FPGA_VCCAUX_MON 0.012195 3.281250 0.039837 FPGA_VCCINT_MON 0.006001 1.093750 0.006436
580 FPGA_VCCAUX_MON 0.012195 3.281250 0.039837 FPGA_VCCINT_MON 0.006001 1.093750 0.006436
581 FPGA_VCCAUX_MON 0.012195 3.281250 0.039837 FPGA_VCCINT_MON 0.006001 1.093750 0.006436
582 FPGA_VCCAUX_MON 0.012195 3.281250 0.039837 FPGA_VCCINT_MON 0.006001 1.093750 0.006436
583 