13 1 FPGA_VCCAUX 0.014012 3.320313 0.046424 FPGA_VCCINT 0.006863 1.171875 0.008035
120 2 FPGA_VCCAUX 0.014012 3.320313 0.046424 FPGA_VCCINT 0.006863 1.171875 0.008035
915 3 FPGA_VCCAUX 0.014012 3.320313 0.046424 FPGA_VCCINT 0.006863 1.171875 0.008035
1708 4 FPGA_VCCAUX 0.014012 3.320313 0.046424 FPGA_VCCINT 0.006863 1.171875 0.008035
2503 5 FPGA_VCCAUX 0.017015 3.320313 0.056423 FPGA_VCCINT 0.006815 1.171875 0.007975
3296 6 FPGA_VCCAUX 0.020017 3.320313 0.066363 FPGA_VCCINT 0.006863 1.171875 0.008035
4089 7 FPGA_VCCAUX 0.019970 3.320313 0.066184 FPGA_VCCINT 0.006863 1.171875 0.008035
5515 8 FPGA_VCCAUX 0.012678 3.320313 0.042020 FPGA_VCCINT 0.006815 1.171875 0.007975
6307 9 FPGA_VCCAUX 0.015156 3.320313 0.050233 FPGA_VCCINT 0.006815 1.171875 0.007975
7100 10 FPGA_VCCAUX 0.019970 3.320313 0.066184 FPGA_VCCINT 0.006863 1.171875 0.008035
7894 11 FPGA_VCCAUX 0.019970 3.320313 0.066184 FPGA_VCCINT 0.006815 1.171875 0.007975
8687 12 FPGA_VCCAUX 0.012678 3.320313 0.042020 FPGA_VCCINT 0.006815 1.171875 0.007975
9481 13 FPGA_VCCAUX 0.012678 3.320313 0.042020 FPGA_VCCINT 0.006815 1.171875 0.007975
10274 14 FPGA_VCCAUX 0.015871 3.320313 0.052614 FPGA_VCCINT 0.006815 1.171875 0.007975
11067 15 FPGA_VCCAUX 0.019970 3.320313 0.066184 FPGA_VCCINT 0.006815 1.171875 0.007975
11861 16 FPGA_VCCAUX 0.019970 3.320313 0.066184 FPGA_VCCINT 0.006815 1.171875 0.007975
13287 17 FPGA_VCCAUX 0.012678 3.320313 0.042020 FPGA_VCCINT 0.006815 1.171875 0.007975
14080 18 FPGA_VCCAUX 0.013059 3.320313 0.043270 FPGA_VCCINT 0.006815 1.171875 0.007975
14874 19 FPGA_VCCAUX 0.014012 3.320313 0.046424 FPGA_VCCINT 0.006863 1.171875 0.008035
