FPGA_VCCINT 0.0014 1 FPGA_VCCAUX 0.013937 3.281250 0.044842 FPGA_VCCINT 0.006581 1.093750 0.007058
48 2 FPGA_VCCAUX 0.013937 3.281250 0.044842 FPGA_VCCINT 0.006581 1.093750 0.007058
82 3 FPGA_VCCAUX 0.013937 3.281250 0.044842 FPGA_VCCINT 0.006581 1.093750 0.007058
126 4 FPGA_VCCAUX 0.013937 3.281250 0.044842 FPGA_VCCINT 0.006581 1.093750 0.007058
179 5 FPGA_VCCAUX 0.013937 3.281250 0.044842 FPGA_VCCINT 0.006581 1.093750 0.007058
231 6 FPGA_VCCAUX 0.013937 3.281250 0.044842 FPGA_VCCINT 0.006581 1.093750 0.007058
284 7 FPGA_VCCAUX 0.013937 3.281250 0.044842 FPGA_VCCINT 0.006581 1.093750 0.007058
336 8 FPGA_VCCAUX 0.013937 3.281250 0.044842 FPGA_VCCINT 0.006581 1.093750 0.007058
389 9 FPGA_VCCAUX 0.013937 3.281250 0.044842 FPGA_VCCINT 0.006581 1.093750 0.007058
441 10 FPGA_VCCAUX 0.013937 3.281250 0.044842 FPGA_VCCINT 0.006581 1.093750 0.007058
494 11 FPGA_VCCAUX 0.013937 3.281250 0.044842 FPGA_VCCINT 0.006581 1.093750 0.007058
597 12 FPGA_VCCAUX 0.013937 3.281250 0.044842 FPGA_VCCINT 0.006581 1.093750 0.007058
650 13 FPGA_VCCAUX 0.013937 3.281250 0.044842 FPGA_VCCINT 0.006581 1.093750 0.007058
702 14 FPGA_VCCAUX 0.013937 3.281250 0.044842 FPGA_VCCINT 0.006581 1.093750 0.007058
755 15 FPGA_VCCAUX 0.013937 3.281250 0.044842 FPGA_VCCINT 0.006581 1.093750 0.007058
808 16 FPGA_VCCAUX 0.013937 3.281250 0.044842 FPGA_VCCINT 0.006775 1.093750 0.007266
861 17 FPGA_VCCAUX 0.013937 3.281250 0.044842 FPGA_VCCINT 0.006581 1.093750 0.007058
914 18 FPGA_VCCAUX 0.013937 3.281250 0.044842 FPGA_VCCINT 0.006581 1.093750 0.007058
964 19 FPGA_VCCAUX 0.013937 3.281250 0.044842 FPGA_VCCINT 0.006581 1.093750 0.007058
1017 20 FPGA_VCCAUX 0.013937 3.281250 0.044842 FPGA_VCCINT 0.006581 1.093750 0.007058
1070 21 FPGA_VCCAUX 0.013937 3.281250 0.044842 FPGA_VCCINT 0.006581 1.093750 0.007058
1123 22 FPGA_VCCAUX 0.013937 3.281250 0.044842 FPGA_VCCINT 0.006581 1.093750 0.007058
1176 23 FPGA_VCCAUX 0.013937 3.281250 0.044842 FPGA_VCCINT 0.006581 1.093750 0.007058
1227 24 FPGA_VCCAUX 0.013937 3.281250 0.044842 FPGA_VCCINT 0.006581 1.093750 0.007058
1280 25 FPGA_VCCAUX 0.013937 3.281250 0.044842 FPGA_VCCINT 0.006581 1.093750 0.007058
1333 26 FPGA_VCCAUX 0.013937 3.281250 0.044842 FPGA_VCCINT 0.006581 1.093750 0.007058
1386 27 FPGA_VCCAUX 0.013937 3.281250 0.044842 FPGA_VCCINT 0.006581 1.093750 0.007058
1437 28 FPGA_VCCAUX 0.013937 3.281250 0.044842 FPGA_VCCINT 0.006581 1.093750 0.007058
1490 29 FPGA_VCCAUX 0.013937 3.281250 0.044842 FPGA_VCCINT 0.006581 1.093750 0.007058
1543 30 FPGA_VCCAUX 0.013937 3.281250 0.044842 FPGA_VCCINT 0.006775 1.093750 0.007266
1594 31 FPGA_VCCAUX 0.013937 3.281250 0.044842 FPGA_VCCINT 0.006581 1.093750 0.007058
1647 32 FPGA_VCCAUX 0.013937 3.281250 0.044842 FPGA_VCCINT 0.006581 1.093750 0.007058
1700 33 FPGA_VCCAUX 0.013937 3.281250 0.044842 FPGA_VCCINT 0.006581 1.093750 0.007058
1753 34 FPGA_VCCAUX 0.013937 3.281250 0.044842 FPGA_VCCINT 0.006581 1.093750 0.007058
1804 35 FPGA_VCCAUX 0.013937 3.281250 0.044842 FPGA_VCCINT 0.006581 1.093750 0.007058
1857 36 FPGA_VCCAUX 0.013937 3.281250 0.044842 FPGA_VCCINT 0.006581 1.093750 0.007058
1910 37 FPGA_VCCAUX 0.013937 3.281250 0.044842 FPGA_VCCINT 0.006581 1.093750 0.007058
1961 38 FPGA_VCCAUX 0.013937 3.281250 0.044842 FPGA_VCCINT 0.006581 1.093750 0.007058
2014 39 FPGA_VCCAUX 0.013937 3.281250 0.044842 FPGA_VCCINT 0.006581 1.093750 0.007058
2068 40 FPGA_VCCAUX 0.014712 3.281250 0.047333 FPGA_VCCINT 0.006581 1.093750 0.007058
2121 41 FPGA_VCCAUX 0.020132 3.281250 0.064772 FPGA_VCCINT 0.006581 1.093750 0.007058
2171 42 FPGA_VCCAUX 0.020132 3.281250 0.064772 FPGA_VCCINT 0.006581 1.093750 0.007058
2224 43 FPGA_VCCAUX 0.020132 3.281250 0.064772 FPGA_VCCINT 0.006581 1.093750 0.007058
2277 44 FPGA_VCCAUX 0.020132 3.281250 0.064772 FPGA_VCCINT 0.006581 1.093750 0.007058
2330 45 FPGA_VCCAUX 0.020132 3.281250 0.064772 FPGA_VCCINT 0.006581 1.093750 0.007058
2381 46 FPGA_VCCAUX 0.020132 3.281250 0.064772 FPGA_VCCINT 0.006581 1.093750 0.007058
2434 47 FPGA_VCCAUX 0.020132 3.281250 0.064772 FPGA_VCCINT 0.006581 1.093750 0.007058
2487 48 FPGA_VCCAUX 0.020132 3.281250 0.064772 FPGA_VCCINT 0.006581 1.093750 0.007058
2540 49 FPGA_VCCAUX 0.020132 3.281250 0.064772 FPGA_VCCINT 0.006581 1.093750 0.007058
2593 50 FPGA_VCCAUX 0.020132 3.281250 0.064772 FPGA_VCCINT 0.006581 1.093750 0.007058
2643 51 FPGA_VCCAUX 0.020132 3.281250 0.064772 FPGA_VCCINT 0.006581 1.093750 0.007058
2697 52 FPGA_VCCAUX 0.020132 3.281250 0.064772 FPGA_VCCINT 0.006581 1.093750 0.007058
2750 53 FPGA_VCCAUX 0.020132 3.281250 0.064772 FPGA_VCCINT 0.006581 1.093750 0.007058
2803 54 FPGA_VCCAUX 0.020132 3.281250 0.064772 FPGA_VCCINT 0.006581 1.093750 0.007058
2853 55 FPGA_VCCAUX 0.020132 3.281250 0.064772 FPGA_VCCINT 0.006581 1.093750 0.007058
2906 56 FPGA_VCCAUX 0.020132 3.281250 0.064772 FPGA_VCCINT 0.006581 1.093750 0.007058
2959 57 FPGA_VCCAUX 0.020132 3.281250 0.064772 FPGA_VCCINT 0.006581 1.093750 0.007058
3012 58 FPGA_VCCAUX 0.020132 3.281250 0.064772 FPGA_VCCINT 0.006581 1.093750 0.007058
3063 59 FPGA_VCCAUX 0.020132 3.281250 0.064772 FPGA_VCCINT 0.006581 1.093750 0.007058
3116 60 FPGA_VCCAUX 0.020132 3.281250 0.064772 FPGA_VCCINT 0.006581 1.093750 0.007058
3169 61 FPGA_VCCAUX 0.020132 3.281250 0.064772 FPGA_VCCINT 0.006581 1.093750 0.007058
3222 62 FPGA_VCCAUX 0.020132 3.281250 0.064772 FPGA_VCCINT 0.006581 1.093750 0.007058
3275 63 FPGA_VCCAUX 0.020132 3.281250 0.064772 FPGA_VCCINT 0.006581 1.093750 0.007058
3325 64 FPGA_VCCAUX 0.020132 3.281250 0.064772 FPGA_VCCINT 0.006581 1.093750 0.007058
3378 65 FPGA_VCCAUX 0.020132 3.281250 0.064772 FPGA_VCCINT 0.006581 1.093750 0.007058
3431 66 FPGA_VCCAUX 0.020132 3.281250 0.064772 FPGA_VCCINT 0.006581 1.093750 0.007058
3485 67 FPGA_VCCAUX 0.020132 3.281250 0.064772 FPGA_VCCINT 0.006581 1.093750 0.007058
3535 68 FPGA_VCCAUX 0.020132 3.281250 0.064772 FPGA_VCCINT 0.006581 1.093750 0.007058
3588 69 FPGA_VCCAUX 0.020132 3.281250 0.064772 FPGA_VCCINT 0.006581 1.093750 0.007058
3642 70 FPGA_VCCAUX 0.020132 3.281250 0.064772 FPGA_VCCINT 0.006581 1.093750 0.007058
3694 71 FPGA_VCCAUX 0.020132 3.281250 0.064772 FPGA_VCCINT 0.006581 1.093750 0.007058
3745 72 FPGA_VCCAUX 0.020132 3.281250 0.064772 FPGA_VCCINT 0.006581 1.093750 0.007058
3798 73 FPGA_VCCAUX 0.020132 3.281250 0.064772 FPGA_VCCINT 0.006581 1.093750 0.007058
3851 74 FPGA_VCCAUX 0.020132 3.281250 0.064772 FPGA_VCCINT 0.006581 1.093750 0.007058
3904 75 FPGA_VCCAUX 0.020132 3.281250 0.064772 FPGA_VCCINT 0.006581 1.093750 0.007058
3955 76 FPGA_VCCAUX 0.020132 3.281250 0.064772 FPGA_VCCINT 0.006581 1.093750 0.007058
4008 77 FPGA_VCCAUX 0.020132 3.281250 0.064772 FPGA_VCCINT 0.006581 1.093750 0.007058
4061 78 FPGA_VCCAUX 0.013163 3.281250 0.042351 FPGA_VCCINT 0.006581 1.093750 0.007058
4114 79 FPGA_VCCAUX 0.013163 3.281250 0.042351 FPGA_VCCINT 0.006581 1.093750 0.007058
4167 80 FPGA_VCCAUX 0.013163 3.281250 0.042351 FPGA_VCCINT 0.006581 1.093750 0.007058
4217 81 FPGA_VCCAUX 0.013163 3.281250 0.042351 FPGA_VCCINT 0.006581 1.093750 0.007058
4270 82 FPGA_VCCAUX 0.013163 3.281250 0.042351 FPGA_VCCINT 0.006581 1.093750 0.007058
4323 83 FPGA_VCCAUX 0.013163 3.281250 0.042351 FPGA_VCCINT 0.006581 1.093750 0.007058
4376 84 FPGA_VCCAUX 0.013163 3.281250 0.042351 FPGA_VCCINT 0.006581 1.093750 0.007058
4427 85 FPGA_VCCAUX 0.013163 3.281250 0.042351 FPGA_VCCINT 0.006581 1.093750 0.007058
4480 86 FPGA_VCCAUX 0.013163 3.281250 0.042351 FPGA_VCCINT 0.006581 1.093750 0.007058
4533 87 FPGA_VCCAUX 0.013163 3.281250 0.042351 FPGA_VCCINT 0.006581 1.093750 0.007058
4586 88 FPGA_VCCAUX 0.013163 3.281250 0.042351 FPGA_VCCINT 0.006581 1.093750 0.007058
4637 89 FPGA_VCCAUX 0.013163 3.281250 0.042351 FPGA_VCCINT 0.006581 1.093750 0.007058
4690 90 FPGA_VCCAUX 0.013163 3.281250 0.042351 FPGA_VCCINT 0.006581 1.093750 0.007058
4743 91 FPGA_VCCAUX 0.013163 3.281250 0.042351 FPGA_VCCINT 0.006581 1.093750 0.007058
4796 92 FPGA_VCCAUX 0.013163 3.281250 0.042351 FPGA_VCCINT 0.006581 1.093750 0.007058
4846 93 FPGA_VCCAUX 0.013163 3.281250 0.042351 FPGA_VCCINT 0.006581 1.093750 0.007058
4899 94 FPGA_VCCAUX 0.013163 3.281250 0.042351 FPGA_VCCINT 0.006581 1.093750 0.007058
4952 95 FPGA_VCCAUX 0.013163 3.281250 0.042351 FPGA_VCCINT 0.006581 1.093750 0.007058
5006 96 FPGA_VCCAUX 0.013163 3.281250 0.042351 FPGA_VCCINT 0.006581 1.093750 0.007058
5059 97 FPGA_VCCAUX 0.013163 3.281250 0.042351 FPGA_VCCINT 0.006581 1.093750 0.007058
5109 98 FPGA_VCCAUX 0.013163 3.281250 0.042351 FPGA_VCCINT 0.006581 1.093750 0.007058
5162 99 FPGA_VCCAUX 0.013163 3.281250 0.042351 FPGA_VCCINT 0.006581 1.093750 0.007058
5215 100 FPGA_VCCAUX 0.013163 3.281250 0.042351 FPGA_VCCINT 0.006581 1.093750 0.007058
5268 101 FPGA_VCCAUX 0.013163 3.281250 0.042351 FPGA_VCCINT 0.006581 1.093750 0.007058
5319 102 FPGA_VCCAUX 0.013163 3.281250 0.042351 FPGA_VCCINT 0.006581 1.093750 0.007058
5372 103 FPGA_VCCAUX 0.013163 3.281250 0.042351 FPGA_VCCINT 0.006581 1.093750 0.007058
5426 104 FPGA_VCCAUX 0.013163 3.281250 0.042351 FPGA_VCCINT 0.006581 1.093750 0.007058
5476 105 FPGA_VCCAUX 0.013163 3.281250 0.042351 FPGA_VCCINT 0.006581 1.093750 0.007058
5530 106 FPGA_VCCAUX 0.013163 3.281250 0.042351 FPGA_VCCINT 0.006581 1.093750 0.007058
5583 107 FPGA_VCCAUX 0.013163 3.281250 0.042351 FPGA_VCCINT 0.006581 1.093750 0.007058
5633 108 FPGA_VCCAUX 0.013163 3.281250 0.042351 FPGA_VCCINT 0.006581 1.093750 0.007058
5687 109 FPGA_VCCAUX 0.013163 3.281250 0.042351 FPGA_VCCINT 0.006581 1.093750 0.007058
5740 110 FPGA_VCCAUX 0.013163 3.281250 0.042351 FPGA_VCCINT 0.006581 1.093750 0.007058
5793 111 FPGA_VCCAUX 0.013163 3.281250 0.042351 FPGA_VCCINT 0.006581 1.093750 0.007058
5844 112 FPGA_VCCAUX 0.013163 3.281250 0.042351 FPGA_VCCINT 0.006581 1.093750 0.007058
5897 113 FPGA_VCCAUX 0.013163 3.281250 0.042351 FPGA_VCCINT 0.006581 1.093750 0.007058
5950 114 FPGA_VCCAUX 0.013163 3.281250 0.042351 FPGA_VCCINT 0.006581 1.093750 0.007058
6001 115 FPGA_VCCAUX 0.020132 3.281250 0.064772 FPGA_VCCINT 0.006581 1.093750 0.007058
6054 116 FPGA_VCCAUX 0.020132 3.281250 0.064772 FPGA_VCCINT 0.006581 1.093750 0.007058
6108 117 FPGA_VCCAUX 0.020132 3.281250 0.064772 FPGA_VCCINT 0.006581 1.093750 0.007058
6158 118 FPGA_VCCAUX 0.020132 3.281250 0.064772 FPGA_VCCINT 0.006581 1.093750 0.007058
6212 119 FPGA_VCCAUX 0.020132 3.281250 0.064772 FPGA_VCCINT 0.006581 1.093750 0.007058
6265 120 FPGA_VCCAUX 0.020132 3.281250 0.064772 FPGA_VCCINT 0.006581 1.093750 0.007058
6316 121 FPGA_VCCAUX 0.020132 3.281250 0.064772 FPGA_VCCINT 0.006581 1.093750 0.007058
6369 122 FPGA_VCCAUX 0.020132 3.281250 0.064772 FPGA_VCCINT 0.006581 1.093750 0.007058
6422 123 FPGA_VCCAUX 0.020132 3.281250 0.064772 FPGA_VCCINT 0.006581 1.093750 0.007058
6499 124 FPGA_VCCAUX 0.020132 3.281250 0.064772 FPGA_VCCINT 0.006581 1.093750 0.007058
6552 125 FPGA_VCCAUX 0.020132 3.281250 0.064772 FPGA_VCCINT 0.006581 1.093750 0.007058
6606 126 FPGA_VCCAUX 0.020132 3.281250 0.064772 FPGA_VCCINT 0.006581 1.093750 0.007058
6659 127 FPGA_VCCAUX 0.020132 3.281250 0.064772 FPGA_VCCINT 0.006581 1.093750 0.007058
6710 128 FPGA_VCCAUX 0.020132 3.281250 0.064772 FPGA_VCCINT 0.006581 1.093750 0.007058
6763 129 FPGA_VCCAUX 0.020132 3.281250 0.064772 FPGA_VCCINT 0.006581 1.093750 0.007058
6816 130 FPGA_VCCAUX 0.020132 3.281250 0.064772 FPGA_VCCINT 0.006581 1.093750 0.007058
6867 131 FPGA_VCCAUX 0.020132 3.281250 0.064772 FPGA_VCCINT 0.006581 1.093750 0.007058
6920 132 FPGA_VCCAUX 0.020132 3.281250 0.064772 FPGA_VCCINT 0.006581 1.093750 0.007058
6974 133 FPGA_VCCAUX 0.020132 3.281250 0.064772 FPGA_VCCINT 0.006581 1.093750 0.007058
7024 134 FPGA_VCCAUX 0.020132 3.281250 0.064772 FPGA_VCCINT 0.006581 1.093750 0.007058
7078 135 FPGA_VCCAUX 0.020132 3.281250 0.064772 FPGA_VCCINT 0.006581 1.093750 0.007058
7131 136 FPGA_VCCAUX 0.020132 3.281250 0.064772 FPGA_VCCINT 0.006581 1.093750 0.007058
7182 137 FPGA_VCCAUX 0.020132 3.281250 0.064772 FPGA_VCCINT 0.006581 1.093750 0.007058
7235 138 FPGA_VCCAUX 0.020132 3.281250 0.064772 FPGA_VCCINT 0.006581 1.093750 0.007058
7289 139 FPGA_VCCAUX 0.020132 3.281250 0.064772 FPGA_VCCINT 0.006581 1.093750 0.007058
7339 140 FPGA_VCCAUX 0.020132 3.281250 0.064772 FPGA_VCCINT 0.006581 1.093750 0.007058
7393 141 FPGA_VCCAUX 0.020132 3.281250 0.064772 FPGA_VCCINT 0.006581 1.093750 0.007058
7444 142 FPGA_VCCAUX 0.020132 3.281250 0.064772 FPGA_VCCINT 0.006581 1.093750 0.007058
7497 143 FPGA_VCCAUX 0.020132 3.281250 0.064772 FPGA_VCCINT 0.006581 1.093750 0.007058
7550 144 FPGA_VCCAUX 0.020132 3.281250 0.064772 FPGA_VCCINT 0.006581 1.093750 0.007058
7601 145 FPGA_VCCAUX 0.020132 3.281250 0.064772 FPGA_VCCINT 0.006581 1.093750 0.007058
7655 146 FPGA_VCCAUX 0.020132 3.281250 0.064772 FPGA_VCCINT 0.006581 1.093750 0.007058
7708 147 FPGA_VCCAUX 0.020132 3.281250 0.064772 FPGA_VCCINT 0.006581 1.093750 0.007058
7758 148 FPGA_VCCAUX 0.020132 3.281250 0.064772 FPGA_VCCINT 0.006581 1.093750 0.007058
7812 149 FPGA_VCCAUX 0.020132 3.281250 0.064772 FPGA_VCCINT 0.006581 1.093750 0.007058
7865 150 FPGA_VCCAUX 0.020132 3.281250 0.064772 FPGA_VCCINT 0.006581 1.093750 0.007058
7918 151 FPGA_VCCAUX 0.020132 3.281250 0.064772 FPGA_VCCINT 0.006581 1.093750 0.007058
7969 152 FPGA_VCCAUX 0.013163 3.281250 0.042351 FPGA_VCCINT 0.006581 1.093750 0.007058
8022 153 FPGA_VCCAUX 0.013163 3.281250 0.042351 FPGA_VCCINT 0.006581 1.093750 0.007058
8076 154 FPGA_VCCAUX 0.013163 3.281250 0.042351 FPGA_VCCINT 0.006581 1.093750 0.007058
8126 155 FPGA_VCCAUX 0.013163 3.281250 0.042351 FPGA_VCCINT 0.006581 1.093750 0.007058
8180 156 FPGA_VCCAUX 0.013163 3.281250 0.042351 FPGA_VCCINT 0.006581 1.093750 0.007058
8233 157 FPGA_VCCAUX 0.013163 3.281250 0.042351 FPGA_VCCINT 0.006581 1.093750 0.007058
8284 158 FPGA_VCCAUX 0.013163 3.281250 0.042351 FPGA_VCCINT 0.006581 1.093750 0.007058
8337 159 FPGA_VCCAUX 0.013163 3.281250 0.042351 FPGA_VCCINT 0.006581 1.093750 0.007058
8390 160 FPGA_VCCAUX 0.013163 3.281250 0.042351 FPGA_VCCINT 0.006581 1.093750 0.007058
8441 161 FPGA_VCCAUX 0.013163 3.281250 0.042351 FPGA_VCCINT 0.006581 1.093750 0.007058
8494 162 FPGA_VCCAUX 0.013163 3.281250 0.042351 FPGA_VCCINT 0.006581 1.093750 0.007058
8548 163 FPGA_VCCAUX 0.013163 3.281250 0.042351 FPGA_VCCINT 0.006581 1.093750 0.007058
8598 164 FPGA_VCCAUX 0.013163 3.281250 0.042351 FPGA_VCCINT 0.006581 1.093750 0.007058
8652 165 FPGA_VCCAUX 0.013163 3.281250 0.042351 FPGA_VCCINT 0.006581 1.093750 0.007058
8705 166 FPGA_VCCAUX 0.013163 3.281250 0.042351 FPGA_VCCINT 0.006581 1.093750 0.007058
8758 167 FPGA_VCCAUX 0.013163 3.281250 0.042351 FPGA_VCCINT 0.006581 1.093750 0.007058
8809 168 FPGA_VCCAUX 0.013163 3.281250 0.042351 FPGA_VCCINT 0.006581 1.093750 0.007058
8862 169 FPGA_VCCAUX 0.013163 3.281250 0.042351 FPGA_VCCINT 0.006581 1.093750 0.007058
8915 170 FPGA_VCCAUX 0.013163 3.281250 0.042351 FPGA_VCCINT 0.006581 1.093750 0.007058
8966 171 FPGA_VCCAUX 0.013163 3.281250 0.042351 FPGA_VCCINT 0.006581 1.093750 0.007058
9019 172 FPGA_VCCAUX 0.013163 3.281250 0.042351 FPGA_VCCINT 0.006581 1.093750 0.007058
9072 173 FPGA_VCCAUX 0.013163 3.281250 0.042351 FPGA_VCCINT 0.006581 1.093750 0.007058
9123 174 FPGA_VCCAUX 0.013163 3.281250 0.042351 FPGA_VCCINT 0.006581 1.093750 0.007058
9176 175 FPGA_VCCAUX 0.013163 3.281250 0.042351 FPGA_VCCINT 0.006581 1.093750 0.007058
9230 176 FPGA_VCCAUX 0.013163 3.281250 0.042351 FPGA_VCCINT 0.006581 1.093750 0.007058
9280 177 FPGA_VCCAUX 0.013163 3.281250 0.042351 FPGA_VCCINT 0.006581 1.093750 0.007058
9334 178 FPGA_VCCAUX 0.013163 3.281250 0.042351 FPGA_VCCINT 0.006581 1.093750 0.007058
9387 179 FPGA_VCCAUX 0.013163 3.281250 0.042351 FPGA_VCCINT 0.006581 1.093750 0.007058
9438 180 FPGA_VCCAUX 0.013163 3.281250 0.042351 FPGA_VCCINT 0.006581 1.093750 0.007058
9491 181 FPGA_VCCAUX 0.013163 3.281250 0.042351 FPGA_VCCINT 0.006581 1.093750 0.007058
9544 182 FPGA_VCCAUX 0.013163 3.281250 0.042351 FPGA_VCCINT 0.006581 1.093750 0.007058
9595 183 FPGA_VCCAUX 0.013163 3.281250 0.042351 FPGA_VCCINT 0.006581 1.093750 0.007058
9649 184 FPGA_VCCAUX 0.013163 3.281250 0.042351 FPGA_VCCINT 0.006581 1.093750 0.007058
9702 185 FPGA_VCCAUX 0.013163 3.281250 0.042351 FPGA_VCCINT 0.006581 1.093750 0.007058
9752 186 FPGA_VCCAUX 0.013163 3.281250 0.042351 FPGA_VCCINT 0.006581 1.093750 0.007058
9806 187 FPGA_VCCAUX 0.013163 3.281250 0.042351 FPGA_VCCINT 0.006581 1.093750 0.007058
9859 188 FPGA_VCCAUX 0.013163 3.281250 0.042351 FPGA_VCCINT 0.006581 1.093750 0.007058
9910 189 FPGA_VCCAUX 0.020132 3.281250 0.064772 FPGA_VCCINT 0.006581 1.093750 0.007058
9963 190 FPGA_VCCAUX 0.020132 3.281250 0.064772 FPGA_VCCINT 0.006581 1.093750 0.007058
10016 191 FPGA_VCCAUX 0.020132 3.281250 0.064772 FPGA_VCCINT 0.006581 1.093750 0.007058
10067 192 FPGA_VCCAUX 0.020132 3.281250 0.064772 FPGA_VCCINT 0.006581 1.093750 0.007058
10121 193 FPGA_VCCAUX 0.020132 3.281250 0.064772 FPGA_VCCINT 0.006581 1.093750 0.007058
10174 194 FPGA_VCCAUX 0.020132 3.281250 0.064772 FPGA_VCCINT 0.006581 1.093750 0.007058
10225 195 FPGA_VCCAUX 0.020132 3.281250 0.064772 FPGA_VCCINT 0.006581 1.093750 0.007058
10279 196 FPGA_VCCAUX 0.020132 3.281250 0.064772 FPGA_VCCINT 0.006581 1.093750 0.007058
10330 197 FPGA_VCCAUX 0.020132 3.281250 0.064772 FPGA_VCCINT 0.006581 1.093750 0.007058
10384 198 FPGA_VCCAUX 0.020132 3.281250 0.064772 FPGA_VCCINT 0.006581 1.093750 0.007058
10435 199 FPGA_VCCAUX 0.020132 3.281250 0.064772 FPGA_VCCINT 0.006581 1.093750 0.007058
10489 200 FPGA_VCCAUX 0.020132 3.281250 0.064772 FPGA_VCCINT 0.006581 1.093750 0.007058
10539 201 FPGA_VCCAUX 0.020132 3.281250 0.064772 FPGA_VCCINT 0.006581 1.093750 0.007058
10593 202 FPGA_VCCAUX 0.020132 3.281250 0.064772 FPGA_VCCINT 0.006581 1.093750 0.007058
10697 203 FPGA_VCCAUX 0.020132 3.281250 0.064772 FPGA_VCCINT 0.006581 1.093750 0.007058
10750 204 FPGA_VCCAUX 0.020132 3.281250 0.064772 FPGA_VCCINT 0.006581 1.093750 0.007058
10804 205 FPGA_VCCAUX 0.020132 3.281250 0.064772 FPGA_VCCINT 0.006581 1.093750 0.007058
10855 206 FPGA_VCCAUX 0.020132 3.281250 0.064772 FPGA_VCCINT 0.006581 1.093750 0.007058
10908 207 FPGA_VCCAUX 0.020132 3.281250 0.064772 FPGA_VCCINT 0.006581 1.093750 0.007058
10959 208 FPGA_VCCAUX 0.020132 3.281250 0.064772 FPGA_VCCINT 0.006581 1.093750 0.007058
11013 209 FPGA_VCCAUX 0.020132 3.281250 0.064772 FPGA_VCCINT 0.006581 1.093750 0.007058
11066 210 FPGA_VCCAUX 0.020132 3.281250 0.064772 FPGA_VCCINT 0.006581 1.093750 0.007058
11117 211 FPGA_VCCAUX 0.020132 3.281250 0.064772 FPGA_VCCINT 0.006581 1.093750 0.007058
11171 212 FPGA_VCCAUX 0.020132 3.281250 0.064772 FPGA_VCCINT 0.006581 1.093750 0.007058
11222 213 FPGA_VCCAUX 0.020132 3.281250 0.064772 FPGA_VCCINT 0.006581 1.093750 0.007058
11276 214 FPGA_VCCAUX 0.020132 3.281250 0.064772 FPGA_VCCINT 0.006581 1.093750 0.007058
11327 215 FPGA_VCCAUX 0.020132 3.281250 0.064772 FPGA_VCCINT 0.006581 1.093750 0.007058
11380 216 FPGA_VCCAUX 0.020132 3.281250 0.064772 FPGA_VCCINT 0.006581 1.093750 0.007058
11486 217 FPGA_VCCAUX 0.020132 3.281250 0.064772 FPGA_VCCINT 0.006581 1.093750 0.007058
11537 218 FPGA_VCCAUX 0.020132 3.281250 0.064772 FPGA_VCCINT 0.006581 1.093750 0.007058
11591 219 FPGA_VCCAUX 0.020132 3.281250 0.064772 FPGA_VCCINT 0.006581 1.093750 0.007058
11642 220 FPGA_VCCAUX 0.020132 3.281250 0.064772 FPGA_VCCINT 0.006581 1.093750 0.007058
11695 221 FPGA_VCCAUX 0.020132 3.281250 0.064772 FPGA_VCCINT 0.006581 1.093750 0.007058
11746 222 FPGA_VCCAUX 0.020132 3.281250 0.064772 FPGA_VCCINT 0.006581 1.093750 0.007058
11800 223 FPGA_VCCAUX 0.020132 3.281250 0.064772 FPGA_VCCINT 0.006581 1.093750 0.007058
11851 224 FPGA_VCCAUX 0.013163 3.281250 0.042351 FPGA_VCCINT 0.006581 1.093750 0.007058
11905 225 FPGA_VCCAUX 0.013163 3.281250 0.042351 FPGA_VCCINT 0.006581 1.093750 0.007058
11958 226 FPGA_VCCAUX 0.013163 3.281250 0.042351 FPGA_VCCINT 0.006581 1.093750 0.007058
12009 227 FPGA_VCCAUX 0.013163 3.281250 0.042351 FPGA_VCCINT 0.006581 1.093750 0.007058
12063 228 FPGA_VCCAUX 0.013163 3.281250 0.042351 FPGA_VCCINT 0.006581 1.093750 0.007058
12114 229 FPGA_VCCAUX 0.013163 3.281250 0.042351 FPGA_VCCINT 0.006581 1.093750 0.007058
12167 230 FPGA_VCCAUX 0.013163 3.281250 0.042351 FPGA_VCCINT 0.006581 1.093750 0.007058
12220 231 FPGA_VCCAUX 0.013163 3.281250 0.042351 FPGA_VCCINT 0.006581 1.093750 0.007058
12272 232 FPGA_VCCAUX 0.013163 3.281250 0.042351 FPGA_VCCINT 0.006581 1.093750 0.007058
12325 233 FPGA_VCCAUX 0.013163 3.281250 0.042351 FPGA_VCCINT 0.006581 1.093750 0.007058
12376 234 FPGA_VCCAUX 0.013163 3.281250 0.042351 FPGA_VCCINT 0.006581 1.093750 0.007058
12430 235 FPGA_VCCAUX 0.013163 3.281250 0.042351 FPGA_VCCINT 0.006581 1.093750 0.007058
12481 236 FPGA_VCCAUX 0.013163 3.281250 0.042351 FPGA_VCCINT 0.006581 1.093750 0.007058
12534 237 FPGA_VCCAUX 0.013163 3.281250 0.042351 FPGA_VCCINT 0.006581 1.093750 0.007058
12588 238 FPGA_VCCAUX 0.013163 3.281250 0.042351 FPGA_VCCINT 0.006581 1.093750 0.007058
12639 239 FPGA_VCCAUX 0.013163 3.281250 0.042351 FPGA_VCCINT 0.006581 1.093750 0.007058
12692 240 FPGA_VCCAUX 0.013163 3.281250 0.042351 FPGA_VCCINT 0.006581 1.093750 0.007058
12743 241 FPGA_VCCAUX 0.013163 3.281250 0.042351 FPGA_VCCINT 0.006581 1.093750 0.007058
12797 242 FPGA_VCCAUX 0.013163 3.281250 0.042351 FPGA_VCCINT 0.006581 1.093750 0.007058
12848 243 FPGA_VCCAUX 0.013163 3.281250 0.042351 FPGA_VCCINT 0.006581 1.093750 0.007058
12901 244 FPGA_VCCAUX 0.013163 3.281250 0.042351 FPGA_VCCINT 0.006581 1.093750 0.007058
12955 245 FPGA_VCCAUX 0.013163 3.281250 0.042351 FPGA_VCCINT 0.006581 1.093750 0.007058
13006 246 FPGA_VCCAUX 0.013163 3.281250 0.042351 FPGA_VCCINT 0.006581 1.093750 0.007058
13060 247 FPGA_VCCAUX 0.013163 3.281250 0.042351 FPGA_VCCINT 0.006581 1.093750 0.007058
13111 248 FPGA_VCCAUX 0.013163 3.281250 0.042351 FPGA_VCCINT 0.006581 1.093750 0.007058
13164 249 FPGA_VCCAUX 0.013163 3.281250 0.042351 FPGA_VCCINT 0.006581 1.093750 0.007058
13218 250 FPGA_VCCAUX 0.013163 3.281250 0.042351 FPGA_VCCINT 0.006581 1.093750 0.007058
13269 251 FPGA_VCCAUX 0.013163 3.281250 0.042351 FPGA_VCCINT 0.006581 1.093750 0.007058
13322 252 FPGA_VCCAUX 0.013163 3.281250 0.042351 FPGA_VCCINT 0.006581 1.093750 0.007058
13373 253 FPGA_VCCAUX 0.013163 3.281250 0.042351 FPGA_VCCINT 0.006581 1.093750 0.007058
13427 254 FPGA_VCCAUX 0.013163 3.281250 0.042351 FPGA_VCCINT 0.006581 1.093750 0.007058
13477 255 FPGA_VCCAUX 0.013163 3.281250 0.042351 FPGA_VCCINT 0.006581 1.093750 0.007058
13531 256 FPGA_VCCAUX 0.013163 3.281250 0.042351 FPGA_VCCINT 0.006581 1.093750 0.007058
13635 257 FPGA_VCCAUX 0.013163 3.281250 0.042351 FPGA_VCCINT 0.006581 1.093750 0.007058
13689 258 FPGA_VCCAUX 0.013163 3.281250 0.042351 FPGA_VCCINT 0.006581 1.093750 0.007058
13742 259 FPGA_VCCAUX 0.013163 3.281250 0.042351 FPGA_VCCINT 0.006581 1.093750 0.007058
13793 260 FPGA_VCCAUX 0.013163 3.281250 0.042351 FPGA_VCCINT 0.006581 1.093750 0.007058
13847 261 FPGA_VCCAUX 0.013937 3.281250 0.044842 FPGA_VCCINT 0.006581 1.093750 0.007058
13898 262 FPGA_VCCAUX 0.013937 3.281250 0.044842 FPGA_VCCINT 0.006581 1.093750 0.007058
13951 263 FPGA_VCCAUX 0.013937 3.281250 0.044842 FPGA_VCCINT 0.006581 1.093750 0.007058
14003 264 FPGA_VCCAUX 0.013937 3.281250 0.044842 FPGA_VCCINT 0.006581 1.093750 0.007058
14056 265 FPGA_VCCAUX 0.013937 3.281250 0.044842 FPGA_VCCINT 0.006581 1.093750 0.007058
14134 266 FPGA_VCCAUX 0.013937 3.281250 0.044842 FPGA_VCCINT 0.006581 1.093750 0.007058
14188 267 FPGA_VCCAUX 0.013937 3.281250 0.044842 FPGA_VCCINT 0.006581 1.093750 0.007058
14239 268 FPGA_VCCAUX 0.013937 3.281250 0.044842 FPGA_VCCINT 0.006581 1.093750 0.007058
14292 269 FPGA_VCCAUX 0.013937 3.281250 0.044842 FPGA_VCCINT 0.006581 1.093750 0.007058
14398 270 FPGA_VCCAUX 0.013937 3.281250 0.044842 FPGA_VCCINT 0.006581 1.093750 0.007058
14449 271 FPGA_VCCAUX 0.013937 3.281250 0.044842 FPGA_VCCINT 0.006581 1.093750 0.007058
14503 272 FPGA_VCCAUX 0.013937 3.281250 0.044842 FPGA_VCCINT 0.006581 1.093750 0.007058
14554 273 FPGA_VCCAUX 0.013937 3.281250 0.044842 FPGA_VCCINT 0.006581 1.093750 0.007058
14608 274 FPGA_VCCAUX 0.013937 3.281250 0.044842 FPGA_VCCINT 0.006581 1.093750 0.007058
14659 275 FPGA_VCCAUX 0.013937 3.281250 0.044842 FPGA_VCCINT 0.006581 1.093750 0.007058
14712 276 FPGA_VCCAUX 0.013937 3.281250 0.044842 FPGA_VCCINT 0.006581 1.093750 0.007058
14764 277 FPGA_VCCAUX 0.013937 3.281250 0.044842 FPGA_VCCINT 0.006581 1.093750 0.007058
14817 278 FPGA_VCCAUX 0.013937 3.281250 0.044842 FPGA_VCCINT 0.006581 1.093750 0.007058
14868 279 FPGA_VCCAUX 0.013937 3.281250 0.044842 FPGA_VCCINT 0.006581 1.093750 0.007058
14922 280 FPGA_VCCAUX 0.013937 3.281250 0.044842 FPGA_VCCINT 0.006581 1.093750 0.007058
15028 281 FPGA_VCCAUX 0.013937 3.281250 0.044842 FPGA_VCCINT 0.006581 1.093750 0.007058
15079 282 FPGA_VCCAUX 0.013937 3.281250 0.044842 FPGA_VCCINT 0.006581 1.093750 0.007058
15185 283 FPGA_VCCAUX 0.013937 3.281250 0.044842 FPGA_VCCINT 0.006581 1.093750 0.007058
15236 284 FPGA_VCCAUX 0.013937 3.281250 0.044842 FPGA_VCCINT 0.006581 1.093750 0.007058
15290 285 FPGA_VCCAUX 0.013937 3.281250 0.044842 FPGA_VCCINT 0.006581 1.093750 0.007058
15341 286 FPGA_VCCAUX 0.013937 3.281250 0.044842 FPGA_VCCINT 0.006581 1.093750 0.007058
15395 287 FPGA_VCCAUX 0.013937 3.281250 0.044842 FPGA_VCCINT 0.006581 1.093750 0.007058
15446 288 FPGA_VCCAUX 0.013937 3.281250 0.044842 FPGA_VCCINT 0.006581 1.093750 0.007058
15500 289 FPGA_VCCAUX 0.013937 3.281250 0.044842 FPGA_VCCINT 0.006581 1.093750 0.007058
15551 290 FPGA_VCCAUX 0.013937 3.281250 0.044842 FPGA_VCCINT 0.006581 1.093750 0.007058
