13 1 FPGA_VCCAUX 0.024390 3.281250 0.079675 FPGA_VCCINT 0.006194 1.093750 0.006643
47 2 FPGA_VCCAUX 0.024390 3.281250 0.079675 FPGA_VCCINT 0.006194 1.093750 0.006643
81 3 FPGA_VCCAUX 0.024390 3.281250 0.079675 FPGA_VCCINT 0.006194 1.093750 0.006643
121 4 FPGA_VCCAUX 0.024390 3.281250 0.079675 FPGA_VCCINT 0.006194 1.093750 0.006643
173 5 FPGA_VCCAUX 0.024390 3.281250 0.079675 FPGA_VCCINT 0.006194 1.093750 0.006643
226 6 FPGA_VCCAUX 0.024390 3.281250 0.079675 FPGA_VCCINT 0.006194 1.093750 0.006643
278 7 FPGA_VCCAUX 0.024390 3.281250 0.079675 FPGA_VCCINT 0.006194 1.093750 0.006643
331 8 FPGA_VCCAUX 0.024390 3.281250 0.079675 FPGA_VCCINT 0.006194 1.093750 0.006643
383 9 FPGA_VCCAUX 0.024390 3.281250 0.079675 FPGA_VCCINT 0.006194 1.093750 0.006643
436 10 FPGA_VCCAUX 0.024390 3.281250 0.079675 FPGA_VCCINT 0.006194 1.250000 0.007592
489 11 FPGA_VCCAUX 0.024390 3.281250 0.079675 FPGA_VCCINT 0.006194 1.250000 0.007592
539 12 FPGA_VCCAUX 0.024390 3.281250 0.079675 FPGA_VCCINT 0.006194 1.250000 0.007592
592 13 FPGA_VCCAUX 0.024390 3.281250 0.079675 FPGA_VCCINT 0.006194 1.250000 0.007592
644 14 FPGA_VCCAUX 0.024390 3.281250 0.079675 FPGA_VCCINT 0.007743 1.250000 0.009490
697 15 FPGA_VCCAUX 0.024390 3.281250 0.079675 FPGA_VCCINT 0.006194 1.250000 0.007592
750 16 FPGA_VCCAUX 0.024390 3.281250 0.079675 FPGA_VCCINT 0.007743 1.250000 0.009490
803 17 FPGA_VCCAUX 0.024390 3.281250 0.079675 FPGA_VCCINT 0.007743 1.250000 0.009490
855 18 FPGA_VCCAUX 0.024390 3.281250 0.079675 FPGA_VCCINT 0.006194 1.250000 0.007592
908 19 FPGA_VCCAUX 0.024390 3.281250 0.079675 FPGA_VCCINT 0.006194 1.250000 0.007592
961 20 FPGA_VCCAUX 0.024390 3.281250 0.079675 FPGA_VCCINT 0.006194 1.250000 0.007592
1011 21 FPGA_VCCAUX 0.024390 3.281250 0.079675 FPGA_VCCINT 0.006194 1.250000 0.007592
1064 22 FPGA_VCCAUX 0.024390 3.281250 0.079675 FPGA_VCCINT 0.006194 1.250000 0.007592
1117 23 FPGA_VCCAUX 0.024390 3.281250 0.079675 FPGA_VCCINT 0.006194 1.250000 0.007592
1170 24 FPGA_VCCAUX 0.024390 3.281250 0.079675 FPGA_VCCINT 0.006194 1.250000 0.007592
1223 25 FPGA_VCCAUX 0.024390 3.281250 0.079675 FPGA_VCCINT 0.006194 1.250000 0.007592
1276 26 FPGA_VCCAUX 0.024390 3.281250 0.079675 FPGA_VCCINT 0.006194 1.250000 0.007592
1326 27 FPGA_VCCAUX 0.024390 3.281250 0.079675 FPGA_VCCINT 0.006194 1.250000 0.007592
1379 28 FPGA_VCCAUX 0.024390 3.281250 0.079675 FPGA_VCCINT 0.006194 1.250000 0.007592
1432 29 FPGA_VCCAUX 0.024390 3.281250 0.079675 FPGA_VCCINT 0.006194 1.250000 0.007592
1485 30 FPGA_VCCAUX 0.024390 3.281250 0.079675 FPGA_VCCINT 0.006194 1.250000 0.007592
1538 31 FPGA_VCCAUX 0.024390 3.281250 0.079675 FPGA_VCCINT 0.006194 1.250000 0.007592
1591 32 FPGA_VCCAUX 0.024390 3.281250 0.079675 FPGA_VCCINT 0.006194 1.250000 0.007592
1641 33 FPGA_VCCAUX 0.024390 3.281250 0.079675 FPGA_VCCINT 0.006194 1.250000 0.007592
1694 34 FPGA_VCCAUX 0.024390 3.281250 0.079675 FPGA_VCCINT 0.006194 1.250000 0.007592
1747 35 FPGA_VCCAUX 0.024390 3.281250 0.079675 FPGA_VCCINT 0.006194 1.250000 0.007592
1800 36 FPGA_VCCAUX 0.024390 3.281250 0.079675 FPGA_VCCINT 0.007743 1.250000 0.009490
1853 37 FPGA_VCCAUX 0.024390 3.281250 0.079675 FPGA_VCCINT 0.007743 1.250000 0.009490
1904 38 FPGA_VCCAUX 0.024390 3.281250 0.079675 FPGA_VCCINT 0.006194 1.093750 0.006643
1957 39 FPGA_VCCAUX 0.024390 3.281250 0.079675 FPGA_VCCINT 0.006194 1.093750 0.006643
2010 40 FPGA_VCCAUX 0.024390 3.281250 0.079675 FPGA_VCCINT 0.006194 1.093750 0.006643
2063 41 FPGA_VCCAUX 0.024390 3.281250 0.079675 FPGA_VCCINT 0.006194 1.093750 0.006643
2114 42 FPGA_VCCAUX 0.020132 3.281250 0.064772 FPGA_VCCINT 0.007743 1.093750 0.008304
2167 43 FPGA_VCCAUX 0.020132 3.281250 0.064772 FPGA_VCCINT 0.006194 1.093750 0.006643
2220 44 FPGA_VCCAUX 0.020132 3.281250 0.064772 FPGA_VCCINT 0.006194 1.093750 0.006643
2273 45 FPGA_VCCAUX 0.020132 3.281250 0.064772 FPGA_VCCINT 0.006194 1.093750 0.006643
2323 46 FPGA_VCCAUX 0.020132 3.281250 0.064772 FPGA_VCCINT 0.006194 1.093750 0.006643
2376 47 FPGA_VCCAUX 0.020132 3.281250 0.064772 FPGA_VCCINT 0.006194 1.093750 0.006643
2429 48 FPGA_VCCAUX 0.020132 3.281250 0.064772 FPGA_VCCINT 0.006194 1.093750 0.006643
2482 49 FPGA_VCCAUX 0.020132 3.281250 0.064772 FPGA_VCCINT 0.006194 1.093750 0.006643
2535 50 FPGA_VCCAUX 0.020132 3.281250 0.064772 FPGA_VCCINT 0.006194 1.093750 0.006643
2586 51 FPGA_VCCAUX 0.020132 3.281250 0.064772 FPGA_VCCINT 0.006194 1.093750 0.006643
2639 52 FPGA_VCCAUX 0.020132 3.281250 0.064772 FPGA_VCCINT 0.006194 1.093750 0.006643
2718 53 FPGA_VCCAUX 0.020132 3.281250 0.064772 FPGA_VCCINT 0.006194 1.093750 0.006643
2771 54 FPGA_VCCAUX 0.020132 3.281250 0.064772 FPGA_VCCINT 0.006194 1.093750 0.006643
2822 55 FPGA_VCCAUX 0.020132 3.281250 0.064772 FPGA_VCCINT 0.006194 1.093750 0.006643
2874 56 FPGA_VCCAUX 0.020132 3.281250 0.064772 FPGA_VCCINT 0.006194 1.093750 0.006643
2927 57 FPGA_VCCAUX 0.020132 3.281250 0.064772 FPGA_VCCINT 0.006194 1.093750 0.006643
2980 58 FPGA_VCCAUX 0.020132 3.281250 0.064772 FPGA_VCCINT 0.006194 1.093750 0.006643
3033 59 FPGA_VCCAUX 0.020132 3.281250 0.064772 FPGA_VCCINT 0.006194 1.093750 0.006643
3136 60 FPGA_VCCAUX 0.020132 3.281250 0.064772 FPGA_VCCINT 0.006194 1.093750 0.006643
3190 61 FPGA_VCCAUX 0.020132 3.281250 0.064772 FPGA_VCCINT 0.006194 1.093750 0.006643
3243 62 FPGA_VCCAUX 0.020132 3.281250 0.064772 FPGA_VCCINT 0.006194 1.093750 0.006643
3296 63 FPGA_VCCAUX 0.020132 3.281250 0.064772 FPGA_VCCINT 0.006194 1.093750 0.006643
3346 64 FPGA_VCCAUX 0.020132 3.281250 0.064772 FPGA_VCCINT 0.006194 1.093750 0.006643
3399 65 FPGA_VCCAUX 0.020132 3.281250 0.064772 FPGA_VCCINT 0.006194 1.093750 0.006643
3452 66 FPGA_VCCAUX 0.020132 3.281250 0.064772 FPGA_VCCINT 0.006194 1.093750 0.006643
3505 67 FPGA_VCCAUX 0.020132 3.281250 0.064772 FPGA_VCCINT 0.006194 1.093750 0.006643
3558 68 FPGA_VCCAUX 0.020132 3.281250 0.064772 FPGA_VCCINT 0.006194 1.093750 0.006643
3609 69 FPGA_VCCAUX 0.020132 3.281250 0.064772 FPGA_VCCINT 0.006194 1.093750 0.006643
3662 70 FPGA_VCCAUX 0.020132 3.281250 0.064772 FPGA_VCCINT 0.006194 1.093750 0.006643
3715 71 FPGA_VCCAUX 0.020132 3.281250 0.064772 FPGA_VCCINT 0.006194 1.093750 0.006643
3768 72 FPGA_VCCAUX 0.020132 3.281250 0.064772 FPGA_VCCINT 0.006194 1.093750 0.006643
3873 73 FPGA_VCCAUX 0.020132 3.281250 0.064772 FPGA_VCCINT 0.006194 1.093750 0.006643
3924 74 FPGA_VCCAUX 0.020132 3.281250 0.064772 FPGA_VCCINT 0.006194 1.093750 0.006643
3977 75 FPGA_VCCAUX 0.020132 3.281250 0.064772 FPGA_VCCINT 0.006194 1.093750 0.006643
4030 76 FPGA_VCCAUX 0.020132 3.281250 0.064772 FPGA_VCCINT 0.006194 1.093750 0.006643
4083 77 FPGA_VCCAUX 0.012776 3.281250 0.041105 FPGA_VCCINT 0.006194 1.093750 0.006643
4136 78 FPGA_VCCAUX 0.012776 3.281250 0.041105 FPGA_VCCINT 0.006194 1.093750 0.006643
4186 79 FPGA_VCCAUX 0.012776 3.281250 0.041105 FPGA_VCCINT 0.006194 1.093750 0.006643
4239 80 FPGA_VCCAUX 0.012776 3.281250 0.041105 FPGA_VCCINT 0.006194 1.093750 0.006643
4292 81 FPGA_VCCAUX 0.012776 3.281250 0.041105 FPGA_VCCINT 0.006194 1.093750 0.006643
4345 82 FPGA_VCCAUX 0.012776 3.281250 0.041105 FPGA_VCCINT 0.006194 1.250000 0.007592
4396 83 FPGA_VCCAUX 0.012776 3.281250 0.041105 FPGA_VCCINT 0.006194 1.250000 0.007592
4448 84 FPGA_VCCAUX 0.012776 3.281250 0.041105 FPGA_VCCINT 0.006194 1.250000 0.007592
4501 85 FPGA_VCCAUX 0.012776 3.281250 0.041105 FPGA_VCCINT 0.006194 1.250000 0.007592
4554 86 FPGA_VCCAUX 0.012776 3.281250 0.041105 FPGA_VCCINT 0.006194 1.250000 0.007592
4607 87 FPGA_VCCAUX 0.012776 3.281250 0.041105 FPGA_VCCINT 0.006194 1.250000 0.007592
4660 88 FPGA_VCCAUX 0.012776 3.281250 0.041105 FPGA_VCCINT 0.006194 1.250000 0.007592
4713 89 FPGA_VCCAUX 0.012776 3.281250 0.041105 FPGA_VCCINT 0.006194 1.250000 0.007592
4765 90 FPGA_VCCAUX 0.012776 3.281250 0.041105 FPGA_VCCINT 0.006194 1.250000 0.007592
4816 91 FPGA_VCCAUX 0.012776 3.281250 0.041105 FPGA_VCCINT 0.006194 1.250000 0.007592
4868 92 FPGA_VCCAUX 0.012776 3.281250 0.041105 FPGA_VCCINT 0.006194 1.250000 0.007592
4921 93 FPGA_VCCAUX 0.012776 3.281250 0.041105 FPGA_VCCINT 0.006194 1.250000 0.007592
4974 94 FPGA_VCCAUX 0.012776 3.281250 0.041105 FPGA_VCCINT 0.006194 1.250000 0.007592
5027 95 FPGA_VCCAUX 0.012776 3.281250 0.041105 FPGA_VCCINT 0.006194 1.250000 0.007592
5080 96 FPGA_VCCAUX 0.012776 3.281250 0.041105 FPGA_VCCINT 0.006194 1.250000 0.007592
5133 97 FPGA_VCCAUX 0.012776 3.281250 0.041105 FPGA_VCCINT 0.006194 1.250000 0.007592
5183 98 FPGA_VCCAUX 0.012776 3.281250 0.041105 FPGA_VCCINT 0.006194 1.250000 0.007592
5236 99 FPGA_VCCAUX 0.012776 3.281250 0.041105 FPGA_VCCINT 0.006194 1.250000 0.007592
5288 100 FPGA_VCCAUX 0.012776 3.281250 0.041105 FPGA_VCCINT 0.006194 1.250000 0.007592
5341 101 FPGA_VCCAUX 0.012776 3.281250 0.041105 FPGA_VCCINT 0.006194 1.250000 0.007592
5394 102 FPGA_VCCAUX 0.012776 3.281250 0.041105 FPGA_VCCINT 0.006194 1.250000 0.007592
5447 103 FPGA_VCCAUX 0.012776 3.281250 0.041105 FPGA_VCCINT 0.006194 1.250000 0.007592
5498 104 FPGA_VCCAUX 0.012776 3.281250 0.041105 FPGA_VCCINT 0.006194 1.250000 0.007592
5551 105 FPGA_VCCAUX 0.012776 3.281250 0.041105 FPGA_VCCINT 0.006194 1.250000 0.007592
5604 106 FPGA_VCCAUX 0.012776 3.281250 0.041105 FPGA_VCCINT 0.006194 1.250000 0.007592
5657 107 FPGA_VCCAUX 0.012776 3.281250 0.041105 FPGA_VCCINT 0.006194 1.250000 0.007592
5708 108 FPGA_VCCAUX 0.012776 3.281250 0.041105 FPGA_VCCINT 0.006194 1.250000 0.007592
5761 109 FPGA_VCCAUX 0.012776 3.281250 0.041105 FPGA_VCCINT 0.006194 1.250000 0.007592
5814 110 FPGA_VCCAUX 0.012776 3.281250 0.041105 FPGA_VCCINT 0.006194 1.250000 0.007592
5865 111 FPGA_VCCAUX 0.012776 3.281250 0.041105 FPGA_VCCINT 0.006194 1.250000 0.007592
5918 112 FPGA_VCCAUX 0.012776 3.281250 0.041105 FPGA_VCCINT 0.006194 1.250000 0.007592
5971 113 FPGA_VCCAUX 0.012776 3.281250 0.041105 FPGA_VCCINT 0.006194 1.250000 0.007592
6024 114 FPGA_VCCAUX 0.020132 3.281250 0.064772 FPGA_VCCINT 0.006194 1.250000 0.007592
6075 115 FPGA_VCCAUX 0.020132 3.281250 0.064772 FPGA_VCCINT 0.006194 1.250000 0.007592
6128 116 FPGA_VCCAUX 0.020132 3.281250 0.064772 FPGA_VCCINT 0.006194 1.250000 0.007592
6181 117 FPGA_VCCAUX 0.020132 3.281250 0.064772 FPGA_VCCINT 0.006194 1.093750 0.006643
6234 118 FPGA_VCCAUX 0.020132 3.281250 0.064772 FPGA_VCCINT 0.006194 1.093750 0.006643
6285 119 FPGA_VCCAUX 0.020132 3.281250 0.064772 FPGA_VCCINT 0.006194 1.093750 0.006643
6338 120 FPGA_VCCAUX 0.020132 3.281250 0.064772 FPGA_VCCINT 0.006194 1.093750 0.006643
6391 121 FPGA_VCCAUX 0.020132 3.281250 0.064772 FPGA_VCCINT 0.006194 1.093750 0.006643
6442 122 FPGA_VCCAUX 0.020132 3.281250 0.064772 FPGA_VCCINT 0.006194 1.093750 0.006643
6495 123 FPGA_VCCAUX 0.020132 3.281250 0.064772 FPGA_VCCINT 0.006194 1.093750 0.006643
6549 124 FPGA_VCCAUX 0.020132 3.281250 0.064772 FPGA_VCCINT 0.006194 1.250000 0.007592
6599 125 FPGA_VCCAUX 0.020132 3.281250 0.064772 FPGA_VCCINT 0.006194 1.250000 0.007592
6652 126 FPGA_VCCAUX 0.020132 3.281250 0.064772 FPGA_VCCINT 0.006194 1.250000 0.007592
6705 127 FPGA_VCCAUX 0.020132 3.281250 0.064772 FPGA_VCCINT 0.006194 1.250000 0.007592
6759 128 FPGA_VCCAUX 0.020132 3.281250 0.064772 FPGA_VCCINT 0.006194 1.250000 0.007592
6861 129 FPGA_VCCAUX 0.020132 3.281250 0.064772 FPGA_VCCINT 0.006194 1.250000 0.007592
6915 130 FPGA_VCCAUX 0.020132 3.281250 0.064772 FPGA_VCCINT 0.006194 1.250000 0.007592
6967 131 FPGA_VCCAUX 0.020132 3.281250 0.064772 FPGA_VCCINT 0.006194 1.250000 0.007592
7020 132 FPGA_VCCAUX 0.020132 3.281250 0.064772 FPGA_VCCINT 0.006194 1.250000 0.007592
7073 133 FPGA_VCCAUX 0.020132 3.281250 0.064772 FPGA_VCCINT 0.006194 1.250000 0.007592
7124 134 FPGA_VCCAUX 0.020132 3.281250 0.064772 FPGA_VCCINT 0.006194 1.250000 0.007592
7177 135 FPGA_VCCAUX 0.020132 3.281250 0.064772 FPGA_VCCINT 0.006194 1.250000 0.007592
7230 136 FPGA_VCCAUX 0.020132 3.281250 0.064772 FPGA_VCCINT 0.006194 1.250000 0.007592
7283 137 FPGA_VCCAUX 0.020132 3.281250 0.064772 FPGA_VCCINT 0.006194 1.250000 0.007592
7334 138 FPGA_VCCAUX 0.020132 3.281250 0.064772 FPGA_VCCINT 0.006194 1.250000 0.007592
7387 139 FPGA_VCCAUX 0.020132 3.281250 0.064772 FPGA_VCCINT 0.006194 1.250000 0.007592
7440 140 FPGA_VCCAUX 0.020132 3.281250 0.064772 FPGA_VCCINT 0.006194 1.250000 0.007592
7493 141 FPGA_VCCAUX 0.020132 3.281250 0.064772 FPGA_VCCINT 0.006194 1.250000 0.007592
7546 142 FPGA_VCCAUX 0.020132 3.281250 0.064772 FPGA_VCCINT 0.006194 1.250000 0.007592
7596 143 FPGA_VCCAUX 0.020132 3.281250 0.064772 FPGA_VCCINT 0.006194 1.250000 0.007592
7649 144 FPGA_VCCAUX 0.020132 3.281250 0.064772 FPGA_VCCINT 0.006194 1.250000 0.007592
7702 145 FPGA_VCCAUX 0.020132 3.281250 0.064772 FPGA_VCCINT 0.006194 1.250000 0.007592
7755 146 FPGA_VCCAUX 0.020132 3.281250 0.064772 FPGA_VCCINT 0.006194 1.250000 0.007592
7861 147 FPGA_VCCAUX 0.020132 3.281250 0.064772 FPGA_VCCINT 0.006194 1.250000 0.007592
7912 148 FPGA_VCCAUX 0.020132 3.281250 0.064772 FPGA_VCCINT 0.006194 1.250000 0.007592
7965 149 FPGA_VCCAUX 0.012776 3.281250 0.041105 FPGA_VCCINT 0.006194 1.250000 0.007592
8018 150 FPGA_VCCAUX 0.012776 3.281250 0.041105 FPGA_VCCINT 0.006194 1.250000 0.007592
8121 151 FPGA_VCCAUX 0.012776 3.281250 0.041105 FPGA_VCCINT 0.006194 1.250000 0.007592
8174 152 FPGA_VCCAUX 0.012776 3.281250 0.041105 FPGA_VCCINT 0.006194 1.250000 0.007592
8227 153 FPGA_VCCAUX 0.012776 3.281250 0.041105 FPGA_VCCINT 0.006194 1.250000 0.007592
8280 154 FPGA_VCCAUX 0.012776 3.281250 0.041105 FPGA_VCCINT 0.006194 1.250000 0.007592
8333 155 FPGA_VCCAUX 0.012776 3.281250 0.041105 FPGA_VCCINT 0.006194 1.250000 0.007592
8384 156 FPGA_VCCAUX 0.012776 3.281250 0.041105 FPGA_VCCINT 0.006194 1.250000 0.007592
8437 157 FPGA_VCCAUX 0.012776 3.281250 0.041105 FPGA_VCCINT 0.006194 1.250000 0.007592
8490 158 FPGA_VCCAUX 0.012776 3.281250 0.041105 FPGA_VCCINT 0.006194 1.250000 0.007592
8543 159 FPGA_VCCAUX 0.012776 3.281250 0.041105 FPGA_VCCINT 0.006194 1.250000 0.007592
8593 160 FPGA_VCCAUX 0.012776 3.281250 0.041105 FPGA_VCCINT 0.006194 1.250000 0.007592
8646 161 FPGA_VCCAUX 0.012776 3.281250 0.041105 FPGA_VCCINT 0.006194 1.250000 0.007592
8699 162 FPGA_VCCAUX 0.012776 3.281250 0.041105 FPGA_VCCINT 0.006194 1.250000 0.007592
8753 163 FPGA_VCCAUX 0.012776 3.281250 0.041105 FPGA_VCCINT 0.006194 1.250000 0.007592
8803 164 FPGA_VCCAUX 0.012776 3.281250 0.041105 FPGA_VCCINT 0.006194 1.093750 0.006643
8856 165 FPGA_VCCAUX 0.012776 3.281250 0.041105 FPGA_VCCINT 0.006194 1.093750 0.006643
8910 166 FPGA_VCCAUX 0.012776 3.281250 0.041105 FPGA_VCCINT 0.006194 1.093750 0.006643
8963 167 FPGA_VCCAUX 0.012776 3.281250 0.041105 FPGA_VCCINT 0.006194 1.093750 0.006643
9013 168 FPGA_VCCAUX 0.012776 3.281250 0.041105 FPGA_VCCINT 0.006194 1.093750 0.006643
9067 169 FPGA_VCCAUX 0.012776 3.281250 0.041105 FPGA_VCCINT 0.006194 1.093750 0.006643
9170 170 FPGA_VCCAUX 0.012776 3.281250 0.041105 FPGA_VCCINT 0.006194 1.093750 0.006643
9223 171 FPGA_VCCAUX 0.012776 3.281250 0.041105 FPGA_VCCINT 0.006194 1.093750 0.006643
9277 172 FPGA_VCCAUX 0.012776 3.281250 0.041105 FPGA_VCCINT 0.006194 1.250000 0.007592
9330 173 FPGA_VCCAUX 0.012776 3.281250 0.041105 FPGA_VCCINT 0.006194 1.250000 0.007592
9380 174 FPGA_VCCAUX 0.012776 3.281250 0.041105 FPGA_VCCINT 0.006194 1.250000 0.007592
9433 175 FPGA_VCCAUX 0.012776 3.281250 0.041105 FPGA_VCCINT 0.006194 1.250000 0.007592
9486 176 FPGA_VCCAUX 0.012776 3.281250 0.041105 FPGA_VCCINT 0.006194 1.250000 0.007592
9539 177 FPGA_VCCAUX 0.012776 3.281250 0.041105 FPGA_VCCINT 0.006194 1.250000 0.007592
9590 178 FPGA_VCCAUX 0.012776 3.281250 0.041105 FPGA_VCCINT 0.006194 1.250000 0.007592
9643 179 FPGA_VCCAUX 0.012776 3.281250 0.041105 FPGA_VCCINT 0.006194 1.250000 0.007592
9696 180 FPGA_VCCAUX 0.012776 3.281250 0.041105 FPGA_VCCINT 0.006194 1.250000 0.007592
9749 181 FPGA_VCCAUX 0.012776 3.281250 0.041105 FPGA_VCCINT 0.006194 1.250000 0.007592
9799 182 FPGA_VCCAUX 0.012776 3.281250 0.041105 FPGA_VCCINT 0.006194 1.250000 0.007592
9852 183 FPGA_VCCAUX 0.012776 3.281250 0.041105 FPGA_VCCINT 0.006194 1.093750 0.006643
9906 184 FPGA_VCCAUX 0.016260 3.281250 0.052316 FPGA_VCCINT 0.006194 1.250000 0.007592
9957 185 FPGA_VCCAUX 0.020132 3.281250 0.064772 FPGA_VCCINT 0.006194 1.250000 0.007592
10010 186 FPGA_VCCAUX 0.020132 3.281250 0.064772 FPGA_VCCINT 0.006194 1.250000 0.007592
10063 187 FPGA_VCCAUX 0.020132 3.281250 0.064772 FPGA_VCCINT 0.006194 1.250000 0.007592
10114 188 FPGA_VCCAUX 0.020132 3.281250 0.064772 FPGA_VCCINT 0.006194 1.250000 0.007592
10168 189 FPGA_VCCAUX 0.020132 3.281250 0.064772 FPGA_VCCINT 0.006194 1.250000 0.007592
10221 190 FPGA_VCCAUX 0.020132 3.281250 0.064772 FPGA_VCCINT 0.006194 1.250000 0.007592
10271 191 FPGA_VCCAUX 0.020132 3.281250 0.064772 FPGA_VCCINT 0.006194 1.250000 0.007592
10351 192 FPGA_VCCAUX 0.020132 3.281250 0.064772 FPGA_VCCINT 0.006194 1.093750 0.006643
10405 193 FPGA_VCCAUX 0.020132 3.281250 0.064772 FPGA_VCCINT 0.006194 1.093750 0.006643
10456 194 FPGA_VCCAUX 0.020132 3.281250 0.064772 FPGA_VCCINT 0.006194 1.093750 0.006643
10509 195 FPGA_VCCAUX 0.020132 3.281250 0.064772 FPGA_VCCINT 0.006194 1.093750 0.006643
10560 196 FPGA_VCCAUX 0.020132 3.281250 0.064772 FPGA_VCCINT 0.006194 1.093750 0.006643
10614 197 FPGA_VCCAUX 0.020132 3.281250 0.064772 FPGA_VCCINT 0.006194 1.093750 0.006643
10667 198 FPGA_VCCAUX 0.020132 3.281250 0.064772 FPGA_VCCINT 0.006194 1.093750 0.006643
10718 199 FPGA_VCCAUX 0.020132 3.281250 0.064772 FPGA_VCCINT 0.006194 1.250000 0.007592
10772 200 FPGA_VCCAUX 0.020132 3.281250 0.064772 FPGA_VCCINT 0.006194 1.250000 0.007592
10823 201 FPGA_VCCAUX 0.020132 3.281250 0.064772 FPGA_VCCINT 0.006194 1.250000 0.007592
10876 202 FPGA_VCCAUX 0.020132 3.281250 0.064772 FPGA_VCCINT 0.006194 1.250000 0.007592
10929 203 FPGA_VCCAUX 0.020132 3.281250 0.064772 FPGA_VCCINT 0.006194 1.250000 0.007592
10980 204 FPGA_VCCAUX 0.020132 3.281250 0.064772 FPGA_VCCINT 0.006194 1.250000 0.007592
11034 205 FPGA_VCCAUX 0.020132 3.281250 0.064772 FPGA_VCCINT 0.006194 1.250000 0.007592
11087 206 FPGA_VCCAUX 0.020132 3.281250 0.064772 FPGA_VCCINT 0.006194 1.250000 0.007592
11138 207 FPGA_VCCAUX 0.020132 3.281250 0.064772 FPGA_VCCINT 0.006194 1.250000 0.007592
11191 208 FPGA_VCCAUX 0.020132 3.281250 0.064772 FPGA_VCCINT 0.006194 1.250000 0.007592
11244 209 FPGA_VCCAUX 0.020132 3.281250 0.064772 FPGA_VCCINT 0.006194 1.250000 0.007592
11295 210 FPGA_VCCAUX 0.020132 3.281250 0.064772 FPGA_VCCINT 0.006194 1.250000 0.007592
11348 211 FPGA_VCCAUX 0.020132 3.281250 0.064772 FPGA_VCCINT 0.006194 1.250000 0.007592
11402 212 FPGA_VCCAUX 0.020132 3.281250 0.064772 FPGA_VCCINT 0.006194 1.250000 0.007592
11452 213 FPGA_VCCAUX 0.020132 3.281250 0.064772 FPGA_VCCINT 0.006194 1.250000 0.007592
11506 214 FPGA_VCCAUX 0.020132 3.281250 0.064772 FPGA_VCCINT 0.006194 1.250000 0.007592
11559 215 FPGA_VCCAUX 0.020132 3.281250 0.064772 FPGA_VCCINT 0.006194 1.250000 0.007592
11662 216 FPGA_VCCAUX 0.020132 3.281250 0.064772 FPGA_VCCINT 0.006194 1.250000 0.007592
11715 217 FPGA_VCCAUX 0.020132 3.281250 0.064772 FPGA_VCCINT 0.006194 1.250000 0.007592
11768 218 FPGA_VCCAUX 0.020132 3.281250 0.064772 FPGA_VCCINT 0.006194 1.250000 0.007592
11822 219 FPGA_VCCAUX 0.020132 3.281250 0.064772 FPGA_VCCINT 0.006194 1.250000 0.007592
11873 220 FPGA_VCCAUX 0.012776 3.281250 0.041105 FPGA_VCCINT 0.006194 1.250000 0.007592
11926 221 FPGA_VCCAUX 0.012776 3.281250 0.041105 FPGA_VCCINT 0.006194 1.250000 0.007592
11977 222 FPGA_VCCAUX 0.012776 3.281250 0.041105 FPGA_VCCINT 0.006194 1.250000 0.007592
12030 223 FPGA_VCCAUX 0.012776 3.281250 0.041105 FPGA_VCCINT 0.006194 1.250000 0.007592
12084 224 FPGA_VCCAUX 0.012776 3.281250 0.041105 FPGA_VCCINT 0.006194 1.250000 0.007592
12134 225 FPGA_VCCAUX 0.012776 3.281250 0.041105 FPGA_VCCINT 0.006194 1.250000 0.007592
12188 226 FPGA_VCCAUX 0.012776 3.281250 0.041105 FPGA_VCCINT 0.006194 1.250000 0.007592
12241 227 FPGA_VCCAUX 0.012776 3.281250 0.041105 FPGA_VCCINT 0.006194 1.250000 0.007592
12292 228 FPGA_VCCAUX 0.012776 3.281250 0.041105 FPGA_VCCINT 0.006194 1.250000 0.007592
12345 229 FPGA_VCCAUX 0.012776 3.281250 0.041105 FPGA_VCCINT 0.006194 1.250000 0.007592
12399 230 FPGA_VCCAUX 0.012776 3.281250 0.041105 FPGA_VCCINT 0.006194 1.250000 0.007592
12449 231 FPGA_VCCAUX 0.012776 3.281250 0.041105 FPGA_VCCINT 0.006194 1.250000 0.007592
12503 232 FPGA_VCCAUX 0.012776 3.281250 0.041105 FPGA_VCCINT 0.006194 1.250000 0.007592
12556 233 FPGA_VCCAUX 0.012776 3.281250 0.041105 FPGA_VCCINT 0.006194 1.250000 0.007592
12607 234 FPGA_VCCAUX 0.012776 3.281250 0.041105 FPGA_VCCINT 0.006194 1.250000 0.007592
12660 235 FPGA_VCCAUX 0.012776 3.281250 0.041105 FPGA_VCCINT 0.006194 1.250000 0.007592
12714 236 FPGA_VCCAUX 0.012776 3.281250 0.041105 FPGA_VCCINT 0.006194 1.250000 0.007592
12764 237 FPGA_VCCAUX 0.012776 3.281250 0.041105 FPGA_VCCINT 0.006194 1.093750 0.006643
12818 238 FPGA_VCCAUX 0.012776 3.281250 0.041105 FPGA_VCCINT 0.006194 1.093750 0.006643
12869 239 FPGA_VCCAUX 0.012776 3.281250 0.041105 FPGA_VCCINT 0.006194 1.093750 0.006643
12922 240 FPGA_VCCAUX 0.012776 3.281250 0.041105 FPGA_VCCINT 0.006194 1.093750 0.006643
12974 241 FPGA_VCCAUX 0.012776 3.281250 0.041105 FPGA_VCCINT 0.006194 1.093750 0.006643
13027 242 FPGA_VCCAUX 0.012776 3.281250 0.041105 FPGA_VCCINT 0.006194 1.093750 0.006643
13081 243 FPGA_VCCAUX 0.012776 3.281250 0.041105 FPGA_VCCINT 0.006194 1.093750 0.006643
13132 244 FPGA_VCCAUX 0.012776 3.281250 0.041105 FPGA_VCCINT 0.006194 1.093750 0.006643
13185 245 FPGA_VCCAUX 0.012776 3.281250 0.041105 FPGA_VCCINT 0.006194 1.250000 0.007592
13236 246 FPGA_VCCAUX 0.012776 3.281250 0.041105 FPGA_VCCINT 0.006194 1.250000 0.007592
13289 247 FPGA_VCCAUX 0.012776 3.281250 0.041105 FPGA_VCCINT 0.006194 1.250000 0.007592
13343 248 FPGA_VCCAUX 0.012776 3.281250 0.041105 FPGA_VCCINT 0.006194 1.250000 0.007592
13393 249 FPGA_VCCAUX 0.012776 3.281250 0.041105 FPGA_VCCINT 0.006194 1.250000 0.007592
13447 250 FPGA_VCCAUX 0.012776 3.281250 0.041105 FPGA_VCCINT 0.006194 1.250000 0.007592
13500 251 FPGA_VCCAUX 0.012776 3.281250 0.041105 FPGA_VCCINT 0.006194 1.250000 0.007592
13551 252 FPGA_VCCAUX 0.012776 3.281250 0.041105 FPGA_VCCINT 0.006194 1.250000 0.007592
13604 253 FPGA_VCCAUX 0.012776 3.281250 0.041105 FPGA_VCCINT 0.006194 1.250000 0.007592
13658 254 FPGA_VCCAUX 0.012776 3.281250 0.041105 FPGA_VCCINT 0.006194 1.250000 0.007592
13708 255 FPGA_VCCAUX 0.012776 3.281250 0.041105 FPGA_VCCINT 0.006194 1.250000 0.007592
13762 256 FPGA_VCCAUX 0.012776 3.281250 0.041105 FPGA_VCCINT 0.006194 1.250000 0.007592
13815 257 FPGA_VCCAUX 0.013550 3.281250 0.043596 FPGA_VCCINT 0.006194 1.250000 0.007592
13866 258 FPGA_VCCAUX 0.014324 3.281250 0.046088 FPGA_VCCINT 0.006194 1.250000 0.007592
13919 259 FPGA_VCCAUX 0.014324 3.281250 0.046088 FPGA_VCCINT 0.006194 1.250000 0.007592
13973 260 FPGA_VCCAUX 0.014324 3.281250 0.046088 FPGA_VCCINT 0.006194 1.250000 0.007592
14023 261 FPGA_VCCAUX 0.014324 3.281250 0.046088 FPGA_VCCINT 0.006194 1.250000 0.007592
14077 262 FPGA_VCCAUX 0.014324 3.281250 0.046088 FPGA_VCCINT 0.006194 1.250000 0.007592
14128 263 FPGA_VCCAUX 0.014324 3.281250 0.046088 FPGA_VCCINT 0.006194 1.093750 0.006643
14182 264 FPGA_VCCAUX 0.014324 3.281250 0.046088 FPGA_VCCINT 0.006194 1.250000 0.007592
14235 265 FPGA_VCCAUX 0.014324 3.281250 0.046088 FPGA_VCCINT 0.006194 1.250000 0.007592
14286 266 FPGA_VCCAUX 0.014324 3.281250 0.046088 FPGA_VCCINT 0.006194 1.250000 0.007592
14340 267 FPGA_VCCAUX 0.014324 3.281250 0.046088 FPGA_VCCINT 0.006194 1.250000 0.007592
14390 268 FPGA_VCCAUX 0.014324 3.281250 0.046088 FPGA_VCCINT 0.006194 1.093750 0.006643
14444 269 FPGA_VCCAUX 0.014324 3.281250 0.046088 FPGA_VCCINT 0.006194 1.093750 0.006643
14497 270 FPGA_VCCAUX 0.014324 3.281250 0.046088 FPGA_VCCINT 0.006194 1.093750 0.006643
14548 271 FPGA_VCCAUX 0.014324 3.281250 0.046088 FPGA_VCCINT 0.006194 1.093750 0.006643
14602 272 FPGA_VCCAUX 0.014324 3.281250 0.046088 FPGA_VCCINT 0.006194 1.093750 0.006643
14653 273 FPGA_VCCAUX 0.014324 3.281250 0.046088 FPGA_VCCINT 0.006194 1.093750 0.006643
14706 274 FPGA_VCCAUX 0.014324 3.281250 0.046088 FPGA_VCCINT 0.006194 1.093750 0.006643
14757 275 FPGA_VCCAUX 0.014324 3.281250 0.046088 FPGA_VCCINT 0.006194 1.093750 0.006643
14811 276 FPGA_VCCAUX 0.014324 3.281250 0.046088 FPGA_VCCINT 0.006194 1.093750 0.006643
14864 277 FPGA_VCCAUX 0.014324 3.281250 0.046088 FPGA_VCCINT 0.006194 1.093750 0.006643
14915 278 FPGA_VCCAUX 0.014324 3.281250 0.046088 FPGA_VCCINT 0.006194 1.250000 0.007592
14969 279 FPGA_VCCAUX 0.014324 3.281250 0.046088 FPGA_VCCINT 0.006194 1.093750 0.006643
15020 280 FPGA_VCCAUX 0.014324 3.281250 0.046088 FPGA_VCCINT 0.006194 1.093750 0.006643
15074 281 FPGA_VCCAUX 0.014324 3.281250 0.046088 FPGA_VCCINT 0.006194 1.093750 0.006643
15177 282 FPGA_VCCAUX 0.014324 3.281250 0.046088 FPGA_VCCINT 0.006194 1.093750 0.006643
15231 283 FPGA_VCCAUX 0.014324 3.281250 0.046088 FPGA_VCCINT 0.006194 1.093750 0.006643
15284 284 FPGA_VCCAUX 0.014324 3.281250 0.046088 FPGA_VCCINT 0.006194 1.093750 0.006643
15335 285 FPGA_VCCAUX 0.014324 3.281250 0.046088 FPGA_VCCINT 0.006194 1.093750 0.006643
15389 286 FPGA_VCCAUX 0.014324 3.281250 0.046088 FPGA_VCCINT 0.006194 1.093750 0.006643
15440 287 FPGA_VCCAUX 0.014324 3.281250 0.046088 FPGA_VCCINT 0.006194 1.093750 0.006643
15494 288 FPGA_VCCAUX 0.014324 3.281250 0.046088 FPGA_VCCINT 0.006194 1.093750 0.006643
15545 289 FPGA_VCCAUX 0.014324 3.281250 0.046088 FPGA_VCCINT 0.006194 1.093750 0.006643
15598 290 FPGA_VCCAUX 0.014324 3.281250 0.046088 FPGA_VCCINT 0.006194 1.093750 0.006643
15649 291 FPGA_VCCAUX 0.014324 3.281250 0.046088 FPGA_VCCINT 0.006194 1.093750 0.006643
15703 292 FPGA_VCCAUX 0.014324 3.281250 0.046088 FPGA_VCCINT 0.006194 1.093750 0.006643
15757 293 FPGA_VCCAUX 0.014324 3.281250 0.046088 FPGA_VCCINT 0.006194 1.093750 0.006643
15808 294 FPGA_VCCAUX 0.014324 3.281250 0.046088 FPGA_VCCINT 0.006194 1.093750 0.006643
15861 295 FPGA_VCCAUX 0.014324 3.281250 0.046088 FPGA_VCCINT 0.006194 1.093750 0.006643
15912 296 FPGA_VCCAUX 0.014324 3.281250 0.046088 FPGA_VCCINT 0.006194 1.093750 0.006643
15966 297 FPGA_VCCAUX 0.014324 3.281250 0.046088 FPGA_VCCINT 0.006194 1.093750 0.006643
16017 298 FPGA_VCCAUX 0.014324 3.281250 0.046088 FPGA_VCCINT 0.006194 1.093750 0.006643
16071 299 FPGA_VCCAUX 0.014324 3.281250 0.046088 FPGA_VCCINT 0.006194 1.093750 0.006643
16122 300 FPGA_VCCAUX 0.014324 3.281250 0.046088 FPGA_VCCINT 0.006194 1.093750 0.006643
16175 301 FPGA_VCCAUX 0.014324 3.281250 0.046088 FPGA_VCCINT 0.006194 1.093750 0.006643
16229 302 FPGA_VCCAUX 0.014324 3.281250 0.046088 FPGA_VCCINT 0.006194 1.093750 0.006643
16280 303 FPGA_VCCAUX 0.014324 3.281250 0.046088 FPGA_VCCINT 0.006194 1.093750 0.006643
16333 304 FPGA_VCCAUX 0.014324 3.281250 0.046088 FPGA_VCCINT 0.006194 1.093750 0.006643
16384 305 FPGA_VCCAUX 0.014324 3.281250 0.046088 FPGA_VCCINT 0.006194 1.093750 0.006643
16438 306 FPGA_VCCAUX 0.014324 3.281250 0.046088 FPGA_VCCINT 0.006194 1.093750 0.006643
16489 307 FPGA_VCCAUX 0.014324 3.281250 0.046088 FPGA_VCCINT 0.006194 1.093750 0.006643
16543 308 FPGA_VCCAUX 0.014324 3.281250 0.046088 FPGA_VCCINT 0.006194 1.093750 0.006643
16594 309 FPGA_VCCAUX 0.014324 3.281250 0.046088 FPGA_VCCINT 0.006194 1.093750 0.006643
16648 310 FPGA_VCCAUX 0.014324 3.281250 0.046088 FPGA_VCCINT 0.006194 1.093750 0.006643
16699 311 FPGA_VCCAUX 0.014324 3.281250 0.046088 FPGA_VCCINT 0.006194 1.093750 0.006643
16752 312 FPGA_VCCAUX 0.014324 3.281250 0.046088 FPGA_VCCINT 0.006194 1.093750 0.006643
16859 313 FPGA_VCCAUX 0.014324 3.281250 0.046088 FPGA_VCCINT 0.006194 1.093750 0.006643
16910 314 FPGA_VCCAUX 0.014324 3.281250 0.046088 FPGA_VCCINT 0.006194 1.093750 0.006643
16963 315 FPGA_VCCAUX 0.014324 3.281250 0.046088 FPGA_VCCINT 0.006194 1.093750 0.006643
17014 316 FPGA_VCCAUX 0.014324 3.281250 0.046088 FPGA_VCCINT 0.006194 1.093750 0.006643
17068 317 FPGA_VCCAUX 0.014324 3.281250 0.046088 FPGA_VCCINT 0.006194 1.093750 0.006643
17119 318 FPGA_VCCAUX 0.014324 3.281250 0.046088 FPGA_VCCINT 0.006194 1.093750 0.006643
17173 319 FPGA_VCCAUX 0.014324 3.281250 0.046088 FPGA_VCCINT 0.006194 1.093750 0.006643
17224 320 FPGA_VCCAUX 0.014324 3.281250 0.046088 FPGA_VCCINT 0.006194 1.093750 0.006643
17277 321 FPGA_VCCAUX 0.014324 3.281250 0.046088 FPGA_VCCINT 0.006194 1.093750 0.006643
17331 322 FPGA_VCCAUX 0.014324 3.281250 0.046088 FPGA_VCCINT 0.006194 1.093750 0.006643
17382 323 FPGA_VCCAUX 0.014324 3.281250 0.046088 FPGA_VCCINT 0.006194 1.093750 0.006643
17436 324 FPGA_VCCAUX 0.014324 3.281250 0.046088 FPGA_VCCINT 0.006194 1.093750 0.006643
17487 325 FPGA_VCCAUX 0.014324 3.281250 0.046088 FPGA_VCCINT 0.006194 1.093750 0.006643
17540 326 FPGA_VCCAUX 0.014324 3.281250 0.046088 FPGA_VCCINT 0.006194 1.093750 0.006643
17591 327 FPGA_VCCAUX 0.014324 3.281250 0.046088 FPGA_VCCINT 0.006194 1.093750 0.006643
17645 328 FPGA_VCCAUX 0.014324 3.281250 0.046088 FPGA_VCCINT 0.006194 1.093750 0.006643
17696 329 FPGA_VCCAUX 0.014324 3.281250 0.046088 FPGA_VCCINT 0.006194 1.250000 0.007592
17749 330 FPGA_VCCAUX 0.014324 3.281250 0.046088 FPGA_VCCINT 0.006194 1.250000 0.007592
17803 331 FPGA_VCCAUX 0.014324 3.281250 0.046088 FPGA_VCCINT 0.006194 1.250000 0.007592
17854 332 FPGA_VCCAUX 0.014324 3.281250 0.046088 FPGA_VCCINT 0.006194 1.250000 0.007592
17907 333 FPGA_VCCAUX 0.014324 3.281250 0.046088 FPGA_VCCINT 0.006194 1.250000 0.007592
17987 334 FPGA_VCCAUX 0.014324 3.281250 0.046088 FPGA_VCCINT 0.006194 1.250000 0.007592
18037 335 FPGA_VCCAUX 0.014324 3.281250 0.046088 FPGA_VCCINT 0.006194 1.250000 0.007592
18091 336 FPGA_VCCAUX 0.014324 3.281250 0.046088 FPGA_VCCINT 0.006194 1.250000 0.007592
18142 337 FPGA_VCCAUX 0.014324 3.281250 0.046088 FPGA_VCCINT 0.006194 1.250000 0.007592
18195 338 FPGA_VCCAUX 0.014324 3.281250 0.046088 FPGA_VCCINT 0.006194 1.250000 0.007592
18248 339 FPGA_VCCAUX 0.014324 3.281250 0.046088 FPGA_VCCINT 0.006194 1.250000 0.007592
18299 340 FPGA_VCCAUX 0.014324 3.281250 0.046088 FPGA_VCCINT 0.006194 1.250000 0.007592
18352 341 FPGA_VCCAUX 0.014324 3.281250 0.046088 FPGA_VCCINT 0.006194 1.250000 0.007592
18406 342 FPGA_VCCAUX 0.014324 3.281250 0.046088 FPGA_VCCINT 0.006194 1.250000 0.007592
18457 343 FPGA_VCCAUX 0.014324 3.281250 0.046088 FPGA_VCCINT 0.006194 1.250000 0.007592
18510 344 FPGA_VCCAUX 0.014324 3.281250 0.046088 FPGA_VCCINT 0.006194 1.250000 0.007592
18564 345 FPGA_VCCAUX 0.014324 3.281250 0.046088 FPGA_VCCINT 0.006194 1.250000 0.007592
18615 346 FPGA_VCCAUX 0.014324 3.281250 0.046088 FPGA_VCCINT 0.006194 1.250000 0.007592
18668 347 FPGA_VCCAUX 0.014324 3.281250 0.046088 FPGA_VCCINT 0.006194 1.250000 0.007592
18719 348 FPGA_VCCAUX 0.014324 3.281250 0.046088 FPGA_VCCINT 0.006194 1.250000 0.007592
18772 349 FPGA_VCCAUX 0.014324 3.281250 0.046088 FPGA_VCCINT 0.006194 1.250000 0.007592
18826 350 FPGA_VCCAUX 0.014324 3.281250 0.046088 FPGA_VCCINT 0.006194 1.093750 0.006643
18877 351 FPGA_VCCAUX 0.014324 3.281250 0.046088 FPGA_VCCINT 0.006194 1.093750 0.006643
18930 352 FPGA_VCCAUX 0.014324 3.281250 0.046088 FPGA_VCCINT 0.006194 1.093750 0.006643
18981 353 FPGA_VCCAUX 0.014324 3.281250 0.046088 FPGA_VCCINT 0.006194 1.093750 0.006643
19035 354 FPGA_VCCAUX 0.014324 3.281250 0.046088 FPGA_VCCINT 0.006194 1.093750 0.006643
19086 355 FPGA_VCCAUX 0.014324 3.281250 0.046088 FPGA_VCCINT 0.006194 1.093750 0.006643
19139 356 FPGA_VCCAUX 0.014324 3.281250 0.046088 FPGA_VCCINT 0.006194 1.093750 0.006643
19193 357 FPGA_VCCAUX 0.014324 3.281250 0.046088 FPGA_VCCINT 0.006194 1.093750 0.006643
19244 358 FPGA_VCCAUX 0.014324 3.281250 0.046088 FPGA_VCCINT 0.006194 1.093750 0.006643
19298 359 FPGA_VCCAUX 0.014324 3.281250 0.046088 FPGA_VCCINT 0.006194 1.093750 0.006643
19349 360 FPGA_VCCAUX 0.014324 3.281250 0.046088 FPGA_VCCINT 0.006194 1.093750 0.006643
19402 361 FPGA_VCCAUX 0.014324 3.281250 0.046088 FPGA_VCCINT 0.006194 1.250000 0.007592
19453 362 FPGA_VCCAUX 0.014324 3.281250 0.046088 FPGA_VCCINT 0.006194 1.093750 0.006643
19507 363 FPGA_VCCAUX 0.014324 3.281250 0.046088 FPGA_VCCINT 0.006194 1.093750 0.006643
19560 364 FPGA_VCCAUX 0.014324 3.281250 0.046088 FPGA_VCCINT 0.006194 1.093750 0.006643
19611 365 FPGA_VCCAUX 0.014324 3.281250 0.046088 FPGA_VCCINT 0.006194 1.093750 0.006643
19665 366 FPGA_VCCAUX 0.014324 3.281250 0.046088 FPGA_VCCINT 0.006194 1.093750 0.006643
19716 367 FPGA_VCCAUX 0.014324 3.281250 0.046088 FPGA_VCCINT 0.006194 1.093750 0.006643
19770 368 FPGA_VCCAUX 0.014324 3.281250 0.046088 FPGA_VCCINT 0.006194 1.093750 0.006643
19821 369 FPGA_VCCAUX 0.014324 3.281250 0.046088 FPGA_VCCINT 0.006194 1.093750 0.006643
19874 370 FPGA_VCCAUX 0.014324 3.281250 0.046088 FPGA_VCCINT 0.006194 1.093750 0.006643
19925 371 FPGA_VCCAUX 0.014324 3.281250 0.046088 FPGA_VCCINT 0.006194 1.093750 0.006643
19979 372 FPGA_VCCAUX 0.014324 3.281250 0.046088 FPGA_VCCINT 0.006194 1.093750 0.006643
20033 373 FPGA_VCCAUX 0.014324 3.281250 0.046088 FPGA_VCCINT 0.006194 1.093750 0.006643
20084 374 FPGA_VCCAUX 0.014324 3.281250 0.046088 FPGA_VCCINT 0.006194 1.093750 0.006643
20137 375 FPGA_VCCAUX 0.014324 3.281250 0.046088 FPGA_VCCINT 0.006194 1.093750 0.006643
20188 376 FPGA_VCCAUX 0.014324 3.281250 0.046088 FPGA_VCCINT 0.006194 1.093750 0.006643
20242 377 FPGA_VCCAUX 0.014324 3.281250 0.046088 FPGA_VCCINT 0.006194 1.093750 0.006643
20293 378 FPGA_VCCAUX 0.014324 3.281250 0.046088 FPGA_VCCINT 0.006194 1.093750 0.006643
20347 379 FPGA_VCCAUX 0.014324 3.281250 0.046088 FPGA_VCCINT 0.006194 1.093750 0.006643
20398 380 FPGA_VCCAUX 0.014324 3.281250 0.046088 FPGA_VCCINT 0.006194 1.093750 0.006643
20451 381 FPGA_VCCAUX 0.014324 3.281250 0.046088 FPGA_VCCINT 0.006194 1.093750 0.006643
20502 382 FPGA_VCCAUX 0.014324 3.281250 0.046088 FPGA_VCCINT 0.006194 1.093750 0.006643
20556 383 FPGA_VCCAUX 0.014324 3.281250 0.046088 FPGA_VCCINT 0.006194 1.093750 0.006643
20610 384 FPGA_VCCAUX 0.014324 3.281250 0.046088 FPGA_VCCINT 0.006194 1.093750 0.006643
20660 385 FPGA_VCCAUX 0.014324 3.281250 0.046088 FPGA_VCCINT 0.006194 1.093750 0.006643
20714 386 FPGA_VCCAUX 0.014324 3.281250 0.046088 FPGA_VCCINT 0.006194 1.093750 0.006643
20765 387 FPGA_VCCAUX 0.014324 3.281250 0.046088 FPGA_VCCINT 0.006194 1.093750 0.006643
20819 388 FPGA_VCCAUX 0.014324 3.281250 0.046088 FPGA_VCCINT 0.006194 1.093750 0.006643
20925 389 FPGA_VCCAUX 0.014324 3.281250 0.046088 FPGA_VCCINT 0.006194 1.093750 0.006643
20976 390 FPGA_VCCAUX 0.014324 3.281250 0.046088 FPGA_VCCINT 0.006194 1.093750 0.006643
21082 391 FPGA_VCCAUX 0.014324 3.281250 0.046088 FPGA_VCCINT 0.006194 1.093750 0.006643
21133 392 FPGA_VCCAUX 0.014324 3.281250 0.046088 FPGA_VCCINT 0.006194 1.093750 0.006643
21186 393 FPGA_VCCAUX 0.014324 3.281250 0.046088 FPGA_VCCINT 0.006194 1.093750 0.006643
21237 394 FPGA_VCCAUX 0.014324 3.281250 0.046088 FPGA_VCCINT 0.006194 1.093750 0.006643
21291 395 FPGA_VCCAUX 0.014324 3.281250 0.046088 FPGA_VCCINT 0.006194 1.093750 0.006643
21342 396 FPGA_VCCAUX 0.014324 3.281250 0.046088 FPGA_VCCINT 0.006194 1.093750 0.006643
21396 397 FPGA_VCCAUX 0.014324 3.281250 0.046088 FPGA_VCCINT 0.006194 1.093750 0.006643
21449 398 FPGA_VCCAUX 0.014324 3.281250 0.046088 FPGA_VCCINT 0.006194 1.093750 0.006643
21500 399 FPGA_VCCAUX 0.014324 3.281250 0.046088 FPGA_VCCINT 0.006194 1.093750 0.006643
21554 400 FPGA_VCCAUX 0.014324 3.281250 0.046088 FPGA_VCCINT 0.006194 1.093750 0.006643
21605 401 FPGA_VCCAUX 0.014324 3.281250 0.046088 FPGA_VCCINT 0.006194 1.093750 0.006643
21659 402 FPGA_VCCAUX 0.014324 3.281250 0.046088 FPGA_VCCINT 0.006194 1.093750 0.006643
21709 403 FPGA_VCCAUX 0.014324 3.281250 0.046088 FPGA_VCCINT 0.006194 1.093750 0.006643
21763 404 FPGA_VCCAUX 0.014324 3.281250 0.046088 FPGA_VCCINT 0.006194 1.093750 0.006643
21817 405 FPGA_VCCAUX 0.014324 3.281250 0.046088 FPGA_VCCINT 0.006194 1.093750 0.006643
21868 406 FPGA_VCCAUX 0.014324 3.281250 0.046088 FPGA_VCCINT 0.006194 1.093750 0.006643
21919 407 FPGA_VCCAUX 0.014324 3.281250 0.046088 FPGA_VCCINT 0.006194 1.093750 0.006643
21972 408 FPGA_VCCAUX 0.014324 3.281250 0.046088 FPGA_VCCINT 0.006194 1.093750 0.006643
22026 409 FPGA_VCCAUX 0.014324 3.281250 0.046088 FPGA_VCCINT 0.006194 1.093750 0.006643
22077 410 FPGA_VCCAUX 0.014324 3.281250 0.046088 FPGA_VCCINT 0.006194 1.093750 0.006643
22131 411 FPGA_VCCAUX 0.014324 3.281250 0.046088 FPGA_VCCINT 0.006194 1.093750 0.006643
22182 412 FPGA_VCCAUX 0.014324 3.281250 0.046088 FPGA_VCCINT 0.006194 1.093750 0.006643
22236 413 FPGA_VCCAUX 0.014324 3.281250 0.046088 FPGA_VCCINT 0.006194 1.093750 0.006643
22287 414 FPGA_VCCAUX 0.014324 3.281250 0.046088 FPGA_VCCINT 0.006194 1.093750 0.006643
22340 415 FPGA_VCCAUX 0.014324 3.281250 0.046088 FPGA_VCCINT 0.006194 1.093750 0.006643
22391 416 FPGA_VCCAUX 0.014324 3.281250 0.046088 FPGA_VCCINT 0.006194 1.093750 0.006643
22445 417 FPGA_VCCAUX 0.014324 3.281250 0.046088 FPGA_VCCINT 0.006194 1.093750 0.006643
22496 418 FPGA_VCCAUX 0.014324 3.281250 0.046088 FPGA_VCCINT 0.006194 1.093750 0.006643
22550 419 FPGA_VCCAUX 0.014324 3.281250 0.046088 FPGA_VCCINT 0.006194 1.093750 0.006643
22603 420 FPGA_VCCAUX 0.014324 3.281250 0.046088 FPGA_VCCINT 0.006194 1.093750 0.006643
22654 421 FPGA_VCCAUX 0.014324 3.281250 0.046088 FPGA_VCCINT 0.006194 1.093750 0.006643
22708 422 FPGA_VCCAUX 0.014324 3.281250 0.046088 FPGA_VCCINT 0.006194 1.093750 0.006643
22759 423 FPGA_VCCAUX 0.014324 3.281250 0.046088 FPGA_VCCINT 0.006194 1.093750 0.006643
22813 424 FPGA_VCCAUX 0.014324 3.281250 0.046088 FPGA_VCCINT 0.006194 1.093750 0.006643
22864 425 FPGA_VCCAUX 0.014324 3.281250 0.046088 FPGA_VCCINT 0.006194 1.093750 0.006643
22917 426 FPGA_VCCAUX 0.014324 3.281250 0.046088 FPGA_VCCINT 0.006194 1.093750 0.006643
22971 427 FPGA_VCCAUX 0.014324 3.281250 0.046088 FPGA_VCCINT 0.006194 1.093750 0.006643
23022 428 FPGA_VCCAUX 0.014324 3.281250 0.046088 FPGA_VCCINT 0.006194 1.093750 0.006643
23075 429 FPGA_VCCAUX 0.014324 3.281250 0.046088 FPGA_VCCINT 0.006194 1.093750 0.006643
23126 430 FPGA_VCCAUX 0.014324 3.281250 0.046088 FPGA_VCCINT 0.006194 1.093750 0.006643
23180 431 FPGA_VCCAUX 0.014324 3.281250 0.046088 FPGA_VCCINT 0.006194 1.093750 0.006643
23231 432 FPGA_VCCAUX 0.014324 3.281250 0.046088 FPGA_VCCINT 0.006194 1.093750 0.006643
23285 433 FPGA_VCCAUX 0.014324 3.281250 0.046088 FPGA_VCCINT 0.006194 1.093750 0.006643
23391 434 FPGA_VCCAUX 0.014324 3.281250 0.046088 FPGA_VCCINT 0.006194 1.093750 0.006643
23442 435 FPGA_VCCAUX 0.014324 3.281250 0.046088 FPGA_VCCINT 0.006194 1.093750 0.006643
23495 436 FPGA_VCCAUX 0.014324 3.281250 0.046088 FPGA_VCCINT 0.006194 1.093750 0.006643
23546 437 FPGA_VCCAUX 0.014324 3.281250 0.046088 FPGA_VCCINT 0.006194 1.093750 0.006643
23600 438 FPGA_VCCAUX 0.014324 3.281250 0.046088 FPGA_VCCINT 0.006194 1.093750 0.006643
23651 439 FPGA_VCCAUX 0.014324 3.281250 0.046088 FPGA_VCCINT 0.006194 1.093750 0.006643
23705 440 FPGA_VCCAUX 0.014324 3.281250 0.046088 FPGA_VCCINT 0.006194 1.093750 0.006643
23808 441 FPGA_VCCAUX 0.014324 3.281250 0.046088 FPGA_VCCINT 0.006194 1.093750 0.006643
23862 442 FPGA_VCCAUX 0.014324 3.281250 0.046088 FPGA_VCCINT 0.006194 1.093750 0.006643
23915 443 FPGA_VCCAUX 0.014324 3.281250 0.046088 FPGA_VCCINT 0.006194 1.093750 0.006643
23966 444 FPGA_VCCAUX 0.014324 3.281250 0.046088 FPGA_VCCINT 0.006194 1.093750 0.006643
24020 445 FPGA_VCCAUX 0.014324 3.281250 0.046088 FPGA_VCCINT 0.006194 1.093750 0.006643
24071 446 FPGA_VCCAUX 0.014324 3.281250 0.046088 FPGA_VCCINT 0.006194 1.093750 0.006643
24125 447 FPGA_VCCAUX 0.014324 3.281250 0.046088 FPGA_VCCINT 0.006194 1.093750 0.006643
24176 448 FPGA_VCCAUX 0.014324 3.281250 0.046088 FPGA_VCCINT 0.006194 1.093750 0.006643
24229 449 FPGA_VCCAUX 0.014324 3.281250 0.046088 FPGA_VCCINT 0.006194 1.093750 0.006643
24280 450 FPGA_VCCAUX 0.014324 3.281250 0.046088 FPGA_VCCINT 0.006194 1.093750 0.006643
24334 451 FPGA_VCCAUX 0.014324 3.281250 0.046088 FPGA_VCCINT 0.006194 1.093750 0.006643
24388 452 FPGA_VCCAUX 0.014324 3.281250 0.046088 FPGA_VCCINT 0.006194 1.093750 0.006643
24439 453 FPGA_VCCAUX 0.014324 3.281250 0.046088 FPGA_VCCINT 0.006194 1.093750 0.006643
24492 454 FPGA_VCCAUX 0.014324 3.281250 0.046088 FPGA_VCCINT 0.006194 1.093750 0.006643
24543 455 FPGA_VCCAUX 0.014324 3.281250 0.046088 FPGA_VCCINT 0.006194 1.093750 0.006643
24597 456 FPGA_VCCAUX 0.014324 3.281250 0.046088 FPGA_VCCINT 0.006194 1.093750 0.006643
24648 457 FPGA_VCCAUX 0.014324 3.281250 0.046088 FPGA_VCCINT 0.006194 1.093750 0.006643
24702 458 FPGA_VCCAUX 0.014324 3.281250 0.046088 FPGA_VCCINT 0.006194 1.093750 0.006643
24753 459 FPGA_VCCAUX 0.014324 3.281250 0.046088 FPGA_VCCINT 0.006194 1.093750 0.006643
24806 460 FPGA_VCCAUX 0.014324 3.281250 0.046088 FPGA_VCCINT 0.006194 1.093750 0.006643
24858 461 FPGA_VCCAUX 0.014324 3.281250 0.046088 FPGA_VCCINT 0.006194 1.093750 0.006643
24911 462 FPGA_VCCAUX 0.014324 3.281250 0.046088 FPGA_VCCINT 0.006194 1.093750 0.006643
24965 463 FPGA_VCCAUX 0.014324 3.281250 0.046088 FPGA_VCCINT 0.006194 1.093750 0.006643
25016 464 FPGA_VCCAUX 0.014324 3.281250 0.046088 FPGA_VCCINT 0.006194 1.093750 0.006643
25069 465 FPGA_VCCAUX 0.014324 3.281250 0.046088 FPGA_VCCINT 0.006194 1.093750 0.006643
25121 466 FPGA_VCCAUX 0.014324 3.281250 0.046088 FPGA_VCCINT 0.006194 1.093750 0.006643
25174 467 FPGA_VCCAUX 0.014324 3.281250 0.046088 FPGA_VCCINT 0.006194 1.093750 0.006643
25225 468 FPGA_VCCAUX 0.014324 3.281250 0.046088 FPGA_VCCINT 0.006194 1.093750 0.006643
25279 469 FPGA_VCCAUX 0.014324 3.281250 0.046088 FPGA_VCCINT 0.006194 1.093750 0.006643
25332 470 FPGA_VCCAUX 0.014324 3.281250 0.046088 FPGA_VCCINT 0.006194 1.093750 0.006643
25383 471 FPGA_VCCAUX 0.014324 3.281250 0.046088 FPGA_VCCINT 0.006194 1.093750 0.006643
25437 472 FPGA_VCCAUX 0.014324 3.281250 0.046088 FPGA_VCCINT 0.006194 1.093750 0.006643
25488 473 FPGA_VCCAUX 0.014324 3.281250 0.046088 FPGA_VCCINT 0.006194 1.093750 0.006643
25542 474 FPGA_VCCAUX 0.014324 3.281250 0.046088 FPGA_VCCINT 0.006194 1.093750 0.006643
25593 475 FPGA_VCCAUX 0.014324 3.281250 0.046088 FPGA_VCCINT 0.006194 1.093750 0.006643
25673 476 FPGA_VCCAUX 0.014324 3.281250 0.046088 FPGA_VCCINT 0.006194 1.093750 0.006643
25724 477 FPGA_VCCAUX 0.014324 3.281250 0.046088 FPGA_VCCINT 0.006194 1.093750 0.006643
25778 478 FPGA_VCCAUX 0.014324 3.281250 0.046088 FPGA_VCCINT 0.006194 1.093750 0.006643
25829 479 FPGA_VCCAUX 0.014324 3.281250 0.046088 FPGA_VCCINT 0.006194 1.093750 0.006643
25882 480 FPGA_VCCAUX 0.014324 3.281250 0.046088 FPGA_VCCINT 0.006194 1.093750 0.006643
25934 481 FPGA_VCCAUX 0.014324 3.281250 0.046088 FPGA_VCCINT 0.006194 1.093750 0.006643
25987 482 FPGA_VCCAUX 0.014324 3.281250 0.046088 FPGA_VCCINT 0.006194 1.093750 0.006643
26038 483 FPGA_VCCAUX 0.014324 3.281250 0.046088 FPGA_VCCINT 0.006194 1.093750 0.006643
26092 484 FPGA_VCCAUX 0.014324 3.281250 0.046088 FPGA_VCCINT 0.006194 1.093750 0.006643
26143 485 FPGA_VCCAUX 0.014324 3.281250 0.046088 FPGA_VCCINT 0.006194 1.093750 0.006643
26196 486 FPGA_VCCAUX 0.014324 3.281250 0.046088 FPGA_VCCINT 0.006194 1.093750 0.006643
26250 487 FPGA_VCCAUX 0.014324 3.281250 0.046088 FPGA_VCCINT 0.006194 1.093750 0.006643
26301 488 FPGA_VCCAUX 0.014324 3.281250 0.046088 FPGA_VCCINT 0.006194 1.093750 0.006643
26355 489 FPGA_VCCAUX 0.014324 3.281250 0.046088 FPGA_VCCINT 0.006194 1.093750 0.006643
26406 490 FPGA_VCCAUX 0.014324 3.281250 0.046088 FPGA_VCCINT 0.006194 1.093750 0.006643
26459 491 FPGA_VCCAUX 0.014324 3.281250 0.046088 FPGA_VCCINT 0.006194 1.093750 0.006643
26510 492 FPGA_VCCAUX 0.014324 3.281250 0.046088 FPGA_VCCINT 0.006194 1.093750 0.006643
26564 493 FPGA_VCCAUX 0.014324 3.281250 0.046088 FPGA_VCCINT 0.006194 1.093750 0.006643
26618 494 FPGA_VCCAUX 0.014324 3.281250 0.046088 FPGA_VCCINT 0.006194 1.093750 0.006643
26669 495 FPGA_VCCAUX 0.014324 3.281250 0.046088 FPGA_VCCINT 0.006194 1.093750 0.006643
26722 496 FPGA_VCCAUX 0.014324 3.281250 0.046088 FPGA_VCCINT 0.006194 1.093750 0.006643
26773 497 FPGA_VCCAUX 0.014324 3.281250 0.046088 FPGA_VCCINT 0.006194 1.093750 0.006643
26827 498 FPGA_VCCAUX 0.014324 3.281250 0.046088 FPGA_VCCINT 0.006194 1.093750 0.006643
26878 499 FPGA_VCCAUX 0.014324 3.281250 0.046088 FPGA_VCCINT 0.006194 1.093750 0.006643
26932 500 FPGA_VCCAUX 0.014324 3.281250 0.046088 FPGA_VCCINT 0.006194 1.093750 0.006643
26983 501 FPGA_VCCAUX 0.014324 3.281250 0.046088 FPGA_VCCINT 0.006194 1.093750 0.006643
27036 502 FPGA_VCCAUX 0.014324 3.281250 0.046088 FPGA_VCCINT 0.006194 1.093750 0.006643
27088 503 FPGA_VCCAUX 0.014324 3.281250 0.046088 FPGA_VCCINT 0.006194 1.093750 0.006643
27141 504 FPGA_VCCAUX 0.014324 3.281250 0.046088 FPGA_VCCINT 0.006194 1.093750 0.006643
27195 505 FPGA_VCCAUX 0.014324 3.281250 0.046088 FPGA_VCCINT 0.006194 1.093750 0.006643
27246 506 FPGA_VCCAUX 0.014324 3.281250 0.046088 FPGA_VCCINT 0.006194 1.093750 0.006643
27300 507 FPGA_VCCAUX 0.014324 3.281250 0.046088 FPGA_VCCINT 0.006194 1.093750 0.006643
27351 508 FPGA_VCCAUX 0.014324 3.281250 0.046088 FPGA_VCCINT 0.006194 1.093750 0.006643
27404 509 FPGA_VCCAUX 0.014324 3.281250 0.046088 FPGA_VCCINT 0.006194 1.093750 0.006643
27455 510 FPGA_VCCAUX 0.014324 3.281250 0.046088 FPGA_VCCINT 0.006194 1.093750 0.006643
27509 511 FPGA_VCCAUX 0.014324 3.281250 0.046088 FPGA_VCCINT 0.006194 1.093750 0.006643
27560 512 FPGA_VCCAUX 0.014324 3.281250 0.046088 FPGA_VCCINT 0.006194 1.093750 0.006643
27614 513 FPGA_VCCAUX 0.014324 3.281250 0.046088 FPGA_VCCINT 0.006194 1.093750 0.006643
27665 514 FPGA_VCCAUX 0.014324 3.281250 0.046088 FPGA_VCCINT 0.006194 1.093750 0.006643
27718 515 FPGA_VCCAUX 0.014324 3.281250 0.046088 FPGA_VCCINT 0.006194 1.093750 0.006643
27769 516 FPGA_VCCAUX 0.014324 3.281250 0.046088 FPGA_VCCINT 0.006194 1.093750 0.006643
27823 517 FPGA_VCCAUX 0.014324 3.281250 0.046088 FPGA_VCCINT 0.006194 1.093750 0.006643
27877 518 FPGA_VCCAUX 0.014324 3.281250 0.046088 FPGA_VCCINT 0.006194 1.093750 0.006643
27928 519 FPGA_VCCAUX 0.014324 3.281250 0.046088 FPGA_VCCINT 0.006194 1.093750 0.006643
27981 520 FPGA_VCCAUX 0.014324 3.281250 0.046088 FPGA_VCCINT 0.006194 1.093750 0.006643
28032 521 FPGA_VCCAUX 0.014324 3.281250 0.046088 FPGA_VCCINT 0.006194 1.093750 0.006643
28086 522 FPGA_VCCAUX 0.014324 3.281250 0.046088 FPGA_VCCINT 0.006194 1.093750 0.006643
28137 523 FPGA_VCCAUX 0.014324 3.281250 0.046088 FPGA_VCCINT 0.006194 1.093750 0.006643
28190 524 FPGA_VCCAUX 0.014324 3.281250 0.046088 FPGA_VCCINT 0.006194 1.093750 0.006643
28244 525 FPGA_VCCAUX 0.014324 3.281250 0.046088 FPGA_VCCINT 0.006194 1.093750 0.006643
28295 526 FPGA_VCCAUX 0.014324 3.281250 0.046088 FPGA_VCCINT 0.006194 1.093750 0.006643
28349 527 FPGA_VCCAUX 0.014324 3.281250 0.046088 FPGA_VCCINT 0.006194 1.093750 0.006643
28400 528 FPGA_VCCAUX 0.014324 3.281250 0.046088 FPGA_VCCINT 0.006194 1.093750 0.006643
28453 529 FPGA_VCCAUX 0.014324 3.281250 0.046088 FPGA_VCCINT 0.006194 1.093750 0.006643
28505 530 FPGA_VCCAUX 0.014324 3.281250 0.046088 FPGA_VCCINT 0.006194 1.093750 0.006643
28558 531 FPGA_VCCAUX 0.014324 3.281250 0.046088 FPGA_VCCINT 0.006194 1.093750 0.006643
28609 532 FPGA_VCCAUX 0.014324 3.281250 0.046088 FPGA_VCCINT 0.006194 1.093750 0.006643
28663 533 FPGA_VCCAUX 0.014324 3.281250 0.046088 FPGA_VCCINT 0.006194 1.093750 0.006643
28714 534 FPGA_VCCAUX 0.014324 3.281250 0.046088 FPGA_VCCINT 0.006194 1.093750 0.006643
28768 535 FPGA_VCCAUX 0.014324 3.281250 0.046088 FPGA_VCCINT 0.006194 1.093750 0.006643
28821 536 FPGA_VCCAUX 0.014324 3.281250 0.046088 FPGA_VCCINT 0.006194 1.093750 0.006643
28872 537 FPGA_VCCAUX 0.014324 3.281250 0.046088 FPGA_VCCINT 0.006194 1.093750 0.006643
28926 538 FPGA_VCCAUX 0.014324 3.281250 0.046088 FPGA_VCCINT 0.006194 1.093750 0.006643
28977 539 FPGA_VCCAUX 0.014324 3.281250 0.046088 FPGA_VCCINT 0.006194 1.093750 0.006643
29031 540 FPGA_VCCAUX 0.014324 3.281250 0.046088 FPGA_VCCINT 0.006194 1.093750 0.006643
29082 541 FPGA_VCCAUX 0.014324 3.281250 0.046088 FPGA_VCCINT 0.006194 1.093750 0.006643
29136 542 FPGA_VCCAUX 0.014324 3.281250 0.046088 FPGA_VCCINT 0.006194 1.093750 0.006643
29187 543 FPGA_VCCAUX 0.014324 3.281250 0.046088 FPGA_VCCINT 0.006194 1.093750 0.006643
29240 544 FPGA_VCCAUX 0.014324 3.281250 0.046088 FPGA_VCCINT 0.006194 1.093750 0.006643
29291 545 FPGA_VCCAUX 0.014324 3.281250 0.046088 FPGA_VCCINT 0.006194 1.093750 0.006643
29345 546 FPGA_VCCAUX 0.014324 3.281250 0.046088 FPGA_VCCINT 0.006194 1.093750 0.006643
29448 547 FPGA_VCCAUX 0.014324 3.281250 0.046088 FPGA_VCCINT 0.006194 1.093750 0.006643
29502 548 FPGA_VCCAUX 0.014324 3.281250 0.046088 FPGA_VCCINT 0.006194 1.093750 0.006643
29556 549 FPGA_VCCAUX 0.014324 3.281250 0.046088 FPGA_VCCINT 0.006194 1.093750 0.006643
29607 550 FPGA_VCCAUX 0.014324 3.281250 0.046088 FPGA_VCCINT 0.006194 1.093750 0.006643
29660 551 FPGA_VCCAUX 0.014324 3.281250 0.046088 FPGA_VCCINT 0.006194 1.093750 0.006643
29711 552 FPGA_VCCAUX 0.014324 3.281250 0.046088 FPGA_VCCINT 0.006194 1.093750 0.006643
29765 553 FPGA_VCCAUX 0.014324 3.281250 0.046088 FPGA_VCCINT 0.006194 1.093750 0.006643
29816 554 FPGA_VCCAUX 0.014324 3.281250 0.046088 FPGA_VCCINT 0.006194 1.093750 0.006643
29870 555 FPGA_VCCAUX 0.014324 3.281250 0.046088 FPGA_VCCINT 0.006194 1.093750 0.006643
29921 556 FPGA_VCCAUX 0.014324 3.281250 0.046088 FPGA_VCCINT 0.006194 1.093750 0.006643
29975 557 FPGA_VCCAUX 0.014324 3.281250 0.046088 FPGA_VCCINT 0.006194 1.093750 0.006643
30026 558 FPGA_VCCAUX 0.014324 3.281250 0.046088 FPGA_VCCINT 0.006194 1.093750 0.006643
30079 559 FPGA_VCCAUX 0.014324 3.281250 0.046088 FPGA_VCCINT 0.006194 1.093750 0.006643
30133 560 FPGA_VCCAUX 0.014324 3.281250 0.046088 FPGA_VCCINT 0.006194 1.093750 0.006643
30184 561 FPGA_VCCAUX 0.014324 3.281250 0.046088 FPGA_VCCINT 0.006194 1.093750 0.006643
30238 562 FPGA_VCCAUX 0.014324 3.281250 0.046088 FPGA_VCCINT 0.006194 1.093750 0.006643
30289 563 FPGA_VCCAUX 0.014324 3.281250 0.046088 FPGA_VCCINT 0.006194 1.093750 0.006643
30342 564 FPGA_VCCAUX 0.014324 3.281250 0.046088 FPGA_VCCINT 0.006194 1.093750 0.006643
30393 565 FPGA_VCCAUX 0.014324 3.281250 0.046088 FPGA_VCCINT 0.006194 1.093750 0.006643
30447 566 FPGA_VCCAUX 0.014324 3.281250 0.046088 FPGA_VCCINT 0.006194 1.093750 0.006643
30498 567 FPGA_VCCAUX 0.014324 3.281250 0.046088 FPGA_VCCINT 0.006194 1.093750 0.006643
30552 568 FPGA_VCCAUX 0.014324 3.281250 0.046088 FPGA_VCCINT 0.006194 1.093750 0.006643
30603 569 FPGA_VCCAUX 0.014324 3.281250 0.046088 FPGA_VCCINT 0.006194 1.093750 0.006643
30656 570 FPGA_VCCAUX 0.014324 3.281250 0.046088 FPGA_VCCINT 0.006194 1.093750 0.006643
30762 571 FPGA_VCCAUX 0.014324 3.281250 0.046088 FPGA_VCCINT 0.006194 1.093750 0.006643
30813 572 FPGA_VCCAUX 0.014324 3.281250 0.046088 FPGA_VCCINT 0.006194 1.093750 0.006643
30867 573 FPGA_VCCAUX 0.014324 3.281250 0.046088 FPGA_VCCINT 0.006194 1.093750 0.006643
30918 574 FPGA_VCCAUX 0.014324 3.281250 0.046088 FPGA_VCCINT 0.006194 1.093750 0.006643
30972 575 FPGA_VCCAUX 0.014324 3.281250 0.046088 FPGA_VCCINT 0.006194 1.093750 0.006643
31023 576 FPGA_VCCAUX 0.014324 3.281250 0.046088 FPGA_VCCINT 0.006194 1.093750 0.006643
31077 577 FPGA_VCCAUX 0.014324 3.281250 0.046088 FPGA_VCCINT 0.006194 1.093750 0.006643
31128 578 FPGA_VCCAUX 0.014324 3.281250 0.046088 FPGA_VCCINT 0.006194 1.093750 0.006643
31181 579 FPGA_VCCAUX 0.014324 3.281250 0.046088 FPGA_VCCINT 0.006194 1.093750 0.006643
31232 580 FPGA_VCCAUX 0.014324 3.281250 0.046088 FPGA_VCCINT 0.006194 1.093750 0.006643
31286 581 