13 1 FPGA_VCCAUX 0.013937 3.320313 0.046127 FPGA_VCCINT 0.006300 1.191406 0.007440
289 2 FPGA_VCCAUX 0.013937 3.320313 0.046127 FPGA_VCCINT 0.006300 1.191406 0.007440
614 3 FPGA_VCCAUX 0.013937 3.320313 0.046127 FPGA_VCCINT 0.006300 1.191406 0.007440
939 4 FPGA_VCCAUX 0.013937 3.320313 0.046127 FPGA_VCCINT 0.006300 1.191406 0.007440
1265 5 FPGA_VCCAUX 0.013937 3.320313 0.046127 FPGA_VCCINT 0.006300 1.191406 0.007440
1590 6 FPGA_VCCAUX 0.013937 3.320313 0.046127 FPGA_VCCINT 0.006300 1.191406 0.007440
1916 7 FPGA_VCCAUX 0.013937 3.320313 0.046127 FPGA_VCCINT 0.006300 1.191406 0.007440
2564 8 FPGA_VCCAUX 0.020047 3.320313 0.066363 FPGA_VCCINT 0.006300 1.191406 0.007440
2890 9 FPGA_VCCAUX 0.020047 3.320313 0.066363 FPGA_VCCINT 0.006300 1.191406 0.007440
3215 10 FPGA_VCCAUX 0.020047 3.320313 0.066363 FPGA_VCCINT 0.006300 1.191406 0.007440
3541 11 FPGA_VCCAUX 0.020047 3.320313 0.066363 FPGA_VCCINT 0.006300 1.191406 0.007440
3864 12 FPGA_VCCAUX 0.020047 3.320313 0.066363 FPGA_VCCINT 0.006300 1.191406 0.007440
4353 13 FPGA_VCCAUX 0.012601 3.320313 0.041722 FPGA_VCCINT 0.006300 1.191406 0.007440
4678 14 FPGA_VCCAUX 0.012792 3.320313 0.042318 FPGA_VCCINT 0.006300 1.191406 0.007440
5004 15 FPGA_VCCAUX 0.012792 3.320313 0.042318 FPGA_VCCINT 0.006300 1.191406 0.007440
5327 16 FPGA_VCCAUX 0.012792 3.320313 0.042318 FPGA_VCCINT 0.006300 1.191406 0.007440
5653 17 FPGA_VCCAUX 0.012792 3.320313 0.042318 FPGA_VCCINT 0.006300 1.191406 0.007440
5979 18 FPGA_VCCAUX 0.018328 3.320313 0.060709 FPGA_VCCINT 0.006300 1.191406 0.007440
6304 19 FPGA_VCCAUX 0.020047 3.320313 0.066363 FPGA_VCCINT 0.006300 1.191406 0.007440
6630 20 FPGA_VCCAUX 0.020047 3.320313 0.066363 FPGA_VCCINT 0.006300 1.191406 0.007440
6953 21 FPGA_VCCAUX 0.020047 3.339844 0.066780 FPGA_VCCINT 0.006300 1.191406 0.007440
7280 22 FPGA_VCCAUX 0.020047 3.339844 0.066780 FPGA_VCCINT 0.006300 1.191406 0.007440
7606 23 FPGA_VCCAUX 0.020047 3.339844 0.066780 FPGA_VCCINT 0.006300 1.191406 0.007440
7929 24 FPGA_VCCAUX 0.014510 3.339844 0.048329 FPGA_VCCINT 0.006300 1.191406 0.007440
8255 25 FPGA_VCCAUX 0.012792 3.339844 0.042615 FPGA_VCCINT 0.006300 1.191406 0.007440
8581 26 FPGA_VCCAUX 0.012792 3.339844 0.042615 FPGA_VCCINT 0.006300 1.191406 0.007440
8904 27 FPGA_VCCAUX 0.012792 3.339844 0.042615 FPGA_VCCINT 0.006300 1.191406 0.007440
9230 28 FPGA_VCCAUX 0.012792 3.339844 0.042615 FPGA_VCCINT 0.006300 1.191406 0.007440
9556 29 FPGA_VCCAUX 0.012792 3.320313 0.042318 FPGA_VCCINT 0.006300 1.191406 0.007440
9882 30 FPGA_VCCAUX 0.017947 3.320313 0.059399 FPGA_VCCINT 0.006300 1.191406 0.007440
10205 31 FPGA_VCCAUX 0.020047 3.320313 0.066363 FPGA_VCCINT 0.006300 1.191406 0.007440
10531 32 FPGA_VCCAUX 0.020047 3.320313 0.066363 FPGA_VCCINT 0.006300 1.191406 0.007440
10857 33 FPGA_VCCAUX 0.020047 3.320313 0.066363 FPGA_VCCINT 0.006300 1.191406 0.007440
11180 34 FPGA_VCCAUX 0.020047 3.320313 0.066363 FPGA_VCCINT 0.006491 1.191406 0.007678
11506 35 FPGA_VCCAUX 0.020047 3.320313 0.066363 FPGA_VCCINT 0.006300 1.191406 0.007440
11995 36 FPGA_VCCAUX 0.012792 3.320313 0.042318 FPGA_VCCINT 0.006300 1.191406 0.007440
12318 37 FPGA_VCCAUX 0.012792 3.320313 0.042318 FPGA_VCCINT 0.006300 1.191406 0.007440
12644 38 FPGA_VCCAUX 0.012792 3.320313 0.042318 FPGA_VCCINT 0.006300 1.191406 0.007440
12968 39 FPGA_VCCAUX 0.012601 3.320313 0.041722 FPGA_VCCINT 0.006300 1.191406 0.007440
13294 40 FPGA_VCCAUX 0.012792 3.320313 0.042318 FPGA_VCCINT 0.006300 1.191406 0.007440
13620 41 FPGA_VCCAUX 0.012792 3.320313 0.042318 FPGA_VCCINT 0.006300 1.191406 0.007440
14269 42 FPGA_VCCAUX 0.013937 3.320313 0.046127 FPGA_VCCINT 0.006300 1.191406 0.007440
14595 43 FPGA_VCCAUX 0.013937 3.320313 0.046127 FPGA_VCCINT 0.006300 1.191406 0.007440
15244 44 FPGA_VCCAUX 0.013937 3.320313 0.046127 FPGA_VCCINT 0.006300 1.191406 0.007440
15570 45 FPGA_VCCAUX 0.013937 3.320313 0.046127 FPGA_VCCINT 0.006300 1.191406 0.007440
