1 FPGA_VCCAUX_MON 0.009324 3.281250 0.030458 FPGA_VCCINT_MON 0.004646 1.093750 0.004982
2 FPGA_VCCAUX_MON 0.009324 3.281250 0.030458 FPGA_VCCINT_MON 0.004646 1.093750 0.004982
3 FPGA_VCCAUX_MON 0.009324 3.281250 0.030458 FPGA_VCCINT_MON 0.004646 1.093750 0.004982
4 FPGA_VCCAUX_MON 0.009324 3.281250 0.030458 FPGA_VCCINT_MON 0.004646 1.093750 0.004982
5 FPGA_VCCAUX_MON 0.009324 3.281250 0.030458 FPGA_VCCINT_MON 0.004646 1.093750 0.004982
6 FPGA_VCCAUX_MON 0.009324 3.281250 0.030458 FPGA_VCCINT_MON 0.004646 1.093750 0.004982
7 FPGA_VCCAUX_MON 0.009324 3.281250 0.030458 FPGA_VCCINT_MON 0.004646 1.093750 0.004982
8 FPGA_VCCAUX_MON 0.009324 3.281250 0.030458 FPGA_VCCINT_MON 0.004646 1.093750 0.004982
9 FPGA_VCCAUX_MON 0.009324 3.281250 0.030458 FPGA_VCCINT_MON 0.004646 1.093750 0.004982
10 FPGA_VCCAUX_MON 0.009324 3.281250 0.030458 FPGA_VCCINT_MON 0.004646 1.093750 0.004982
11 FPGA_VCCAUX_MON 0.009324 3.281250 0.030458 FPGA_VCCINT_MON 0.004646 1.093750 0.004982
12 FPGA_VCCAUX_MON 0.009324 3.281250 0.030458 FPGA_VCCINT_MON 0.004646 1.093750 0.004982
13 FPGA_VCCAUX_MON 0.010241 3.281250 0.033454 FPGA_VCCINT_MON 0.004646 1.093750 0.004982
14 FPGA_VCCAUX_MON 0.012195 3.281250 0.039837 FPGA_VCCINT_MON 0.005807 1.093750 0.006228
15 FPGA_VCCAUX_MON 0.012195 3.281250 0.039837 FPGA_VCCINT_MON 0.005807 1.093750 0.006228
16 FPGA_VCCAUX_MON 0.012195 3.281250 0.039837 FPGA_VCCINT_MON 0.005807 1.093750 0.006228
17 FPGA_VCCAUX_MON 0.012195 3.281250 0.039837 FPGA_VCCINT_MON 0.005807 1.093750 0.006228
18 FPGA_VCCAUX_MON 0.012195 3.281250 0.039837 FPGA_VCCINT_MON 0.005807 1.093750 0.006228
19 FPGA_VCCAUX_MON 0.012195 3.281250 0.039837 FPGA_VCCINT_MON 0.005807 1.093750 0.006228
20 FPGA_VCCAUX_MON 0.012195 3.281250 0.039837 FPGA_VCCINT_MON 0.005807 1.093750 0.006228
21 FPGA_VCCAUX_MON 0.012195 3.281250 0.039837 FPGA_VCCINT_MON 0.005807 1.093750 0.006228
22 FPGA_VCCAUX_MON 0.012195 3.281250 0.039837 FPGA_VCCINT_MON 0.005807 1.093750 0.006228
23 FPGA_VCCAUX_MON 0.012195 3.281250 0.039837 FPGA_VCCINT_MON 0.005807 1.093750 0.006228
