2 1 WIRELESS_VCC 0.001019 3.320313 0.003378 MCU_VCC 0.006969 3.281250 0.022473
68 2 WIRELESS_VCC 0.001019 3.320313 0.003378 MCU_VCC 0.006969 3.281250 0.022473
170 3 WIRELESS_VCC 0.001019 3.320313 0.003378 MCU_VCC 0.006969 3.281250 0.022473
272 4 WIRELESS_VCC 0.001019 3.320313 0.003378 MCU_VCC 0.006969 3.281250 0.022473
556 5 WIRELESS_VCC 0.001025 3.320313 0.003393 MCU_VCC 0.006969 3.281250 0.022495
658 6 WIRELESS_VCC 0.001865 3.320313 0.006182 MCU_VCC 0.006969 3.281250 0.022495
760 7 WIRELESS_VCC 0.002633 3.320313 0.008734 MCU_VCC 0.007162 3.281250 0.023118
862 8 WIRELESS_VCC 0.001626 3.320313 0.005394 MCU_VCC 0.006969 3.281250 0.022495
963 9 WIRELESS_VCC 0.001257 3.320313 0.004166 MCU_VCC 0.006969 3.281250 0.022495
1065 10 WIRELESS_VCC 0.001114 3.320313 0.003690 MCU_VCC 0.006969 3.281250 0.022495
1167 11 WIRELESS_VCC 0.001066 3.320313 0.003534 MCU_VCC 0.006969 3.281250 0.022495
1269 12 WIRELESS_VCC 0.001043 3.320313 0.003452 MCU_VCC 0.006969 3.281250 0.022495
1452 13 WIRELESS_VCC 0.001037 3.320313 0.003437 MCU_VCC 0.006969 3.281250 0.022473
1655 14 WIRELESS_VCC 0.001031 3.320313 0.003415 MCU_VCC 0.006969 3.281250 0.022473
1757 15 WIRELESS_VCC 0.001031 3.320313 0.003415 MCU_VCC 0.006969 3.281250 0.022473
1859 16 WIRELESS_VCC 0.001031 3.320313 0.003415 MCU_VCC 0.006969 3.281250 0.022473
1961 17 WIRELESS_VCC 0.001031 3.320313 0.003415 MCU_VCC 0.006969 3.281250 0.022473
