13 1 FPGA_VCCAUX 0.024390 3.281250 0.079675 FPGA_VCCINT 0.006194 1.093750 0.006643
53 2 FPGA_VCCAUX 0.024390 3.281250 0.079675 FPGA_VCCINT 0.006194 1.093750 0.006643
105 3 FPGA_VCCAUX 0.024390 3.281250 0.079675 FPGA_VCCINT 0.006194 1.093750 0.006643
158 4 FPGA_VCCAUX 0.024390 3.281250 0.079675 FPGA_VCCINT 0.006194 1.093750 0.006643
210 5 FPGA_VCCAUX 0.024390 3.281250 0.079675 FPGA_VCCINT 0.006194 1.093750 0.006643
263 6 FPGA_VCCAUX 0.024390 3.281250 0.079675 FPGA_VCCINT 0.006194 1.093750 0.006643
315 7 FPGA_VCCAUX 0.024390 3.281250 0.079675 FPGA_VCCINT 0.006194 1.093750 0.006643
368 8 FPGA_VCCAUX 0.024390 3.281250 0.079675 FPGA_VCCINT 0.006194 1.093750 0.006643
420 9 FPGA_VCCAUX 0.024390 3.281250 0.079675 FPGA_VCCINT 0.006194 1.093750 0.006643
473 10 FPGA_VCCAUX 0.024390 3.281250 0.079675 FPGA_VCCINT 0.006194 1.093750 0.006643
526 11 FPGA_VCCAUX 0.024390 3.281250 0.079675 FPGA_VCCINT 0.006194 1.093750 0.006643
579 12 FPGA_VCCAUX 0.024390 3.281250 0.079675 FPGA_VCCINT 0.006194 1.093750 0.006643
632 13 FPGA_VCCAUX 0.024390 3.281250 0.079675 FPGA_VCCINT 0.006194 1.093750 0.006643
682 14 FPGA_VCCAUX 0.024390 3.281250 0.079675 FPGA_VCCINT 0.006194 1.093750 0.006643
734 15 FPGA_VCCAUX 0.024390 3.281250 0.079675 FPGA_VCCINT 0.006194 1.093750 0.006643
787 16 FPGA_VCCAUX 0.024390 3.281250 0.079675 FPGA_VCCINT 0.006194 1.093750 0.006643
840 17 FPGA_VCCAUX 0.024390 3.281250 0.079675 FPGA_VCCINT 0.006194 1.093750 0.006643
893 18 FPGA_VCCAUX 0.024390 3.281250 0.079675 FPGA_VCCINT 0.006194 1.093750 0.006643
945 19 FPGA_VCCAUX 0.024390 3.281250 0.079675 FPGA_VCCINT 0.006194 1.093750 0.006643
998 20 FPGA_VCCAUX 0.024390 3.281250 0.079675 FPGA_VCCINT 0.006194 1.093750 0.006643
1051 21 FPGA_VCCAUX 0.024390 3.281250 0.079675 FPGA_VCCINT 0.006194 1.093750 0.006643
1104 22 FPGA_VCCAUX 0.024390 3.281250 0.079675 FPGA_VCCINT 0.006194 1.093750 0.006643
1155 23 FPGA_VCCAUX 0.024390 3.281250 0.079675 FPGA_VCCINT 0.006194 1.093750 0.006643
1208 24 FPGA_VCCAUX 0.024390 3.281250 0.079675 FPGA_VCCINT 0.006194 1.093750 0.006643
1261 25 FPGA_VCCAUX 0.024390 3.281250 0.079675 FPGA_VCCINT 0.006194 1.093750 0.006643
1314 26 FPGA_VCCAUX 0.024390 3.281250 0.079675 FPGA_VCCINT 0.006194 1.093750 0.006643
1364 27 FPGA_VCCAUX 0.024390 3.281250 0.079675 FPGA_VCCINT 0.006194 1.093750 0.006643
1417 28 FPGA_VCCAUX 0.024390 3.281250 0.079675 FPGA_VCCINT 0.006194 1.093750 0.006643
1470 29 FPGA_VCCAUX 0.024390 3.281250 0.079675 FPGA_VCCINT 0.006194 1.093750 0.006643
1524 30 FPGA_VCCAUX 0.024390 3.281250 0.079675 FPGA_VCCINT 0.006194 1.093750 0.006643
1574 31 FPGA_VCCAUX 0.024390 3.281250 0.079675 FPGA_VCCINT 0.006194 1.093750 0.006643
1627 32 FPGA_VCCAUX 0.024390 3.281250 0.079675 FPGA_VCCINT 0.006194 1.093750 0.006643
1681 33 FPGA_VCCAUX 0.009679 3.281250 0.031140 FPGA_VCCINT 0.006194 1.093750 0.006643
1734 34 FPGA_VCCAUX 0.009679 3.281250 0.031140 FPGA_VCCINT 0.006194 1.093750 0.006643
1784 35 FPGA_VCCAUX 0.009679 3.281250 0.031140 FPGA_VCCINT 0.006194 1.093750 0.006643
1838 36 FPGA_VCCAUX 0.009679 3.281250 0.031140 FPGA_VCCINT 0.006194 1.093750 0.006643
1891 37 FPGA_VCCAUX 0.009679 3.281250 0.031140 FPGA_VCCINT 0.006194 1.093750 0.006643
1941 38 FPGA_VCCAUX 0.009679 3.281250 0.031140 FPGA_VCCINT 0.006194 1.093750 0.006643
1995 39 FPGA_VCCAUX 0.009679 3.281250 0.031140 FPGA_VCCINT 0.006194 1.093750 0.006643
2048 40 FPGA_VCCAUX 0.009679 3.281250 0.031140 FPGA_VCCINT 0.006194 1.093750 0.006643
2101 41 FPGA_VCCAUX 0.009679 3.281250 0.031140 FPGA_VCCINT 0.006194 1.093750 0.006643
2204 42 FPGA_VCCAUX 0.009679 3.281250 0.031140 FPGA_VCCINT 0.006194 1.093750 0.006643
2257 43 FPGA_VCCAUX 0.009679 3.281250 0.031140 FPGA_VCCINT 0.006194 1.093750 0.006643
2310 44 FPGA_VCCAUX 0.009679 3.281250 0.031140 FPGA_VCCINT 0.006194 1.250000 0.007592
2363 45 FPGA_VCCAUX 0.009679 3.281250 0.031140 FPGA_VCCINT 0.006194 1.250000 0.007592
2442 46 FPGA_VCCAUX 0.009679 3.281250 0.031140 FPGA_VCCINT 0.006194 1.093750 0.006643
2492 47 FPGA_VCCAUX 0.009679 3.281250 0.031140 FPGA_VCCINT 0.006194 1.250000 0.007592
2545 48 FPGA_VCCAUX 0.009679 3.281250 0.031140 FPGA_VCCINT 0.006194 1.250000 0.007592
2598 49 FPGA_VCCAUX 0.009679 3.281250 0.031140 FPGA_VCCINT 0.006194 1.250000 0.007592
2651 50 FPGA_VCCAUX 0.009679 3.281250 0.031140 FPGA_VCCINT 0.006194 1.250000 0.007592
2704 51 FPGA_VCCAUX 0.009679 3.281250 0.031140 FPGA_VCCINT 0.006194 1.093750 0.006643
2755 52 FPGA_VCCAUX 0.009679 3.281250 0.031140 FPGA_VCCINT 0.006194 1.250000 0.007592
2808 53 FPGA_VCCAUX 0.009679 3.281250 0.031140 FPGA_VCCINT 0.006194 1.250000 0.007592
2860 54 FPGA_VCCAUX 0.009679 3.281250 0.031140 FPGA_VCCINT 0.006194 1.250000 0.007592
2913 55 FPGA_VCCAUX 0.009679 3.281250 0.031140 FPGA_VCCINT 0.006194 1.250000 0.007592
2967 56 FPGA_VCCAUX 0.009679 3.281250 0.031140 FPGA_VCCINT 0.006194 1.250000 0.007592
3017 57 FPGA_VCCAUX 0.009679 3.281250 0.031140 FPGA_VCCINT 0.006194 1.250000 0.007592
3070 58 FPGA_VCCAUX 0.009679 3.281250 0.031140 FPGA_VCCINT 0.006194 1.250000 0.007592
3123 59 FPGA_VCCAUX 0.009679 3.281250 0.031140 FPGA_VCCINT 0.006194 1.250000 0.007592
3176 60 FPGA_VCCAUX 0.009679 3.281250 0.031140 FPGA_VCCINT 0.006194 1.250000 0.007592
3229 61 FPGA_VCCAUX 0.009679 3.281250 0.031140 FPGA_VCCINT 0.006194 1.250000 0.007592
3332 62 FPGA_VCCAUX 0.009679 3.281250 0.031140 FPGA_VCCINT 0.006194 1.250000 0.007592
3385 63 FPGA_VCCAUX 0.009679 3.281250 0.031140 FPGA_VCCINT 0.006194 1.250000 0.007592
3437 64 FPGA_VCCAUX 0.009679 3.281250 0.031140 FPGA_VCCINT 0.006194 1.250000 0.007592
3490 65 FPGA_VCCAUX 0.009679 3.281250 0.031140 FPGA_VCCINT 0.006194 1.250000 0.007592
3543 66 FPGA_VCCAUX 0.009679 3.281250 0.031140 FPGA_VCCINT 0.006194 1.250000 0.007592
3596 67 FPGA_VCCAUX 0.009679 3.281250 0.031140 FPGA_VCCINT 0.006194 1.250000 0.007592
3647 68 FPGA_VCCAUX 0.009679 3.281250 0.031140 FPGA_VCCINT 0.006194 1.250000 0.007592
3700 69 FPGA_VCCAUX 0.009679 3.281250 0.031140 FPGA_VCCINT 0.006194 1.250000 0.007592
3753 70 FPGA_VCCAUX 0.009679 3.281250 0.031140 FPGA_VCCINT 0.006194 1.250000 0.007592
3806 71 FPGA_VCCAUX 0.009679 3.281250 0.031140 FPGA_VCCINT 0.006194 1.250000 0.007592
3858 72 FPGA_VCCAUX 0.009679 3.281250 0.031140 FPGA_VCCINT 0.006194 1.250000 0.007592
3911 73 FPGA_VCCAUX 0.009679 3.281250 0.031140 FPGA_VCCINT 0.006194 1.250000 0.007592
3962 74 FPGA_VCCAUX 0.009679 3.281250 0.031140 FPGA_VCCINT 0.006194 1.250000 0.007592
4015 75 FPGA_VCCAUX 0.009679 3.281250 0.031140 FPGA_VCCINT 0.006194 1.250000 0.007592
4068 76 FPGA_VCCAUX 0.009679 3.281250 0.031140 FPGA_VCCINT 0.006194 1.250000 0.007592
4121 77 FPGA_VCCAUX 0.009679 3.281250 0.031140 FPGA_VCCINT 0.006194 1.250000 0.007592
4171 78 FPGA_VCCAUX 0.009679 3.281250 0.031140 FPGA_VCCINT 0.006194 1.250000 0.007592
4224 79 FPGA_VCCAUX 0.009679 3.281250 0.031140 FPGA_VCCINT 0.006194 1.250000 0.007592
4277 80 FPGA_VCCAUX 0.009679 3.281250 0.031140 FPGA_VCCINT 0.006194 1.250000 0.007592
4330 81 FPGA_VCCAUX 0.009679 3.281250 0.031140 FPGA_VCCINT 0.006194 1.250000 0.007592
4383 82 FPGA_VCCAUX 0.009679 3.281250 0.031140 FPGA_VCCINT 0.006194 1.250000 0.007592
4436 83 FPGA_VCCAUX 0.009679 3.281250 0.031140 FPGA_VCCINT 0.006194 1.250000 0.007592
4541 84 FPGA_VCCAUX 0.009679 3.281250 0.031140 FPGA_VCCINT 0.006194 1.250000 0.007592
4592 85 FPGA_VCCAUX 0.009679 3.281250 0.031140 FPGA_VCCINT 0.006194 1.250000 0.007592
4645 86 FPGA_VCCAUX 0.009679 3.281250 0.031140 FPGA_VCCINT 0.006194 1.250000 0.007592
4697 87 FPGA_VCCAUX 0.009679 3.281250 0.031140 FPGA_VCCINT 0.006194 1.250000 0.007592
4750 88 FPGA_VCCAUX 0.009679 3.281250 0.031140 FPGA_VCCINT 0.006194 1.250000 0.007592
4803 89 FPGA_VCCAUX 0.009679 3.281250 0.031140 FPGA_VCCINT 0.006194 1.250000 0.007592
4856 90 FPGA_VCCAUX 0.009679 3.281250 0.031140 FPGA_VCCINT 0.006194 1.250000 0.007592
4906 91 FPGA_VCCAUX 0.009679 3.281250 0.031140 FPGA_VCCINT 0.006194 1.250000 0.007592
4959 92 FPGA_VCCAUX 0.009679 3.281250 0.031140 FPGA_VCCINT 0.006194 1.250000 0.007592
5012 93 FPGA_VCCAUX 0.009679 3.281250 0.031140 FPGA_VCCINT 0.006194 1.250000 0.007592
5065 94 FPGA_VCCAUX 0.009679 3.281250 0.031140 FPGA_VCCINT 0.006194 1.250000 0.007592
5118 95 FPGA_VCCAUX 0.009679 3.281250 0.031140 FPGA_VCCINT 0.006194 1.250000 0.007592
5171 96 FPGA_VCCAUX 0.009679 3.281250 0.031140 FPGA_VCCINT 0.006194 1.250000 0.007592
5221 97 FPGA_VCCAUX 0.009679 3.281250 0.031140 FPGA_VCCINT 0.006194 1.250000 0.007592
5274 98 FPGA_VCCAUX 0.009679 3.281250 0.031140 FPGA_VCCINT 0.006194 1.250000 0.007592
5327 99 FPGA_VCCAUX 0.009679 3.281250 0.031140 FPGA_VCCINT 0.006194 1.250000 0.007592
5380 100 FPGA_VCCAUX 0.009679 3.281250 0.031140 FPGA_VCCINT 0.006194 1.250000 0.007592
5433 101 FPGA_VCCAUX 0.009679 3.281250 0.031140 FPGA_VCCINT 0.006194 1.250000 0.007592
5484 102 FPGA_VCCAUX 0.009679 3.281250 0.031140 FPGA_VCCINT 0.006194 1.250000 0.007592
5537 103 FPGA_VCCAUX 0.009679 3.281250 0.031140 FPGA_VCCINT 0.006194 1.250000 0.007592
5590 104 FPGA_VCCAUX 0.009679 3.281250 0.031140 FPGA_VCCINT 0.006194 1.250000 0.007592
5693 105 FPGA_VCCAUX 0.009679 3.281250 0.031140 FPGA_VCCINT 0.006194 1.250000 0.007592
5747 106 FPGA_VCCAUX 0.009679 3.281250 0.031140 FPGA_VCCINT 0.006194 1.250000 0.007592
5800 107 FPGA_VCCAUX 0.009679 3.281250 0.031140 FPGA_VCCINT 0.006194 1.250000 0.007592
5853 108 FPGA_VCCAUX 0.009679 3.281250 0.031140 FPGA_VCCINT 0.006194 1.250000 0.007592
5904 109 FPGA_VCCAUX 0.009679 3.281250 0.031140 FPGA_VCCINT 0.006194 1.250000 0.007592
5957 110 FPGA_VCCAUX 0.009679 3.281250 0.031140 FPGA_VCCINT 0.006194 1.250000 0.007592
6010 111 FPGA_VCCAUX 0.009679 3.281250 0.031140 FPGA_VCCINT 0.006194 1.250000 0.007592
6061 112 FPGA_VCCAUX 0.009679 3.281250 0.031140 FPGA_VCCINT 0.006194 1.250000 0.007592
6114 113 FPGA_VCCAUX 0.009679 3.281250 0.031140 FPGA_VCCINT 0.006194 1.250000 0.007592
6167 114 FPGA_VCCAUX 0.009679 3.281250 0.031140 FPGA_VCCINT 0.006194 1.250000 0.007592
6220 115 FPGA_VCCAUX 0.009679 3.281250 0.031140 FPGA_VCCINT 0.006194 1.250000 0.007592
6271 116 FPGA_VCCAUX 0.009679 3.281250 0.031140 FPGA_VCCINT 0.006194 1.250000 0.007592
6324 117 FPGA_VCCAUX 0.009679 3.281250 0.031140 FPGA_VCCINT 0.006194 1.250000 0.007592
6377 118 FPGA_VCCAUX 0.009679 3.281250 0.031140 FPGA_VCCINT 0.006194 1.250000 0.007592
6431 119 FPGA_VCCAUX 0.009679 3.281250 0.031140 FPGA_VCCINT 0.006194 1.250000 0.007592
6481 120 FPGA_VCCAUX 0.009679 3.281250 0.031140 FPGA_VCCINT 0.006194 1.250000 0.007592
6534 121 FPGA_VCCAUX 0.009679 3.281250 0.031140 FPGA_VCCINT 0.006194 1.250000 0.007592
6587 122 FPGA_VCCAUX 0.009679 3.281250 0.031140 FPGA_VCCINT 0.006194 1.250000 0.007592
6638 123 FPGA_VCCAUX 0.009679 3.281250 0.031140 FPGA_VCCINT 0.006194 1.250000 0.007592
6691 124 FPGA_VCCAUX 0.009679 3.281250 0.031140 FPGA_VCCINT 0.006194 1.250000 0.007592
6744 125 FPGA_VCCAUX 0.009679 3.281250 0.031140 FPGA_VCCINT 0.006194 1.250000 0.007592
6798 126 FPGA_VCCAUX 0.009679 3.281250 0.031140 FPGA_VCCINT 0.006194 1.250000 0.007592
6848 127 FPGA_VCCAUX 0.009679 3.281250 0.031140 FPGA_VCCINT 0.006194 1.250000 0.007592
6901 128 FPGA_VCCAUX 0.009679 3.281250 0.031140 FPGA_VCCINT 0.006194 1.250000 0.007592
6955 129 FPGA_VCCAUX 0.009679 3.281250 0.031140 FPGA_VCCINT 0.006194 1.250000 0.007592
7110 130 FPGA_VCCAUX 0.009679 3.281250 0.031140 FPGA_VCCINT 0.006194 1.250000 0.007592
7163 131 FPGA_VCCAUX 0.009679 3.281250 0.031140 FPGA_VCCINT 0.006194 1.250000 0.007592
7216 132 FPGA_VCCAUX 0.009679 3.281250 0.031140 FPGA_VCCINT 0.006194 1.250000 0.007592
7270 133 FPGA_VCCAUX 0.009679 3.281250 0.031140 FPGA_VCCINT 0.006194 1.250000 0.007592
7321 134 FPGA_VCCAUX 0.009679 3.281250 0.031140 FPGA_VCCINT 0.006194 1.250000 0.007592
7374 135 FPGA_VCCAUX 0.009679 3.281250 0.031140 FPGA_VCCINT 0.006194 1.250000 0.007592
7427 136 FPGA_VCCAUX 0.009679 3.281250 0.031140 FPGA_VCCINT 0.006194 1.250000 0.007592
7478 137 FPGA_VCCAUX 0.009679 3.281250 0.031140 FPGA_VCCINT 0.006194 1.250000 0.007592
7531 138 FPGA_VCCAUX 0.009679 3.281250 0.031140 FPGA_VCCINT 0.006194 1.250000 0.007592
7584 139 FPGA_VCCAUX 0.009679 3.281250 0.031140 FPGA_VCCINT 0.006194 1.250000 0.007592
7635 140 FPGA_VCCAUX 0.009679 3.281250 0.031140 FPGA_VCCINT 0.006194 1.250000 0.007592
7688 141 FPGA_VCCAUX 0.009679 3.281250 0.031140 FPGA_VCCINT 0.006194 1.250000 0.007592
7742 142 FPGA_VCCAUX 0.009679 3.281250 0.031140 FPGA_VCCINT 0.006194 1.250000 0.007592
7795 143 FPGA_VCCAUX 0.009679 3.281250 0.031140 FPGA_VCCINT 0.006194 1.250000 0.007592
7845 144 FPGA_VCCAUX 0.009679 3.281250 0.031140 FPGA_VCCINT 0.006194 1.250000 0.007592
7899 145 FPGA_VCCAUX 0.009679 3.281250 0.031140 FPGA_VCCINT 0.006194 1.250000 0.007592
7952 146 FPGA_VCCAUX 0.009679 3.281250 0.031140 FPGA_VCCINT 0.006194 1.250000 0.007592
8002 147 FPGA_VCCAUX 0.009679 3.281250 0.031140 FPGA_VCCINT 0.006194 1.250000 0.007592
8055 148 FPGA_VCCAUX 0.009679 3.281250 0.031140 FPGA_VCCINT 0.006194 1.250000 0.007592
8109 149 FPGA_VCCAUX 0.009679 3.281250 0.031140 FPGA_VCCINT 0.006194 1.250000 0.007592
8162 150 FPGA_VCCAUX 0.009679 3.281250 0.031140 FPGA_VCCINT 0.006194 1.250000 0.007592
8213 151 FPGA_VCCAUX 0.009679 3.281250 0.031140 FPGA_VCCINT 0.006194 1.250000 0.007592
8266 152 FPGA_VCCAUX 0.009679 3.281250 0.031140 FPGA_VCCINT 0.006194 1.250000 0.007592
8319 153 FPGA_VCCAUX 0.009679 3.281250 0.031140 FPGA_VCCINT 0.006194 1.250000 0.007592
8422 154 FPGA_VCCAUX 0.009679 3.281250 0.031140 FPGA_VCCINT 0.006194 1.250000 0.007592
8475 155 FPGA_VCCAUX 0.009679 3.281250 0.031140 FPGA_VCCINT 0.006194 1.250000 0.007592
8528 156 FPGA_VCCAUX 0.009679 3.281250 0.031140 FPGA_VCCINT 0.006194 1.250000 0.007592
8582 157 FPGA_VCCAUX 0.009679 3.281250 0.031140 FPGA_VCCINT 0.006194 1.250000 0.007592
8632 158 FPGA_VCCAUX 0.009679 3.281250 0.031140 FPGA_VCCINT 0.006194 1.250000 0.007592
8685 159 FPGA_VCCAUX 0.009679 3.281250 0.031140 FPGA_VCCINT 0.006194 1.250000 0.007592
8739 160 FPGA_VCCAUX 0.009679 3.281250 0.031140 FPGA_VCCINT 0.006194 1.250000 0.007592
8842 161 FPGA_VCCAUX 0.009679 3.281250 0.031140 FPGA_VCCINT 0.006194 1.250000 0.007592
8895 162 FPGA_VCCAUX 0.009679 3.281250 0.031140 FPGA_VCCINT 0.006194 1.250000 0.007592
8948 163 FPGA_VCCAUX 0.009679 3.281250 0.031140 FPGA_VCCINT 0.006194 1.250000 0.007592
9001 164 FPGA_VCCAUX 0.009679 3.281250 0.031140 FPGA_VCCINT 0.006194 1.250000 0.007592
9052 165 FPGA_VCCAUX 0.009679 3.281250 0.031140 FPGA_VCCINT 0.006194 1.250000 0.007592
9105 166 FPGA_VCCAUX 0.009679 3.281250 0.031140 FPGA_VCCINT 0.006194 1.250000 0.007592
9158 167 FPGA_VCCAUX 0.009679 3.281250 0.031140 FPGA_VCCINT 0.006194 1.250000 0.007592
9209 168 FPGA_VCCAUX 0.009679 3.281250 0.031140 FPGA_VCCINT 0.006194 1.250000 0.007592
9262 169 FPGA_VCCAUX 0.009679 3.281250 0.031140 FPGA_VCCINT 0.006194 1.250000 0.007592
9315 170 FPGA_VCCAUX 0.009679 3.281250 0.031140 FPGA_VCCINT 0.006194 1.250000 0.007592
9369 171 FPGA_VCCAUX 0.009679 3.281250 0.031140 FPGA_VCCINT 0.006194 1.250000 0.007592
9419 172 FPGA_VCCAUX 0.009679 3.281250 0.031140 FPGA_VCCINT 0.006194 1.250000 0.007592
9472 173 FPGA_VCCAUX 0.009679 3.281250 0.031140 FPGA_VCCINT 0.006194 1.250000 0.007592
9526 174 FPGA_VCCAUX 0.009679 3.281250 0.031140 FPGA_VCCINT 0.006194 1.250000 0.007592
9579 175 FPGA_VCCAUX 0.009679 3.281250 0.031140 FPGA_VCCINT 0.004646 1.250000 0.005694
9629 176 FPGA_VCCAUX 0.009679 3.281250 0.031140 FPGA_VCCINT 0.006194 1.250000 0.007592
9682 177 FPGA_VCCAUX 0.009679 3.281250 0.031140 FPGA_VCCINT 0.006194 1.250000 0.007592
9736 178 FPGA_VCCAUX 0.009679 3.281250 0.031140 FPGA_VCCINT 0.006194 1.250000 0.007592
9789 179 FPGA_VCCAUX 0.009679 3.281250 0.031140 FPGA_VCCINT 0.006194 1.250000 0.007592
9839 180 FPGA_VCCAUX 0.009679 3.281250 0.031140 FPGA_VCCINT 0.006194 1.250000 0.007592
9893 181 FPGA_VCCAUX 0.009679 3.281250 0.031140 FPGA_VCCINT 0.006194 1.250000 0.007592
9946 182 FPGA_VCCAUX 0.009679 3.281250 0.031140 FPGA_VCCINT 0.006194 1.250000 0.007592
9996 183 FPGA_VCCAUX 0.009679 3.281250 0.031140 FPGA_VCCINT 0.006194 1.250000 0.007592
10076 184 FPGA_VCCAUX 0.009679 3.281250 0.031140 FPGA_VCCINT 0.004646 1.250000 0.005694
10129 185 FPGA_VCCAUX 0.009679 3.281250 0.031140 FPGA_VCCINT 0.006194 1.250000 0.007592
10233 186 FPGA_VCCAUX 0.009679 3.281250 0.031140 FPGA_VCCINT 0.006194 1.250000 0.007592
10286 187 FPGA_VCCAUX 0.009679 3.281250 0.031140 FPGA_VCCINT 0.006194 1.250000 0.007592
10340 188 FPGA_VCCAUX 0.009679 3.281250 0.031140 FPGA_VCCINT 0.006194 1.250000 0.007592
10390 189 FPGA_VCCAUX 0.009679 3.281250 0.031140 FPGA_VCCINT 0.006194 1.250000 0.007592
10444 190 FPGA_VCCAUX 0.009679 3.281250 0.031140 FPGA_VCCINT 0.006194 1.250000 0.007592
10497 191 FPGA_VCCAUX 0.009679 3.281250 0.031140 FPGA_VCCINT 0.006194 1.250000 0.007592
10548 192 FPGA_VCCAUX 0.009679 3.281250 0.031140 FPGA_VCCINT 0.006194 1.250000 0.007592
10601 193 FPGA_VCCAUX 0.009679 3.281250 0.031140 FPGA_VCCINT 0.006194 1.250000 0.007592
10705 194 FPGA_VCCAUX 0.009679 3.281250 0.031140 FPGA_VCCINT 0.006194 1.250000 0.007592
10758 195 FPGA_VCCAUX 0.009679 3.281250 0.031140 FPGA_VCCINT 0.006194 1.250000 0.007592
10812 196 FPGA_VCCAUX 0.009679 3.281250 0.031140 FPGA_VCCINT 0.006194 1.250000 0.007592
10862 197 FPGA_VCCAUX 0.009679 3.281250 0.031140 FPGA_VCCINT 0.006194 1.250000 0.007592
10916 198 FPGA_VCCAUX 0.009679 3.281250 0.031140 FPGA_VCCINT 0.006194 1.250000 0.007592
10969 199 FPGA_VCCAUX 0.009679 3.281250 0.031140 FPGA_VCCINT 0.006194 1.250000 0.007592
11020 200 FPGA_VCCAUX 0.009679 3.281250 0.031140 FPGA_VCCINT 0.006194 1.250000 0.007592
11073 201 FPGA_VCCAUX 0.009679 3.281250 0.031140 FPGA_VCCINT 0.006194 1.250000 0.007592
11127 202 FPGA_VCCAUX 0.009679 3.281250 0.031140 FPGA_VCCINT 0.006194 1.250000 0.007592
11178 203 FPGA_VCCAUX 0.009679 3.281250 0.031140 FPGA_VCCINT 0.006194 1.250000 0.007592
11231 204 FPGA_VCCAUX 0.009679 3.281250 0.031140 FPGA_VCCINT 0.004646 1.250000 0.005694
11282 205 FPGA_VCCAUX 0.009679 3.281250 0.031140 FPGA_VCCINT 0.006194 1.093750 0.006643
11335 206 FPGA_VCCAUX 0.009679 3.281250 0.031140 FPGA_VCCINT 0.004646 1.093750 0.004982
11389 207 FPGA_VCCAUX 0.009679 3.281250 0.031140 FPGA_VCCINT 0.006194 1.093750 0.006643
11440 208 FPGA_VCCAUX 0.009679 3.281250 0.031140 FPGA_VCCINT 0.006194 1.093750 0.006643
11494 209 FPGA_VCCAUX 0.009679 3.281250 0.031140 FPGA_VCCINT 0.006194 1.093750 0.006643
11545 210 FPGA_VCCAUX 0.009679 3.281250 0.031140 FPGA_VCCINT 0.006194 1.093750 0.006643
11599 211 FPGA_VCCAUX 0.009679 3.281250 0.031140 FPGA_VCCINT 0.006194 1.093750 0.006643
11650 212 FPGA_VCCAUX 0.009679 3.281250 0.031140 FPGA_VCCINT 0.006194 1.093750 0.006643
11703 213 FPGA_VCCAUX 0.009679 3.281250 0.031140 FPGA_VCCINT 0.004646 1.250000 0.005694
11809 214 FPGA_VCCAUX 0.009679 3.281250 0.031140 FPGA_VCCINT 0.006194 1.093750 0.006643
11860 215 FPGA_VCCAUX 0.009679 3.281250 0.031140 FPGA_VCCINT 0.006194 1.093750 0.006643
11914 216 FPGA_VCCAUX 0.009679 3.281250 0.031140 FPGA_VCCINT 0.006194 1.093750 0.006643
11965 217 FPGA_VCCAUX 0.009679 3.281250 0.031140 FPGA_VCCINT 0.006194 1.093750 0.006643
12018 218 FPGA_VCCAUX 0.009679 3.281250 0.031140 FPGA_VCCINT 0.004646 1.093750 0.004982
12069 219 FPGA_VCCAUX 0.009679 3.281250 0.031140 FPGA_VCCINT 0.006194 1.093750 0.006643
12123 220 FPGA_VCCAUX 0.009679 3.281250 0.031140 FPGA_VCCINT 0.006194 1.093750 0.006643
12174 221 FPGA_VCCAUX 0.009679 3.281250 0.031140 FPGA_VCCINT 0.006194 1.093750 0.006643
12228 222 FPGA_VCCAUX 0.009679 3.281250 0.031140 FPGA_VCCINT 0.006194 1.093750 0.006643
12281 223 FPGA_VCCAUX 0.009679 3.281250 0.031140 FPGA_VCCINT 0.006194 1.093750 0.006643
12332 224 FPGA_VCCAUX 0.009679 3.281250 0.031140 FPGA_VCCINT 0.006194 1.093750 0.006643
12386 225 FPGA_VCCAUX 0.009679 3.281250 0.031140 FPGA_VCCINT 0.006194 1.093750 0.006643
12437 226 FPGA_VCCAUX 0.009679 3.281250 0.031140 FPGA_VCCINT 0.006194 1.093750 0.006643
12491 227 FPGA_VCCAUX 0.009679 3.281250 0.031140 FPGA_VCCINT 0.006194 1.093750 0.006643
12541 228 FPGA_VCCAUX 0.009679 3.281250 0.031140 FPGA_VCCINT 0.006194 1.093750 0.006643
12595 229 FPGA_VCCAUX 0.009679 3.281250 0.031140 FPGA_VCCINT 0.006194 1.093750 0.006643
12646 230 FPGA_VCCAUX 0.009679 3.281250 0.031140 FPGA_VCCINT 0.006194 1.093750 0.006643
12700 231 FPGA_VCCAUX 0.009679 3.281250 0.031140 FPGA_VCCINT 0.006194 1.093750 0.006643
12751 232 FPGA_VCCAUX 0.009679 3.281250 0.031140 FPGA_VCCINT 0.006194 1.093750 0.006643
12804 233 FPGA_VCCAUX 0.009679 3.281250 0.031140 FPGA_VCCINT 0.006194 1.093750 0.006643
12858 234 FPGA_VCCAUX 0.009679 3.281250 0.031140 FPGA_VCCINT 0.006194 1.093750 0.006643
12909 235 FPGA_VCCAUX 0.009679 3.281250 0.031140 FPGA_VCCINT 0.006194 1.093750 0.006643
12963 236 FPGA_VCCAUX 0.009679 3.281250 0.031140 FPGA_VCCINT 0.006194 1.093750 0.006643
13014 237 FPGA_VCCAUX 0.009679 3.281250 0.031140 FPGA_VCCINT 0.006194 1.093750 0.006643
13067 238 FPGA_VCCAUX 0.009679 3.281250 0.031140 FPGA_VCCINT 0.004646 1.093750 0.004982
13118 239 FPGA_VCCAUX 0.009679 3.281250 0.031140 FPGA_VCCINT 0.006194 1.093750 0.006643
13172 240 FPGA_VCCAUX 0.009679 3.281250 0.031140 FPGA_VCCINT 0.006194 1.093750 0.006643
13223 241 FPGA_VCCAUX 0.009679 3.281250 0.031140 FPGA_VCCINT 0.006194 1.093750 0.006643
13277 242 FPGA_VCCAUX 0.009679 3.281250 0.031140 FPGA_VCCINT 0.006194 1.093750 0.006643
13330 243 FPGA_VCCAUX 0.009679 3.281250 0.031140 FPGA_VCCINT 0.006194 1.093750 0.006643
13381 244 FPGA_VCCAUX 0.009679 3.281250 0.031140 FPGA_VCCINT 0.006194 1.093750 0.006643
13435 245 FPGA_VCCAUX 0.009679 3.281250 0.031140 FPGA_VCCINT 0.006194 1.093750 0.006643
13486 246 FPGA_VCCAUX 0.009679 3.281250 0.031140 FPGA_VCCINT 0.006194 1.093750 0.006643
13540 247 FPGA_VCCAUX 0.009679 3.281250 0.031140 FPGA_VCCINT 0.006194 1.093750 0.006643
13591 248 FPGA_VCCAUX 0.009679 3.281250 0.031140 FPGA_VCCINT 0.006194 1.093750 0.006643
13644 249 FPGA_VCCAUX 0.009679 3.281250 0.031140 FPGA_VCCINT 0.006194 1.093750 0.006643
13695 250 FPGA_VCCAUX 0.009679 3.281250 0.031140 FPGA_VCCINT 0.006194 1.093750 0.006643
13749 251 FPGA_VCCAUX 0.009679 3.281250 0.031140 FPGA_VCCINT 0.004646 1.093750 0.004982
13803 252 FPGA_VCCAUX 0.009679 3.281250 0.031140 FPGA_VCCINT 0.004646 1.093750 0.004982
13854 253 FPGA_VCCAUX 0.009679 3.281250 0.031140 FPGA_VCCINT 0.006194 1.093750 0.006643
13907 254 FPGA_VCCAUX 0.009679 3.281250 0.031140 FPGA_VCCINT 0.006194 1.093750 0.006643
13958 255 FPGA_VCCAUX 0.009679 3.281250 0.031140 FPGA_VCCINT 0.006194 1.093750 0.006643
14012 256 FPGA_VCCAUX 0.009679 3.281250 0.031140 FPGA_VCCINT 0.006194 1.093750 0.006643
14063 257 FPGA_VCCAUX 0.009679 3.281250 0.031140 FPGA_VCCINT 0.006194 1.093750 0.006643
14117 258 FPGA_VCCAUX 0.009679 3.281250 0.031140 FPGA_VCCINT 0.006194 1.093750 0.006643
14168 259 FPGA_VCCAUX 0.009679 3.281250 0.031140 FPGA_VCCINT 0.006194 1.093750 0.006643
14221 260 FPGA_VCCAUX 0.009679 3.281250 0.031140 FPGA_VCCINT 0.006194 1.093750 0.006643
14325 261 FPGA_VCCAUX 0.009679 3.281250 0.031140 FPGA_VCCINT 0.006194 1.093750 0.006643
14378 262 FPGA_VCCAUX 0.009679 3.281250 0.031140 FPGA_VCCINT 0.006194 1.093750 0.006643
14432 263 FPGA_VCCAUX 0.009679 3.281250 0.031140 FPGA_VCCINT 0.004646 1.093750 0.004982
14483 264 FPGA_VCCAUX 0.009679 3.281250 0.031140 FPGA_VCCINT 0.006194 1.093750 0.006643
14537 265 FPGA_VCCAUX 0.009679 3.281250 0.031140 FPGA_VCCINT 0.006194 1.093750 0.006643
14588 266 FPGA_VCCAUX 0.009679 3.281250 0.031140 FPGA_VCCINT 0.004646 1.093750 0.004982
14642 267 FPGA_VCCAUX 0.009679 3.281250 0.031140 FPGA_VCCINT 0.006194 1.093750 0.006643
14693 268 FPGA_VCCAUX 0.009679 3.281250 0.031140 FPGA_VCCINT 0.004646 1.093750 0.004982
14746 269 FPGA_VCCAUX 0.009679 3.281250 0.031140 FPGA_VCCINT 0.006194 1.093750 0.006643
14797 270 FPGA_VCCAUX 0.009679 3.281250 0.031140 FPGA_VCCINT 0.006194 1.093750 0.006643
14851 271 FPGA_VCCAUX 0.009679 3.281250 0.031140 FPGA_VCCINT 0.006194 1.093750 0.006643
14954 272 FPGA_VCCAUX 0.009679 3.281250 0.031140 FPGA_VCCINT 0.006194 1.093750 0.006643
15008 273 FPGA_VCCAUX 0.009679 3.281250 0.031140 FPGA_VCCINT 0.004646 1.093750 0.004982
15062 274 FPGA_VCCAUX 0.009679 3.281250 0.031140 FPGA_VCCINT 0.006194 1.093750 0.006643
15113 275 FPGA_VCCAUX 0.009679 3.281250 0.031140 FPGA_VCCINT 0.006194 1.093750 0.006643
15167 276 FPGA_VCCAUX 0.009679 3.281250 0.031140 FPGA_VCCINT 0.004646 1.093750 0.004982
15218 277 FPGA_VCCAUX 0.009679 3.281250 0.031140 FPGA_VCCINT 0.006194 1.093750 0.006643
15271 278 FPGA_VCCAUX 0.009679 3.281250 0.031140 FPGA_VCCINT 0.006194 1.093750 0.006643
15322 279 FPGA_VCCAUX 0.009679 3.281250 0.031140 FPGA_VCCINT 0.006194 1.093750 0.006643
15376 280 FPGA_VCCAUX 0.009679 3.281250 0.031140 FPGA_VCCINT 0.006194 1.093750 0.006643
15429 281 FPGA_VCCAUX 0.009679 3.281250 0.031140 FPGA_VCCINT 0.006194 1.093750 0.006643
15480 282 FPGA_VCCAUX 0.009679 3.281250 0.031140 FPGA_VCCINT 0.004646 1.093750 0.004982
15534 283 FPGA_VCCAUX 0.009679 3.281250 0.031140 FPGA_VCCINT 0.006194 1.093750 0.006643
