13 1 FPGA_VCCAUX 0.024390 3.281250 0.079675 FPGA_VCCINT 0.006194 1.093750 0.006643
58 2 FPGA_VCCAUX 0.024390 3.281250 0.079675 FPGA_VCCINT 0.006194 1.093750 0.006643
110 3 FPGA_VCCAUX 0.024390 3.281250 0.079675 FPGA_VCCINT 0.006194 1.093750 0.006643
162 4 FPGA_VCCAUX 0.024390 3.281250 0.079675 FPGA_VCCINT 0.006194 1.093750 0.006643
215 5 FPGA_VCCAUX 0.024390 3.281250 0.079675 FPGA_VCCINT 0.006194 1.093750 0.006643
268 6 FPGA_VCCAUX 0.024390 3.281250 0.079675 FPGA_VCCINT 0.006194 1.093750 0.006643
320 7 FPGA_VCCAUX 0.024390 3.281250 0.079675 FPGA_VCCINT 0.006194 1.093750 0.006643
373 8 FPGA_VCCAUX 0.024390 3.281250 0.079675 FPGA_VCCINT 0.006194 1.093750 0.006643
425 9 FPGA_VCCAUX 0.024390 3.281250 0.079675 FPGA_VCCINT 0.006194 1.093750 0.006643
478 10 FPGA_VCCAUX 0.024390 3.281250 0.079675 FPGA_VCCINT 0.006194 1.093750 0.006643
530 11 FPGA_VCCAUX 0.024390 3.281250 0.079675 FPGA_VCCINT 0.006194 1.093750 0.006643
583 12 FPGA_VCCAUX 0.024390 3.281250 0.079675 FPGA_VCCINT 0.006194 1.093750 0.006643
636 13 FPGA_VCCAUX 0.024390 3.281250 0.079675 FPGA_VCCINT 0.006194 1.093750 0.006643
739 14 FPGA_VCCAUX 0.024390 3.281250 0.079675 FPGA_VCCINT 0.006194 1.093750 0.006643
791 15 FPGA_VCCAUX 0.024390 3.281250 0.079675 FPGA_VCCINT 0.006194 1.093750 0.006643
844 16 FPGA_VCCAUX 0.024390 3.281250 0.079675 FPGA_VCCINT 0.006194 1.093750 0.006643
897 17 FPGA_VCCAUX 0.024390 3.281250 0.079675 FPGA_VCCINT 0.006194 1.093750 0.006643
950 18 FPGA_VCCAUX 0.024390 3.281250 0.079675 FPGA_VCCINT 0.006194 1.093750 0.006643
1002 19 FPGA_VCCAUX 0.024390 3.281250 0.079675 FPGA_VCCINT 0.006194 1.093750 0.006643
1055 20 FPGA_VCCAUX 0.024390 3.281250 0.079675 FPGA_VCCINT 0.006194 1.093750 0.006643
1109 21 FPGA_VCCAUX 0.024390 3.281250 0.079675 FPGA_VCCINT 0.006194 1.093750 0.006643
1159 22 FPGA_VCCAUX 0.024390 3.281250 0.079675 FPGA_VCCINT 0.007743 1.093750 0.008304
1212 23 FPGA_VCCAUX 0.024390 3.281250 0.079675 FPGA_VCCINT 0.006194 1.093750 0.006643
1265 24 FPGA_VCCAUX 0.024390 3.281250 0.079675 FPGA_VCCINT 0.006194 1.093750 0.006643
1318 25 FPGA_VCCAUX 0.024390 3.281250 0.079675 FPGA_VCCINT 0.006194 1.093750 0.006643
1369 26 FPGA_VCCAUX 0.024390 3.281250 0.079675 FPGA_VCCINT 0.006194 1.093750 0.006643
1422 27 FPGA_VCCAUX 0.024390 3.281250 0.079675 FPGA_VCCINT 0.007743 1.093750 0.008304
1475 28 FPGA_VCCAUX 0.024390 3.281250 0.079675 FPGA_VCCINT 0.006194 1.093750 0.006643
1526 29 FPGA_VCCAUX 0.024390 3.281250 0.079675 FPGA_VCCINT 0.006194 1.093750 0.006643
1579 30 FPGA_VCCAUX 0.024390 3.281250 0.079675 FPGA_VCCINT 0.006194 1.093750 0.006643
1633 31 FPGA_VCCAUX 0.024390 3.281250 0.079675 FPGA_VCCINT 0.006194 1.093750 0.006643
1686 32 FPGA_VCCAUX 0.024390 3.281250 0.079675 FPGA_VCCINT 0.006194 1.093750 0.006643
1736 33 FPGA_VCCAUX 0.024390 3.281250 0.079675 FPGA_VCCINT 0.007743 1.093750 0.008304
1789 34 FPGA_VCCAUX 0.024390 3.281250 0.079675 FPGA_VCCINT 0.006194 1.093750 0.006643
1843 35 FPGA_VCCAUX 0.024390 3.281250 0.079675 FPGA_VCCINT 0.006194 1.093750 0.006643
1896 36 FPGA_VCCAUX 0.024390 3.281250 0.079675 FPGA_VCCINT 0.006194 1.093750 0.006643
1946 37 FPGA_VCCAUX 0.024390 3.281250 0.079675 FPGA_VCCINT 0.006194 1.093750 0.006643
2000 38 FPGA_VCCAUX 0.024390 3.281250 0.079675 FPGA_VCCINT 0.006194 1.093750 0.006643
2053 39 FPGA_VCCAUX 0.024390 3.281250 0.079675 FPGA_VCCINT 0.006194 1.093750 0.006643
2104 40 FPGA_VCCAUX 0.024390 3.281250 0.079675 FPGA_VCCINT 0.006194 1.093750 0.006643
2157 41 FPGA_VCCAUX 0.024390 3.281250 0.079675 FPGA_VCCINT 0.006194 1.093750 0.006643
2210 42 FPGA_VCCAUX 0.024390 3.281250 0.079675 FPGA_VCCINT 0.006194 1.093750 0.006643
2263 43 FPGA_VCCAUX 0.024390 3.281250 0.079675 FPGA_VCCINT 0.006194 1.093750 0.006643
2314 44 FPGA_VCCAUX 0.024390 3.281250 0.079675 FPGA_VCCINT 0.006194 1.093750 0.006643
2367 45 FPGA_VCCAUX 0.024390 3.281250 0.079675 FPGA_VCCINT 0.006194 1.093750 0.006643
2420 46 FPGA_VCCAUX 0.024390 3.281250 0.079675 FPGA_VCCINT 0.006194 1.093750 0.006643
2471 47 FPGA_VCCAUX 0.024390 3.281250 0.079675 FPGA_VCCINT 0.006194 1.093750 0.006643
2524 48 FPGA_VCCAUX 0.024390 3.281250 0.079675 FPGA_VCCINT 0.006194 1.093750 0.006643
2577 49 FPGA_VCCAUX 0.024390 3.281250 0.079675 FPGA_VCCINT 0.006194 1.093750 0.006643
2628 50 FPGA_VCCAUX 0.024390 3.281250 0.079675 FPGA_VCCINT 0.006194 1.093750 0.006643
2681 51 FPGA_VCCAUX 0.024390 3.281250 0.079675 FPGA_VCCINT 0.006194 1.093750 0.006643
2734 52 FPGA_VCCAUX 0.024390 3.281250 0.079675 FPGA_VCCINT 0.006194 1.093750 0.006643
2787 53 FPGA_VCCAUX 0.024390 3.281250 0.079675 FPGA_VCCINT 0.006194 1.093750 0.006643
2838 54 FPGA_VCCAUX 0.024390 3.281250 0.079675 FPGA_VCCINT 0.006194 1.093750 0.006643
2891 55 FPGA_VCCAUX 0.024390 3.281250 0.079675 FPGA_VCCINT 0.006194 1.093750 0.006643
2944 56 FPGA_VCCAUX 0.024390 3.281250 0.079675 FPGA_VCCINT 0.006194 1.093750 0.006643
2997 57 FPGA_VCCAUX 0.024390 3.281250 0.079675 FPGA_VCCINT 0.006194 1.093750 0.006643
3048 58 FPGA_VCCAUX 0.024390 3.281250 0.079675 FPGA_VCCINT 0.006194 1.093750 0.006643
3101 59 FPGA_VCCAUX 0.024390 3.281250 0.079675 FPGA_VCCINT 0.006194 1.093750 0.006643
3154 60 FPGA_VCCAUX 0.024390 3.281250 0.079675 FPGA_VCCINT 0.006194 1.093750 0.006643
3205 61 FPGA_VCCAUX 0.024390 3.281250 0.079675 FPGA_VCCINT 0.006194 1.093750 0.006643
3258 62 FPGA_VCCAUX 0.024390 3.281250 0.079675 FPGA_VCCINT 0.006194 1.093750 0.006643
3311 63 FPGA_VCCAUX 0.024390 3.281250 0.079675 FPGA_VCCINT 0.006194 1.093750 0.006643
3365 64 FPGA_VCCAUX 0.024390 3.281250 0.079675 FPGA_VCCINT 0.006194 1.093750 0.006643
3415 65 FPGA_VCCAUX 0.024390 3.281250 0.079675 FPGA_VCCINT 0.006194 1.093750 0.006643
3468 66 FPGA_VCCAUX 0.024390 3.281250 0.079675 FPGA_VCCINT 0.006194 1.093750 0.006643
3522 67 FPGA_VCCAUX 0.024390 3.281250 0.079675 FPGA_VCCINT 0.006194 1.093750 0.006643
3575 68 FPGA_VCCAUX 0.024390 3.281250 0.079675 FPGA_VCCINT 0.006194 1.093750 0.006643
3625 69 FPGA_VCCAUX 0.024390 3.281250 0.079675 FPGA_VCCINT 0.006194 1.093750 0.006643
3678 70 FPGA_VCCAUX 0.024390 3.281250 0.079675 FPGA_VCCINT 0.006194 1.093750 0.006643
3732 71 FPGA_VCCAUX 0.024390 3.281250 0.079675 FPGA_VCCINT 0.006194 1.093750 0.006643
3782 72 FPGA_VCCAUX 0.024390 3.281250 0.079675 FPGA_VCCINT 0.006194 1.093750 0.006643
3836 73 FPGA_VCCAUX 0.024390 3.281250 0.079675 FPGA_VCCINT 0.006194 1.093750 0.006643
3889 74 FPGA_VCCAUX 0.024390 3.281250 0.079675 FPGA_VCCINT 0.006194 1.093750 0.006643
3992 75 FPGA_VCCAUX 0.024390 3.281250 0.079675 FPGA_VCCINT 0.006194 1.093750 0.006643
4045 76 FPGA_VCCAUX 0.024390 3.281250 0.079675 FPGA_VCCINT 0.007743 1.093750 0.008304
4098 77 FPGA_VCCAUX 0.024390 3.281250 0.079675 FPGA_VCCINT 0.006194 1.093750 0.006643
4152 78 FPGA_VCCAUX 0.024390 3.281250 0.079675 FPGA_VCCINT 0.006194 1.093750 0.006643
4202 79 FPGA_VCCAUX 0.024390 3.281250 0.079675 FPGA_VCCINT 0.006194 1.093750 0.006643
4255 80 FPGA_VCCAUX 0.024390 3.281250 0.079675 FPGA_VCCINT 0.006194 1.093750 0.006643
4309 81 FPGA_VCCAUX 0.024390 3.281250 0.079675 FPGA_VCCINT 0.006194 1.093750 0.006643
4362 82 FPGA_VCCAUX 0.024390 3.281250 0.079675 FPGA_VCCINT 0.006194 1.093750 0.006643
4413 83 FPGA_VCCAUX 0.024390 3.281250 0.079675 FPGA_VCCINT 0.006194 1.093750 0.006643
4466 84 FPGA_VCCAUX 0.024390 3.281250 0.079675 FPGA_VCCINT 0.006194 1.093750 0.006643
4519 85 FPGA_VCCAUX 0.024390 3.281250 0.079675 FPGA_VCCINT 0.006194 1.093750 0.006643
4569 86 FPGA_VCCAUX 0.024390 3.281250 0.079675 FPGA_VCCINT 0.006194 1.093750 0.006643
4623 87 FPGA_VCCAUX 0.024390 3.281250 0.079675 FPGA_VCCINT 0.006194 1.093750 0.006643
4676 88 FPGA_VCCAUX 0.024390 3.281250 0.079675 FPGA_VCCINT 0.006194 1.093750 0.006643
4729 89 FPGA_VCCAUX 0.024390 3.281250 0.079675 FPGA_VCCINT 0.006194 1.093750 0.006643
4780 90 FPGA_VCCAUX 0.024390 3.281250 0.079675 FPGA_VCCINT 0.006194 1.093750 0.006643
4833 91 FPGA_VCCAUX 0.024390 3.281250 0.079675 FPGA_VCCINT 0.006194 1.093750 0.006643
4886 92 FPGA_VCCAUX 0.024390 3.281250 0.079675 FPGA_VCCINT 0.006194 1.093750 0.006643
4937 93 FPGA_VCCAUX 0.024390 3.281250 0.079675 FPGA_VCCINT 0.007743 1.093750 0.008304
4990 94 FPGA_VCCAUX 0.024390 3.281250 0.079675 FPGA_VCCINT 0.006194 1.093750 0.006643
5043 95 FPGA_VCCAUX 0.024390 3.281250 0.079675 FPGA_VCCINT 0.006194 1.093750 0.006643
5096 96 FPGA_VCCAUX 0.024390 3.281250 0.079675 FPGA_VCCINT 0.006194 1.093750 0.006643
5147 97 FPGA_VCCAUX 0.024390 3.281250 0.079675 FPGA_VCCINT 0.006194 1.093750 0.006643
5200 98 FPGA_VCCAUX 0.024390 3.281250 0.079675 FPGA_VCCINT 0.006194 1.093750 0.006643
5253 99 FPGA_VCCAUX 0.024390 3.281250 0.079675 FPGA_VCCINT 0.006194 1.093750 0.006643
5304 100 FPGA_VCCAUX 0.024390 3.281250 0.079675 FPGA_VCCINT 0.006194 1.093750 0.006643
5357 101 FPGA_VCCAUX 0.024390 3.281250 0.079675 FPGA_VCCINT 0.006194 1.093750 0.006643
5411 102 FPGA_VCCAUX 0.024390 3.281250 0.079675 FPGA_VCCINT 0.006194 1.093750 0.006643
5462 103 FPGA_VCCAUX 0.024390 3.281250 0.079675 FPGA_VCCINT 0.006194 1.093750 0.006643
5515 104 FPGA_VCCAUX 0.024390 3.281250 0.079675 FPGA_VCCINT 0.006194 1.093750 0.006643
5566 105 FPGA_VCCAUX 0.024390 3.281250 0.079675 FPGA_VCCINT 0.006194 1.093750 0.006643
5619 106 FPGA_VCCAUX 0.024390 3.281250 0.079675 FPGA_VCCINT 0.006194 1.093750 0.006643
5673 107 FPGA_VCCAUX 0.024390 3.281250 0.079675 FPGA_VCCINT 0.006194 1.093750 0.006643
5724 108 FPGA_VCCAUX 0.024390 3.281250 0.079675 FPGA_VCCINT 0.006194 1.093750 0.006643
5777 109 FPGA_VCCAUX 0.024390 3.281250 0.079675 FPGA_VCCINT 0.006194 1.093750 0.006643
5830 110 FPGA_VCCAUX 0.024390 3.281250 0.079675 FPGA_VCCINT 0.006194 1.093750 0.006643
5881 111 FPGA_VCCAUX 0.024390 3.281250 0.079675 FPGA_VCCINT 0.006194 1.093750 0.006643
5935 112 FPGA_VCCAUX 0.024390 3.281250 0.079675 FPGA_VCCINT 0.006194 1.093750 0.006643
5988 113 FPGA_VCCAUX 0.024390 3.281250 0.079675 FPGA_VCCINT 0.006194 1.093750 0.006643
6039 114 FPGA_VCCAUX 0.024390 3.281250 0.079675 FPGA_VCCINT 0.006194 1.093750 0.006643
6092 115 FPGA_VCCAUX 0.024390 3.281250 0.079675 FPGA_VCCINT 0.006194 1.093750 0.006643
6143 116 FPGA_VCCAUX 0.024390 3.281250 0.079675 FPGA_VCCINT 0.006194 1.093750 0.006643
6196 117 FPGA_VCCAUX 0.024390 3.281250 0.079675 FPGA_VCCINT 0.006194 1.093750 0.006643
6276 118 FPGA_VCCAUX 0.024390 3.281250 0.079675 FPGA_VCCINT 0.006194 1.093750 0.006643
6327 119 FPGA_VCCAUX 0.024390 3.281250 0.079675 FPGA_VCCINT 0.006194 1.093750 0.006643
6381 120 FPGA_VCCAUX 0.024390 3.281250 0.079675 FPGA_VCCINT 0.006194 1.093750 0.006643
6434 121 FPGA_VCCAUX 0.024390 3.281250 0.079675 FPGA_VCCINT 0.006194 1.093750 0.006643
6485 122 FPGA_VCCAUX 0.024390 3.281250 0.079675 FPGA_VCCINT 0.006194 1.093750 0.006643
6538 123 FPGA_VCCAUX 0.024390 3.281250 0.079675 FPGA_VCCINT 0.006194 1.093750 0.006643
6592 124 FPGA_VCCAUX 0.024390 3.281250 0.079675 FPGA_VCCINT 0.006194 1.093750 0.006643
6642 125 FPGA_VCCAUX 0.024390 3.281250 0.079675 FPGA_VCCINT 0.006194 1.093750 0.006643
6696 126 FPGA_VCCAUX 0.024390 3.281250 0.079675 FPGA_VCCINT 0.006194 1.093750 0.006643
6799 127 FPGA_VCCAUX 0.024390 3.281250 0.079675 FPGA_VCCINT 0.006194 1.093750 0.006643
6853 128 FPGA_VCCAUX 0.024390 3.281250 0.079675 FPGA_VCCINT 0.006194 1.093750 0.006643
6906 129 FPGA_VCCAUX 0.024390 3.281250 0.079675 FPGA_VCCINT 0.007743 1.093750 0.008304
6957 130 FPGA_VCCAUX 0.024390 3.281250 0.079675 FPGA_VCCINT 0.006194 1.093750 0.006643
7010 131 FPGA_VCCAUX 0.024390 3.281250 0.079675 FPGA_VCCINT 0.006194 1.093750 0.006643
7064 132 FPGA_VCCAUX 0.024390 3.281250 0.079675 FPGA_VCCINT 0.006194 1.093750 0.006643
7114 133 FPGA_VCCAUX 0.024390 3.281250 0.079675 FPGA_VCCINT 0.006194 1.093750 0.006643
7168 134 FPGA_VCCAUX 0.024390 3.281250 0.079675 FPGA_VCCINT 0.006194 1.093750 0.006643
7221 135 FPGA_VCCAUX 0.024390 3.281250 0.079675 FPGA_VCCINT 0.006194 1.093750 0.006643
7272 136 FPGA_VCCAUX 0.024390 3.281250 0.079675 FPGA_VCCINT 0.006194 1.093750 0.006643
7325 137 FPGA_VCCAUX 0.024390 3.281250 0.079675 FPGA_VCCINT 0.006194 1.093750 0.006643
7379 138 FPGA_VCCAUX 0.024390 3.281250 0.079675 FPGA_VCCINT 0.006194 1.093750 0.006643
7430 139 FPGA_VCCAUX 0.024390 3.281250 0.079675 FPGA_VCCINT 0.006194 1.093750 0.006643
7483 140 FPGA_VCCAUX 0.024390 3.281250 0.079675 FPGA_VCCINT 0.006194 1.093750 0.006643
7534 141 FPGA_VCCAUX 0.024390 3.281250 0.079675 FPGA_VCCINT 0.006194 1.093750 0.006643
7587 142 FPGA_VCCAUX 0.024390 3.281250 0.079675 FPGA_VCCINT 0.006194 1.093750 0.006643
7640 143 FPGA_VCCAUX 0.024390 3.281250 0.079675 FPGA_VCCINT 0.006194 1.093750 0.006643
7691 144 FPGA_VCCAUX 0.024390 3.281250 0.079675 FPGA_VCCINT 0.006194 1.093750 0.006643
7745 145 FPGA_VCCAUX 0.024390 3.281250 0.079675 FPGA_VCCINT 0.006194 1.093750 0.006643
7798 146 FPGA_VCCAUX 0.024390 3.281250 0.079675 FPGA_VCCINT 0.006194 1.093750 0.006643
7849 147 FPGA_VCCAUX 0.024390 3.281250 0.079675 FPGA_VCCINT 0.006194 1.093750 0.006643
7902 148 FPGA_VCCAUX 0.024390 3.281250 0.079675 FPGA_VCCINT 0.006194 1.093750 0.006643
7955 149 FPGA_VCCAUX 0.024390 3.281250 0.079675 FPGA_VCCINT 0.006194 1.093750 0.006643
8006 150 FPGA_VCCAUX 0.024390 3.281250 0.079675 FPGA_VCCINT 0.006194 1.093750 0.006643
8060 151 FPGA_VCCAUX 0.024390 3.281250 0.079675 FPGA_VCCINT 0.006194 1.093750 0.006643
8113 152 FPGA_VCCAUX 0.024390 3.281250 0.079675 FPGA_VCCINT 0.006194 1.093750 0.006643
8164 153 FPGA_VCCAUX 0.024390 3.281250 0.079675 FPGA_VCCINT 0.007743 1.093750 0.008304
8217 154 FPGA_VCCAUX 0.024390 3.281250 0.079675 FPGA_VCCINT 0.006194 1.093750 0.006643
8268 155 FPGA_VCCAUX 0.024390 3.281250 0.079675 FPGA_VCCINT 0.006194 1.093750 0.006643
8321 156 FPGA_VCCAUX 0.024390 3.281250 0.079675 FPGA_VCCINT 0.006194 1.093750 0.006643
8375 157 FPGA_VCCAUX 0.024390 3.281250 0.079675 FPGA_VCCINT 0.006194 1.093750 0.006643
8428 158 FPGA_VCCAUX 0.024390 3.281250 0.079675 FPGA_VCCINT 0.006194 1.093750 0.006643
8479 159 FPGA_VCCAUX 0.024390 3.281250 0.079675 FPGA_VCCINT 0.006194 1.093750 0.006643
8532 160 FPGA_VCCAUX 0.024390 3.281250 0.079675 FPGA_VCCINT 0.006194 1.093750 0.006643
8583 161 FPGA_VCCAUX 0.024390 3.281250 0.079675 FPGA_VCCINT 0.006194 1.093750 0.006643
8636 162 FPGA_VCCAUX 0.024390 3.281250 0.079675 FPGA_VCCINT 0.006194 1.093750 0.006643
8690 163 FPGA_VCCAUX 0.024390 3.281250 0.079675 FPGA_VCCINT 0.006194 1.093750 0.006643
8741 164 FPGA_VCCAUX 0.024390 3.281250 0.079675 FPGA_VCCINT 0.006194 1.093750 0.006643
8794 165 FPGA_VCCAUX 0.024390 3.281250 0.079675 FPGA_VCCINT 0.006194 1.093750 0.006643
8847 166 FPGA_VCCAUX 0.024390 3.281250 0.079675 FPGA_VCCINT 0.006194 1.093750 0.006643
8898 167 FPGA_VCCAUX 0.024390 3.281250 0.079675 FPGA_VCCINT 0.006194 1.093750 0.006643
8952 168 FPGA_VCCAUX 0.024390 3.281250 0.079675 FPGA_VCCINT 0.006194 1.093750 0.006643
9005 169 FPGA_VCCAUX 0.024390 3.281250 0.079675 FPGA_VCCINT 0.006194 1.093750 0.006643
9056 170 FPGA_VCCAUX 0.024390 3.281250 0.079675 FPGA_VCCINT 0.006194 1.093750 0.006643
9110 171 FPGA_VCCAUX 0.024390 3.281250 0.079675 FPGA_VCCINT 0.006194 1.093750 0.006643
9160 172 FPGA_VCCAUX 0.024390 3.281250 0.079675 FPGA_VCCINT 0.006194 1.093750 0.006643
9214 173 FPGA_VCCAUX 0.024390 3.281250 0.079675 FPGA_VCCINT 0.006194 1.093750 0.006643
9267 174 FPGA_VCCAUX 0.024390 3.281250 0.079675 FPGA_VCCINT 0.006194 1.093750 0.006643
9318 175 FPGA_VCCAUX 0.024390 3.281250 0.079675 FPGA_VCCINT 0.006194 1.093750 0.006643
9371 176 FPGA_VCCAUX 0.024390 3.281250 0.079675 FPGA_VCCINT 0.006194 1.093750 0.006643
9425 177 FPGA_VCCAUX 0.024390 3.281250 0.079675 FPGA_VCCINT 0.007743 1.093750 0.008304
9476 178 FPGA_VCCAUX 0.024390 3.281250 0.079675 FPGA_VCCINT 0.006194 1.093750 0.006643
9529 179 FPGA_VCCAUX 0.024390 3.281250 0.079675 FPGA_VCCINT 0.006194 1.093750 0.006643
9583 180 FPGA_VCCAUX 0.024390 3.281250 0.079675 FPGA_VCCINT 0.006194 1.093750 0.006643
9634 181 FPGA_VCCAUX 0.024390 3.281250 0.079675 FPGA_VCCINT 0.006194 1.093750 0.006643
9687 182 FPGA_VCCAUX 0.024390 3.281250 0.079675 FPGA_VCCINT 0.006194 1.093750 0.006643
9738 183 FPGA_VCCAUX 0.024390 3.281250 0.079675 FPGA_VCCINT 0.006194 1.093750 0.006643
9791 184 FPGA_VCCAUX 0.024390 3.281250 0.079675 FPGA_VCCINT 0.006194 1.093750 0.006643
9845 185 FPGA_VCCAUX 0.024390 3.281250 0.079675 FPGA_VCCINT 0.006194 1.093750 0.006643
9895 186 FPGA_VCCAUX 0.024390 3.281250 0.079675 FPGA_VCCINT 0.006194 1.093750 0.006643
9949 187 FPGA_VCCAUX 0.024390 3.281250 0.079675 FPGA_VCCINT 0.006194 1.093750 0.006643
10002 188 FPGA_VCCAUX 0.024390 3.281250 0.079675 FPGA_VCCINT 0.006194 1.093750 0.006643
10053 189 FPGA_VCCAUX 0.024390 3.281250 0.079675 FPGA_VCCINT 0.006194 1.093750 0.006643
10107 190 FPGA_VCCAUX 0.024390 3.281250 0.079675 FPGA_VCCINT 0.006194 1.093750 0.006643
10158 191 FPGA_VCCAUX 0.024390 3.281250 0.079675 FPGA_VCCINT 0.006194 1.093750 0.006643
10211 192 FPGA_VCCAUX 0.024390 3.281250 0.079675 FPGA_VCCINT 0.006194 1.093750 0.006643
10263 193 FPGA_VCCAUX 0.024390 3.281250 0.079675 FPGA_VCCINT 0.006194 1.093750 0.006643
10316 194 FPGA_VCCAUX 0.024390 3.281250 0.079675 FPGA_VCCINT 0.006194 1.093750 0.006643
10370 195 FPGA_VCCAUX 0.024390 3.281250 0.079675 FPGA_VCCINT 0.006194 1.093750 0.006643
10421 196 FPGA_VCCAUX 0.024390 3.281250 0.079675 FPGA_VCCINT 0.006194 1.093750 0.006643
10474 197 FPGA_VCCAUX 0.024390 3.281250 0.079675 FPGA_VCCINT 0.006194 1.093750 0.006643
10525 198 FPGA_VCCAUX 0.024390 3.281250 0.079675 FPGA_VCCINT 0.006194 1.093750 0.006643
10579 199 FPGA_VCCAUX 0.024390 3.281250 0.079675 FPGA_VCCINT 0.006194 1.093750 0.006643
10630 200 FPGA_VCCAUX 0.024390 3.281250 0.079675 FPGA_VCCINT 0.006194 1.093750 0.006643
10684 201 FPGA_VCCAUX 0.024390 3.281250 0.079675 FPGA_VCCINT 0.006194 1.250000 0.007592
10735 202 FPGA_VCCAUX 0.024390 3.281250 0.079675 FPGA_VCCINT 0.007743 1.250000 0.009490
10789 203 FPGA_VCCAUX 0.024390 3.281250 0.079675 FPGA_VCCINT 0.006194 1.250000 0.007592
10842 204 FPGA_VCCAUX 0.024390 3.281250 0.079675 FPGA_VCCINT 0.006194 1.250000 0.007592
10893 205 FPGA_VCCAUX 0.024390 3.281250 0.079675 FPGA_VCCINT 0.006194 1.250000 0.007592
10946 206 FPGA_VCCAUX 0.024390 3.281250 0.079675 FPGA_VCCINT 0.006194 1.250000 0.007592
11049 207 FPGA_VCCAUX 0.024390 3.281250 0.079675 FPGA_VCCINT 0.006194 1.250000 0.007592
11103 208 FPGA_VCCAUX 0.024390 3.281250 0.079675 FPGA_VCCINT 0.006194 1.250000 0.007592
11156 209 FPGA_VCCAUX 0.024390 3.281250 0.079675 FPGA_VCCINT 0.006194 1.250000 0.007592
11207 210 FPGA_VCCAUX 0.024390 3.281250 0.079675 FPGA_VCCINT 0.006194 1.250000 0.007592
11261 211 FPGA_VCCAUX 0.024390 3.281250 0.079675 FPGA_VCCINT 0.006194 1.250000 0.007592
11314 212 FPGA_VCCAUX 0.024390 3.281250 0.079675 FPGA_VCCINT 0.006194 1.250000 0.007592
11365 213 FPGA_VCCAUX 0.024390 3.281250 0.079675 FPGA_VCCINT 0.006194 1.250000 0.007592
11419 214 FPGA_VCCAUX 0.024390 3.281250 0.079675 FPGA_VCCINT 0.006194 1.250000 0.007592
11469 215 FPGA_VCCAUX 0.024390 3.281250 0.079675 FPGA_VCCINT 0.007743 1.250000 0.009490
11523 216 FPGA_VCCAUX 0.024390 3.281250 0.079675 FPGA_VCCINT 0.006194 1.250000 0.007592
11577 217 FPGA_VCCAUX 0.024390 3.281250 0.079675 FPGA_VCCINT 0.007743 1.250000 0.009490
11628 218 FPGA_VCCAUX 0.024390 3.281250 0.079675 FPGA_VCCINT 0.006194 1.250000 0.007592
11681 219 FPGA_VCCAUX 0.024390 3.281250 0.079675 FPGA_VCCINT 0.007743 1.250000 0.009490
11732 220 FPGA_VCCAUX 0.024390 3.281250 0.079675 FPGA_VCCINT 0.006194 1.250000 0.007592
11785 221 FPGA_VCCAUX 0.024390 3.281250 0.079675 FPGA_VCCINT 0.006194 1.250000 0.007592
11836 222 FPGA_VCCAUX 0.024390 3.281250 0.079675 FPGA_VCCINT 0.006194 1.250000 0.007592
11890 223 FPGA_VCCAUX 0.024390 3.281250 0.079675 FPGA_VCCINT 0.006194 1.250000 0.007592
11943 224 FPGA_VCCAUX 0.024390 3.281250 0.079675 FPGA_VCCINT 0.006194 1.093750 0.006643
11994 225 FPGA_VCCAUX 0.024390 3.281250 0.079675 FPGA_VCCINT 0.006194 1.093750 0.006643
12048 226 FPGA_VCCAUX 0.024390 3.281250 0.079675 FPGA_VCCINT 0.006194 1.093750 0.006643
12099 227 FPGA_VCCAUX 0.024390 3.281250 0.079675 FPGA_VCCINT 0.006194 1.093750 0.006643
12153 228 FPGA_VCCAUX 0.024390 3.281250 0.079675 FPGA_VCCINT 0.006194 1.093750 0.006643
12204 229 FPGA_VCCAUX 0.024390 3.281250 0.079675 FPGA_VCCINT 0.006194 1.093750 0.006643
12257 230 FPGA_VCCAUX 0.024390 3.281250 0.079675 FPGA_VCCINT 0.006194 1.093750 0.006643
12311 231 FPGA_VCCAUX 0.024390 3.281250 0.079675 FPGA_VCCINT 0.006194 1.093750 0.006643
12362 232 FPGA_VCCAUX 0.024390 3.281250 0.079675 FPGA_VCCINT 0.006194 1.250000 0.007592
12415 233 FPGA_VCCAUX 0.024390 3.281250 0.079675 FPGA_VCCINT 0.007743 1.250000 0.009490
12466 234 FPGA_VCCAUX 0.024390 3.281250 0.079675 FPGA_VCCINT 0.006194 1.250000 0.007592
12520 235 FPGA_VCCAUX 0.024390 3.281250 0.079675 FPGA_VCCINT 0.006194 1.250000 0.007592
12573 236 FPGA_VCCAUX 0.024390 3.281250 0.079675 FPGA_VCCINT 0.006194 1.250000 0.007592
12624 237 FPGA_VCCAUX 0.024390 3.281250 0.079675 FPGA_VCCINT 0.006194 1.250000 0.007592
12677 238 FPGA_VCCAUX 0.024390 3.281250 0.079675 FPGA_VCCINT 0.006194 1.250000 0.007592
12728 239 FPGA_VCCAUX 0.024390 3.281250 0.079675 FPGA_VCCINT 0.006194 1.250000 0.007592
12782 240 FPGA_VCCAUX 0.024390 3.281250 0.079675 FPGA_VCCINT 0.006194 1.250000 0.007592
12835 241 FPGA_VCCAUX 0.024390 3.281250 0.079675 FPGA_VCCINT 0.006194 1.250000 0.007592
12886 242 FPGA_VCCAUX 0.024390 3.281250 0.079675 FPGA_VCCINT 0.006194 1.250000 0.007592
12940 243 FPGA_VCCAUX 0.024390 3.281250 0.079675 FPGA_VCCINT 0.006194 1.250000 0.007592
12993 244 FPGA_VCCAUX 0.024390 3.281250 0.079675 FPGA_VCCINT 0.006194 1.250000 0.007592
13044 245 FPGA_VCCAUX 0.024390 3.281250 0.079675 FPGA_VCCINT 0.006194 1.250000 0.007592
13097 246 FPGA_VCCAUX 0.024390 3.281250 0.079675 FPGA_VCCINT 0.006194 1.250000 0.007592
13200 247 FPGA_VCCAUX 0.024390 3.281250 0.079675 FPGA_VCCINT 0.006194 1.250000 0.007592
13254 248 FPGA_VCCAUX 0.024390 3.281250 0.079675 FPGA_VCCINT 0.006194 1.250000 0.007592
13307 249 FPGA_VCCAUX 0.024390 3.281250 0.079675 FPGA_VCCINT 0.006194 1.250000 0.007592
13358 250 FPGA_VCCAUX 0.024390 3.281250 0.079675 FPGA_VCCINT 0.006194 1.250000 0.007592
13412 251 FPGA_VCCAUX 0.024390 3.281250 0.079675 FPGA_VCCINT 0.006194 1.250000 0.007592
13465 252 FPGA_VCCAUX 0.024390 3.281250 0.079675 FPGA_VCCINT 0.006194 1.250000 0.007592
13516 253 FPGA_VCCAUX 0.024390 3.281250 0.079675 FPGA_VCCINT 0.006194 1.250000 0.007592
13569 254 FPGA_VCCAUX 0.024390 3.281250 0.079675 FPGA_VCCINT 0.006194 1.250000 0.007592
13623 255 FPGA_VCCAUX 0.024390 3.281250 0.079675 FPGA_VCCINT 0.006194 1.250000 0.007592
13674 256 FPGA_VCCAUX 0.024390 3.281250 0.079675 FPGA_VCCINT 0.006194 1.250000 0.007592
13727 257 FPGA_VCCAUX 0.024390 3.281250 0.079675 FPGA_VCCINT 0.006194 1.250000 0.007592
13778 258 FPGA_VCCAUX 0.024390 3.281250 0.079675 FPGA_VCCINT 0.006194 1.250000 0.007592
13832 259 FPGA_VCCAUX 0.024390 3.281250 0.079675 FPGA_VCCINT 0.006194 1.250000 0.007592
13911 260 FPGA_VCCAUX 0.024390 3.281250 0.079675 FPGA_VCCINT 0.006194 1.250000 0.007592
13962 261 FPGA_VCCAUX 0.024390 3.281250 0.079675 FPGA_VCCINT 0.006194 1.250000 0.007592
14016 262 FPGA_VCCAUX 0.024390 3.281250 0.079675 FPGA_VCCINT 0.006194 1.250000 0.007592
14066 263 FPGA_VCCAUX 0.024390 3.281250 0.079675 FPGA_VCCINT 0.006194 1.250000 0.007592
14120 264 FPGA_VCCAUX 0.024390 3.281250 0.079675 FPGA_VCCINT 0.006194 1.250000 0.007592
14173 265 FPGA_VCCAUX 0.024390 3.281250 0.079675 FPGA_VCCINT 0.006194 1.250000 0.007592
14224 266 FPGA_VCCAUX 0.024390 3.281250 0.079675 FPGA_VCCINT 0.006194 1.250000 0.007592
14278 267 FPGA_VCCAUX 0.024390 3.281250 0.079675 FPGA_VCCINT 0.006194 1.250000 0.007592
14331 268 FPGA_VCCAUX 0.024390 3.281250 0.079675 FPGA_VCCINT 0.006194 1.250000 0.007592
14382 269 FPGA_VCCAUX 0.024390 3.281250 0.079675 FPGA_VCCINT 0.006194 1.250000 0.007592
14435 270 FPGA_VCCAUX 0.024390 3.281250 0.079675 FPGA_VCCINT 0.006194 1.250000 0.007592
14489 271 FPGA_VCCAUX 0.024390 3.281250 0.079675 FPGA_VCCINT 0.006194 1.250000 0.007592
14540 272 FPGA_VCCAUX 0.024390 3.281250 0.079675 FPGA_VCCINT 0.006194 1.250000 0.007592
14593 273 FPGA_VCCAUX 0.024390 3.281250 0.079675 FPGA_VCCINT 0.006194 1.250000 0.007592
14644 274 FPGA_VCCAUX 0.024390 3.281250 0.079675 FPGA_VCCINT 0.006194 1.250000 0.007592
14697 275 FPGA_VCCAUX 0.024390 3.281250 0.079675 FPGA_VCCINT 0.006194 1.250000 0.007592
14751 276 FPGA_VCCAUX 0.024390 3.281250 0.079675 FPGA_VCCINT 0.006194 1.250000 0.007592
14802 277 FPGA_VCCAUX 0.024390 3.281250 0.079675 FPGA_VCCINT 0.006194 1.250000 0.007592
14855 278 FPGA_VCCAUX 0.024390 3.281250 0.079675 FPGA_VCCINT 0.006194 1.250000 0.007592
14909 279 FPGA_VCCAUX 0.024390 3.281250 0.079675 FPGA_VCCINT 0.006194 1.250000 0.007592
14960 280 FPGA_VCCAUX 0.024390 3.281250 0.079675 FPGA_VCCINT 0.006194 1.250000 0.007592
15013 281 FPGA_VCCAUX 0.024390 3.281250 0.079675 FPGA_VCCINT 0.006194 1.250000 0.007592
15064 282 FPGA_VCCAUX 0.024390 3.281250 0.079675 FPGA_VCCINT 0.006194 1.250000 0.007592
15117 283 FPGA_VCCAUX 0.024390 3.281250 0.079675 FPGA_VCCINT 0.006194 1.250000 0.007592
15171 284 FPGA_VCCAUX 0.024390 3.281250 0.079675 FPGA_VCCINT 0.006194 1.250000 0.007592
15221 285 FPGA_VCCAUX 0.024390 3.281250 0.079675 FPGA_VCCINT 0.006194 1.250000 0.007592
15275 286 FPGA_VCCAUX 0.024390 3.281250 0.079675 FPGA_VCCINT 0.006194 1.250000 0.007592
15328 287 FPGA_VCCAUX 0.024390 3.281250 0.079675 FPGA_VCCINT 0.006194 1.250000 0.007592
15379 288 FPGA_VCCAUX 0.024390 3.281250 0.079675 FPGA_VCCINT 0.006194 1.250000 0.007592
15433 289 FPGA_VCCAUX 0.024390 3.281250 0.079675 FPGA_VCCINT 0.006194 1.250000 0.007592
15483 290 FPGA_VCCAUX 0.024390 3.281250 0.079675 FPGA_VCCINT 0.006194 1.250000 0.007592
15537 291 FPGA_VCCAUX 0.024390 3.281250 0.079675 FPGA_VCCINT 0.006194 1.250000 0.007592
15590 292 FPGA_VCCAUX 0.024390 3.281250 0.079675 FPGA_VCCINT 0.006194 1.250000 0.007592
15641 293 FPGA_VCCAUX 0.024390 3.281250 0.079675 FPGA_VCCINT 0.006194 1.250000 0.007592
15695 294 FPGA_VCCAUX 0.024390 3.281250 0.079675 FPGA_VCCINT 0.006194 1.250000 0.007592
15748 295 FPGA_VCCAUX 0.024390 3.281250 0.079675 FPGA_VCCINT 0.006194 1.250000 0.007592
15799 296 FPGA_VCCAUX 0.024390 3.281250 0.079675 FPGA_VCCINT 0.006194 1.250000 0.007592
15852 297 FPGA_VCCAUX 0.024390 3.281250 0.079675 FPGA_VCCINT 0.006194 1.250000 0.007592
15956 298 FPGA_VCCAUX 0.024390 3.281250 0.079675 FPGA_VCCINT 0.006194 1.093750 0.006643
16009 299 FPGA_VCCAUX 0.024390 3.281250 0.079675 FPGA_VCCINT 0.006194 1.250000 0.007592
16063 300 FPGA_VCCAUX 0.024390 3.281250 0.079675 FPGA_VCCINT 0.006194 1.250000 0.007592
16113 301 FPGA_VCCAUX 0.024390 3.281250 0.079675 FPGA_VCCINT 0.006194 1.250000 0.007592
16167 302 FPGA_VCCAUX 0.024390 3.281250 0.079675 FPGA_VCCINT 0.006194 1.250000 0.007592
16220 303 FPGA_VCCAUX 0.024390 3.281250 0.079675 FPGA_VCCINT 0.006194 1.250000 0.007592
16271 304 FPGA_VCCAUX 0.024390 3.281250 0.079675 FPGA_VCCINT 0.006194 1.250000 0.007592
16325 305 FPGA_VCCAUX 0.024390 3.281250 0.079675 FPGA_VCCINT 0.006194 1.250000 0.007592
16375 306 FPGA_VCCAUX 0.024390 3.281250 0.079675 FPGA_VCCINT 0.006194 1.250000 0.007592
16429 307 FPGA_VCCAUX 0.024390 3.281250 0.079675 FPGA_VCCINT 0.006194 1.250000 0.007592
16482 308 FPGA_VCCAUX 0.024390 3.281250 0.079675 FPGA_VCCINT 0.006194 1.250000 0.007592
16533 309 FPGA_VCCAUX 0.024390 3.281250 0.079675 FPGA_VCCINT 0.006194 1.250000 0.007592
16587 310 FPGA_VCCAUX 0.024390 3.281250 0.079675 FPGA_VCCINT 0.006194 1.250000 0.007592
16640 311 FPGA_VCCAUX 0.024390 3.281250 0.079675 FPGA_VCCINT 0.006194 1.250000 0.007592
16691 312 FPGA_VCCAUX 0.024390 3.281250 0.079675 FPGA_VCCINT 0.006194 1.250000 0.007592
16744 313 FPGA_VCCAUX 0.024390 3.281250 0.079675 FPGA_VCCINT 0.006194 1.250000 0.007592
16798 314 FPGA_VCCAUX 0.024390 3.281250 0.079675 FPGA_VCCINT 0.006194 1.093750 0.006643
16849 315 FPGA_VCCAUX 0.024390 3.281250 0.079675 FPGA_VCCINT 0.006194 1.250000 0.007592
16902 316 FPGA_VCCAUX 0.024390 3.281250 0.079675 FPGA_VCCINT 0.006194 1.250000 0.007592
17005 317 FPGA_VCCAUX 0.024390 3.281250 0.079675 FPGA_VCCINT 0.006194 1.250000 0.007592
17059 318 FPGA_VCCAUX 0.024390 3.281250 0.079675 FPGA_VCCINT 0.006194 1.250000 0.007592
17112 319 FPGA_VCCAUX 0.024390 3.281250 0.079675 FPGA_VCCINT 0.006194 1.250000 0.007592
17163 320 FPGA_VCCAUX 0.024390 3.281250 0.079675 FPGA_VCCINT 0.006194 1.250000 0.007592
17216 321 FPGA_VCCAUX 0.024390 3.281250 0.079675 FPGA_VCCINT 0.006194 1.250000 0.007592
17270 322 FPGA_VCCAUX 0.024390 3.281250 0.079675 FPGA_VCCINT 0.006194 1.093750 0.006643
17321 323 FPGA_VCCAUX 0.024390 3.281250 0.079675 FPGA_VCCINT 0.007743 1.250000 0.009490
17374 324 FPGA_VCCAUX 0.024390 3.281250 0.079675 FPGA_VCCINT 0.006194 1.250000 0.007592
17425 325 FPGA_VCCAUX 0.024390 3.281250 0.079675 FPGA_VCCINT 0.006194 1.250000 0.007592
17479 326 FPGA_VCCAUX 0.024390 3.281250 0.079675 FPGA_VCCINT 0.006194 1.250000 0.007592
17532 327 FPGA_VCCAUX 0.024390 3.281250 0.079675 FPGA_VCCINT 0.006194 1.250000 0.007592
17583 328 FPGA_VCCAUX 0.024390 3.281250 0.079675 FPGA_VCCINT 0.006194 1.250000 0.007592
17636 329 FPGA_VCCAUX 0.024390 3.281250 0.079675 FPGA_VCCINT 0.006194 1.250000 0.007592
17690 330 FPGA_VCCAUX 0.024390 3.281250 0.079675 FPGA_VCCINT 0.006194 1.250000 0.007592
17740 331 FPGA_VCCAUX 0.024390 3.281250 0.079675 FPGA_VCCINT 0.006194 1.093750 0.006643
17794 332 FPGA_VCCAUX 0.024390 3.281250 0.079675 FPGA_VCCINT 0.007743 1.093750 0.008304
17845 333 FPGA_VCCAUX 0.024390 3.281250 0.079675 FPGA_VCCINT 0.006194 1.093750 0.006643
17898 334 FPGA_VCCAUX 0.024390 3.281250 0.079675 FPGA_VCCINT 0.006194 1.093750 0.006643
17952 335 FPGA_VCCAUX 0.024390 3.281250 0.079675 FPGA_VCCINT 0.006194 1.093750 0.006643
18003 336 FPGA_VCCAUX 0.024390 3.281250 0.079675 FPGA_VCCINT 0.006194 1.093750 0.006643
18057 337 FPGA_VCCAUX 0.024390 3.281250 0.079675 FPGA_VCCINT 0.006194 1.093750 0.006643
18108 338 FPGA_VCCAUX 0.024390 3.281250 0.079675 FPGA_VCCINT 0.006194 1.093750 0.006643
18161 339 FPGA_VCCAUX 0.024390 3.281250 0.079675 FPGA_VCCINT 0.006194 1.093750 0.006643
18212 340 FPGA_VCCAUX 0.024390 3.281250 0.079675 FPGA_VCCINT 0.006194 1.093750 0.006643
18266 341 FPGA_VCCAUX 0.024390 3.281250 0.079675 FPGA_VCCINT 0.006194 1.250000 0.007592
18319 342 FPGA_VCCAUX 0.024390 3.281250 0.079675 FPGA_VCCINT 0.006194 1.250000 0.007592
18370 343 FPGA_VCCAUX 0.024390 3.281250 0.079675 FPGA_VCCINT 0.006194 1.250000 0.007592
18423 344 FPGA_VCCAUX 0.024390 3.281250 0.079675 FPGA_VCCINT 0.006194 1.250000 0.007592
18475 345 FPGA_VCCAUX 0.024390 3.281250 0.079675 FPGA_VCCINT 0.006194 1.250000 0.007592
18528 346 FPGA_VCCAUX 0.024390 3.281250 0.079675 FPGA_VCCINT 0.006194 1.250000 0.007592
18581 347 FPGA_VCCAUX 0.024390 3.281250 0.079675 FPGA_VCCINT 0.006194 1.250000 0.007592
18632 348 FPGA_VCCAUX 0.024390 3.281250 0.079675 FPGA_VCCINT 0.006194 1.250000 0.007592
18686 349 FPGA_VCCAUX 0.024390 3.281250 0.079675 FPGA_VCCINT 0.006194 1.250000 0.007592
18739 350 FPGA_VCCAUX 0.024390 3.281250 0.079675 FPGA_VCCINT 0.007743 1.250000 0.009490
18790 351 FPGA_VCCAUX 0.024390 3.281250 0.079675 FPGA_VCCINT 0.006194 1.250000 0.007592
18844 352 FPGA_VCCAUX 0.024390 3.281250 0.079675 FPGA_VCCINT 0.006194 1.250000 0.007592
18894 353 FPGA_VCCAUX 0.024390 3.281250 0.079675 FPGA_VCCINT 0.006194 1.250000 0.007592
18948 354 FPGA_VCCAUX 0.024390 3.281250 0.079675 FPGA_VCCINT 0.006194 1.250000 0.007592
19001 355 FPGA_VCCAUX 0.024390 3.281250 0.079675 FPGA_VCCINT 0.006194 1.093750 0.006643
19052 356 FPGA_VCCAUX 0.024390 3.281250 0.079675 FPGA_VCCINT 0.006194 1.093750 0.006643
19106 357 FPGA_VCCAUX 0.024390 3.281250 0.079675 FPGA_VCCINT 0.006194 1.093750 0.006643
19157 358 FPGA_VCCAUX 0.024390 3.281250 0.079675 FPGA_VCCINT 0.006194 1.093750 0.006643
19210 359 FPGA_VCCAUX 0.024390 3.281250 0.079675 FPGA_VCCINT 0.006194 1.093750 0.006643
19261 360 FPGA_VCCAUX 0.024390 3.281250 0.079675 FPGA_VCCINT 0.006194 1.093750 0.006643
19315 361 FPGA_VCCAUX 0.024390 3.281250 0.079675 FPGA_VCCINT 0.006194 1.093750 0.006643
19369 362 FPGA_VCCAUX 0.024390 3.281250 0.079675 FPGA_VCCINT 0.006194 1.093750 0.006643
19420 363 FPGA_VCCAUX 0.024390 3.281250 0.079675 FPGA_VCCINT 0.006194 1.093750 0.006643
19473 364 FPGA_VCCAUX 0.024390 3.281250 0.079675 FPGA_VCCINT 0.006194 1.250000 0.007592
19524 365 FPGA_VCCAUX 0.024390 3.281250 0.079675 FPGA_VCCINT 0.006194 1.250000 0.007592
19577 366 FPGA_VCCAUX 0.024390 3.281250 0.079675 FPGA_VCCINT 0.006194 1.250000 0.007592
19628 367 FPGA_VCCAUX 0.024390 3.281250 0.079675 FPGA_VCCINT 0.006194 1.250000 0.007592
19682 368 FPGA_VCCAUX 0.024390 3.281250 0.079675 FPGA_VCCINT 0.006194 1.250000 0.007592
19735 369 FPGA_VCCAUX 0.024390 3.281250 0.079675 FPGA_VCCINT 0.006194 1.250000 0.007592
19786 370 FPGA_VCCAUX 0.024390 3.281250 0.079675 FPGA_VCCINT 0.006194 1.250000 0.007592
19839 371 FPGA_VCCAUX 0.024390 3.281250 0.079675 FPGA_VCCINT 0.006194 1.250000 0.007592
19893 372 FPGA_VCCAUX 0.024390 3.281250 0.079675 FPGA_VCCINT 0.006194 1.250000 0.007592
19943 373 FPGA_VCCAUX 0.024390 3.281250 0.079675 FPGA_VCCINT 0.006194 1.250000 0.007592
19997 374 FPGA_VCCAUX 0.024390 3.281250 0.079675 FPGA_VCCINT 0.006194 1.250000 0.007592
20100 375 FPGA_VCCAUX 0.024390 3.281250 0.079675 FPGA_VCCINT 0.006194 1.250000 0.007592
20154 376 FPGA_VCCAUX 0.024390 3.281250 0.079675 FPGA_VCCINT 0.006194 1.250000 0.007592
20207 377 FPGA_VCCAUX 0.024390 3.281250 0.079675 FPGA_VCCINT 0.006194 1.250000 0.007592
20258 378 FPGA_VCCAUX 0.024390 3.281250 0.079675 FPGA_VCCINT 0.006194 1.250000 0.007592
20312 379 FPGA_VCCAUX 0.024390 3.281250 0.079675 FPGA_VCCINT 0.006194 1.250000 0.007592
20415 380 FPGA_VCCAUX 0.024390 3.281250 0.079675 FPGA_VCCINT 0.006194 1.250000 0.007592
20469 381 FPGA_VCCAUX 0.024390 3.281250 0.079675 FPGA_VCCINT 0.006194 1.093750 0.006643
20522 382 FPGA_VCCAUX 0.024390 3.281250 0.079675 FPGA_VCCINT 0.006194 1.093750 0.006643
20573 383 FPGA_VCCAUX 0.024390 3.281250 0.079675 FPGA_VCCINT 0.006194 1.093750 0.006643
20627 384 FPGA_VCCAUX 0.024390 3.281250 0.079675 FPGA_VCCINT 0.006194 1.093750 0.006643
20678 385 FPGA_VCCAUX 0.024390 3.281250 0.079675 FPGA_VCCINT 0.006194 1.093750 0.006643
20731 386 FPGA_VCCAUX 0.024390 3.281250 0.079675 FPGA_VCCINT 0.006194 1.093750 0.006643
20782 387 FPGA_VCCAUX 0.024390 3.281250 0.079675 FPGA_VCCINT 0.006194 1.093750 0.006643
20836 388 FPGA_VCCAUX 0.024390 3.281250 0.079675 FPGA_VCCINT 0.006194 1.093750 0.006643
20887 389 FPGA_VCCAUX 0.024390 3.281250 0.079675 FPGA_VCCINT 0.006194 1.093750 0.006643
20941 390 FPGA_VCCAUX 0.024390 3.281250 0.079675 FPGA_VCCINT 0.006194 1.093750 0.006643
20995 391 FPGA_VCCAUX 0.024390 3.281250 0.079675 FPGA_VCCINT 0.006194 1.093750 0.006643
21046 392 FPGA_VCCAUX 0.024390 3.281250 0.079675 FPGA_VCCINT 0.006194 1.093750 0.006643
21099 393 FPGA_VCCAUX 0.024390 3.281250 0.079675 FPGA_VCCINT 0.006194 1.250000 0.007592
21150 394 FPGA_VCCAUX 0.024390 3.281250 0.079675 FPGA_VCCINT 0.006194 1.093750 0.006643
21204 395 FPGA_VCCAUX 0.024390 3.281250 0.079675 FPGA_VCCINT 0.006194 1.093750 0.006643
21255 396 FPGA_VCCAUX 0.024390 3.281250 0.079675 FPGA_VCCINT 0.006194 1.093750 0.006643
21309 397 FPGA_VCCAUX 0.024390 3.281250 0.079675 FPGA_VCCINT 0.006194 1.093750 0.006643
21360 398 FPGA_VCCAUX 0.024390 3.281250 0.079675 FPGA_VCCINT 0.006194 1.093750 0.006643
21413 399 FPGA_VCCAUX 0.024390 3.281250 0.079675 FPGA_VCCINT 0.006194 1.093750 0.006643
21464 400 FPGA_VCCAUX 0.024390 3.281250 0.079675 FPGA_VCCINT 0.006194 1.093750 0.006643
21544 401 FPGA_VCCAUX 0.024390 3.281250 0.079675 FPGA_VCCINT 0.006194 1.093750 0.006643
21598 402 FPGA_VCCAUX 0.024390 3.281250 0.079675 FPGA_VCCINT 0.006194 1.093750 0.006643
21649 403 FPGA_VCCAUX 0.024390 3.281250 0.079675 FPGA_VCCINT 0.006194 1.093750 0.006643
21702 404 FPGA_VCCAUX 0.024390 3.281250 0.079675 FPGA_VCCINT 0.006194 1.093750 0.006643
21753 405 FPGA_VCCAUX 0.024390 3.281250 0.079675 FPGA_VCCINT 0.006194 1.093750 0.006643
21807 406 FPGA_VCCAUX 0.024390 3.281250 0.079675 FPGA_VCCINT 0.006194 1.093750 0.006643
21858 407 FPGA_VCCAUX 0.024390 3.281250 0.079675 FPGA_VCCINT 0.006194 1.093750 0.006643
21912 408 FPGA_VCCAUX 0.024390 3.281250 0.079675 FPGA_VCCINT 0.006194 1.093750 0.006643
21965 409 FPGA_VCCAUX 0.024390 3.281250 0.079675 FPGA_VCCINT 0.006194 1.093750 0.006643
22016 410 FPGA_VCCAUX 0.024390 3.281250 0.079675 FPGA_VCCINT 0.006194 1.093750 0.006643
22070 411 FPGA_VCCAUX 0.024390 3.281250 0.079675 FPGA_VCCINT 0.006194 1.093750 0.006643
22121 412 FPGA_VCCAUX 0.024390 3.281250 0.079675 FPGA_VCCINT 0.006194 1.093750 0.006643
22175 413 FPGA_VCCAUX 0.024390 3.281250 0.079675 FPGA_VCCINT 0.006194 1.093750 0.006643
22226 414 FPGA_VCCAUX 0.024390 3.281250 0.079675 FPGA_VCCINT 0.006194 1.093750 0.006643
22279 415 FPGA_VCCAUX 0.024390 3.281250 0.079675 FPGA_VCCINT 0.006194 1.093750 0.006643
22330 416 FPGA_VCCAUX 0.024390 3.281250 0.079675 FPGA_VCCINT 0.006194 1.093750 0.006643
22384 417 FPGA_VCCAUX 0.024390 3.281250 0.079675 FPGA_VCCINT 0.006194 1.093750 0.006643
22435 418 FPGA_VCCAUX 0.024390 3.281250 0.079675 FPGA_VCCINT 0.006194 1.093750 0.006643
22489 419 FPGA_VCCAUX 0.024390 3.281250 0.079675 FPGA_VCCINT 0.006194 1.093750 0.006643
22542 420 FPGA_VCCAUX 0.024390 3.281250 0.079675 FPGA_VCCINT 0.006194 1.093750 0.006643
22593 421 FPGA_VCCAUX 0.024390 3.281250 0.079675 FPGA_VCCINT 0.006194 1.093750 0.006643
22647 422 FPGA_VCCAUX 0.024390 3.281250 0.079675 FPGA_VCCINT 0.006194 1.093750 0.006643
22698 423 FPGA_VCCAUX 0.024390 3.281250 0.079675 FPGA_VCCINT 0.006194 1.093750 0.006643
22752 424 FPGA_VCCAUX 0.024390 3.281250 0.079675 FPGA_VCCINT 0.006194 1.093750 0.006643
22803 425 FPGA_VCCAUX 0.024390 3.281250 0.079675 FPGA_VCCINT 0.006194 1.093750 0.006643
22856 426 FPGA_VCCAUX 0.024390 3.281250 0.079675 FPGA_VCCINT 0.006194 1.093750 0.006643
22907 427 FPGA_VCCAUX 0.024390 3.281250 0.079675 FPGA_VCCINT 0.006194 1.093750 0.006643
22961 428 FPGA_VCCAUX 0.024390 3.281250 0.079675 FPGA_VCCINT 0.006194 1.093750 0.006643
23014 429 FPGA_VCCAUX 0.024390 3.281250 0.079675 FPGA_VCCINT 0.006194 1.093750 0.006643
23065 430 FPGA_VCCAUX 0.024390 3.281250 0.079675 FPGA_VCCINT 0.006194 1.093750 0.006643
23119 431 FPGA_VCCAUX 0.024390 3.281250 0.079675 FPGA_VCCINT 0.006194 1.093750 0.006643
23170 432 FPGA_VCCAUX 0.024390 3.281250 0.079675 FPGA_VCCINT 0.006194 1.093750 0.006643
23224 433 FPGA_VCCAUX 0.024390 3.281250 0.079675 FPGA_VCCINT 0.006194 1.093750 0.006643
23275 434 FPGA_VCCAUX 0.024390 3.281250 0.079675 FPGA_VCCINT 0.007743 1.093750 0.008304
23328 435 FPGA_VCCAUX 0.024390 3.281250 0.079675 FPGA_VCCINT 0.006194 1.093750 0.006643
23379 436 FPGA_VCCAUX 0.024390 3.281250 0.079675 FPGA_VCCINT 0.006194 1.093750 0.006643
23433 437 FPGA_VCCAUX 0.024390 3.281250 0.079675 FPGA_VCCINT 0.006194 1.093750 0.006643
23487 438 FPGA_VCCAUX 0.024390 3.281250 0.079675 FPGA_VCCINT 0.006194 1.093750 0.006643
23538 439 FPGA_VCCAUX 0.024390 3.281250 0.079675 FPGA_VCCINT 0.006194 1.093750 0.006643
23591 440 FPGA_VCCAUX 0.024390 3.281250 0.079675 FPGA_VCCINT 0.006194 1.093750 0.006643
23642 441 FPGA_VCCAUX 0.024390 3.281250 0.079675 FPGA_VCCINT 0.006194 1.093750 0.006643
23696 442 FPGA_VCCAUX 0.024390 3.281250 0.079675 FPGA_VCCINT 0.006194 1.093750 0.006643
23747 443 FPGA_VCCAUX 0.024390 3.281250 0.079675 FPGA_VCCINT 0.006194 1.093750 0.006643
23801 444 FPGA_VCCAUX 0.024390 3.281250 0.079675 FPGA_VCCINT 0.006194 1.093750 0.006643
23852 445 FPGA_VCCAUX 0.024390 3.281250 0.079675 FPGA_VCCINT 0.006194 1.093750 0.006643
23906 446 FPGA_VCCAUX 0.024390 3.281250 0.079675 FPGA_VCCINT 0.006194 1.093750 0.006643
23956 447 FPGA_VCCAUX 0.024390 3.281250 0.079675 FPGA_VCCINT 0.006194 1.093750 0.006643
24010 448 FPGA_VCCAUX 0.024390 3.281250 0.079675 FPGA_VCCINT 0.006194 1.093750 0.006643
24064 449 FPGA_VCCAUX 0.024390 3.281250 0.079675 FPGA_VCCINT 0.006194 1.093750 0.006643
24115 450 FPGA_VCCAUX 0.024390 3.281250 0.079675 FPGA_VCCINT 0.006194 1.093750 0.006643
24168 451 FPGA_VCCAUX 0.024390 3.281250 0.079675 FPGA_VCCINT 0.006194 1.093750 0.006643
24219 452 FPGA_VCCAUX 0.024390 3.281250 0.079675 FPGA_VCCINT 0.006194 1.093750 0.006643
24273 453 FPGA_VCCAUX 0.024390 3.281250 0.079675 FPGA_VCCINT 0.006194 1.093750 0.006643
24324 454 FPGA_VCCAUX 0.024390 3.281250 0.079675 FPGA_VCCINT 0.006194 1.093750 0.006643
24378 455 FPGA_VCCAUX 0.024390 3.281250 0.079675 FPGA_VCCINT 0.006194 1.093750 0.006643
24429 456 FPGA_VCCAUX 0.024390 3.281250 0.079675 FPGA_VCCINT 0.006194 1.093750 0.006643
24483 457 FPGA_VCCAUX 0.024390 3.281250 0.079675 FPGA_VCCINT 0.006194 1.093750 0.006643
24586 458 FPGA_VCCAUX 0.024390 3.281250 0.079675 FPGA_VCCINT 0.006194 1.093750 0.006643
24640 459 FPGA_VCCAUX 0.024390 3.281250 0.079675 FPGA_VCCINT 0.006194 1.093750 0.006643
24743 460 FPGA_VCCAUX 0.024390 3.281250 0.079675 FPGA_VCCINT 0.006194 1.093750 0.006643
24797 461 FPGA_VCCAUX 0.024390 3.281250 0.079675 FPGA_VCCINT 0.006194 1.093750 0.006643
24851 462 FPGA_VCCAUX 0.024390 3.281250 0.079675 FPGA_VCCINT 0.006194 1.093750 0.006643
24902 463 FPGA_VCCAUX 0.024390 3.281250 0.079675 FPGA_VCCINT 0.006194 1.093750 0.006643
24955 464 FPGA_VCCAUX 0.024390 3.281250 0.079675 FPGA_VCCINT 0.006194 1.093750 0.006643
25006 465 FPGA_VCCAUX 0.024390 3.281250 0.079675 FPGA_VCCINT 0.006194 1.093750 0.006643
25060 466 FPGA_VCCAUX 0.024390 3.281250 0.079675 FPGA_VCCINT 0.006194 1.250000 0.007592
25111 467 FPGA_VCCAUX 0.024390 3.281250 0.079675 FPGA_VCCINT 0.006194 1.250000 0.007592
25165 468 FPGA_VCCAUX 0.024390 3.281250 0.079675 FPGA_VCCINT 0.006194 1.250000 0.007592
25218 469 FPGA_VCCAUX 0.024390 3.281250 0.079675 FPGA_VCCINT 0.006194 1.250000 0.007592
25269 470 FPGA_VCCAUX 0.024390 3.281250 0.079675 FPGA_VCCINT 0.006194 1.250000 0.007592
25322 471 FPGA_VCCAUX 0.024390 3.281250 0.079675 FPGA_VCCINT 0.006194 1.250000 0.007592
25375 472 FPGA_VCCAUX 0.024390 3.281250 0.079675 FPGA_VCCINT 0.006194 1.250000 0.007592
25426 473 FPGA_VCCAUX 0.024390 3.281250 0.079675 FPGA_VCCINT 0.006194 1.250000 0.007592
25480 474 FPGA_VCCAUX 0.024390 3.281250 0.079675 FPGA_VCCINT 0.006194 1.250000 0.007592
25530 475 FPGA_VCCAUX 0.024390 3.281250 0.079675 FPGA_VCCINT 0.006194 1.250000 0.007592
25584 476 FPGA_VCCAUX 0.024390 3.281250 0.079675 FPGA_VCCINT 0.006194 1.250000 0.007592
25637 477 FPGA_VCCAUX 0.024390 3.281250 0.079675 FPGA_VCCINT 0.006194 1.250000 0.007592
25688 478 FPGA_VCCAUX 0.024390 3.281250 0.079675 FPGA_VCCINT 0.006194 1.250000 0.007592
25742 479 FPGA_VCCAUX 0.024390 3.281250 0.079675 FPGA_VCCINT 0.006194 1.250000 0.007592
25793 480 FPGA_VCCAUX 0.024390 3.281250 0.079675 FPGA_VCCINT 0.006194 1.250000 0.007592
25846 481 FPGA_VCCAUX 0.024390 3.281250 0.079675 FPGA_VCCINT 0.006194 1.250000 0.007592
25900 482 FPGA_VCCAUX 0.024390 3.281250 0.079675 FPGA_VCCINT 0.006194 1.250000 0.007592
25951 483 FPGA_VCCAUX 0.024390 3.281250 0.079675 FPGA_VCCINT 0.006194 1.250000 0.007592
26004 484 FPGA_VCCAUX 0.024390 3.281250 0.079675 FPGA_VCCINT 0.006194 1.250000 0.007592
26057 485 FPGA_VCCAUX 0.024390 3.281250 0.079675 FPGA_VCCINT 0.006194 1.250000 0.007592
26108 486 FPGA_VCCAUX 0.024390 3.281250 0.079675 FPGA_VCCINT 0.006194 1.250000 0.007592
26162 487 FPGA_VCCAUX 0.024390 3.281250 0.079675 FPGA_VCCINT 0.006194 1.250000 0.007592
26215 488 FPGA_VCCAUX 0.024390 3.281250 0.079675 FPGA_VCCINT 0.006194 1.250000 0.007592
26266 489 FPGA_VCCAUX 0.024390 3.281250 0.079675 FPGA_VCCINT 0.006194 1.250000 0.007592
26319 490 FPGA_VCCAUX 0.024390 3.281250 0.079675 FPGA_VCCINT 0.006194 1.093750 0.006643
26370 491 FPGA_VCCAUX 0.024390 3.281250 0.079675 FPGA_VCCINT 0.006194 1.250000 0.007592
26424 492 FPGA_VCCAUX 0.024390 3.281250 0.079675 FPGA_VCCINT 0.006194 1.250000 0.007592
26477 493 FPGA_VCCAUX 0.024390 3.281250 0.079675 FPGA_VCCINT 0.006194 1.250000 0.007592
26528 494 FPGA_VCCAUX 0.024390 3.281250 0.079675 FPGA_VCCINT 0.006194 1.250000 0.007592
26581 495 FPGA_VCCAUX 0.024390 3.281250 0.079675 FPGA_VCCINT 0.006194 1.250000 0.007592
26635 496 FPGA_VCCAUX 0.024390 3.281250 0.079675 FPGA_VCCINT 0.006194 1.250000 0.007592
26686 497 FPGA_VCCAUX 0.024390 3.281250 0.079675 FPGA_VCCINT 0.006194 1.250000 0.007592
26739 498 FPGA_VCCAUX 0.024390 3.281250 0.079675 FPGA_VCCINT 0.006194 1.250000 0.007592
26790 499 FPGA_VCCAUX 0.024390 3.281250 0.079675 FPGA_VCCINT 0.007743 1.250000 0.009490
26844 500 FPGA_VCCAUX 0.024390 3.281250 0.079675 FPGA_VCCINT 0.006194 1.093750 0.006643
26895 501 FPGA_VCCAUX 0.024390 3.281250 0.079675 FPGA_VCCINT 0.006194 1.093750 0.006643
26948 502 FPGA_VCCAUX 0.024390 3.281250 0.079675 FPGA_VCCINT 0.006194 1.093750 0.006643
27002 503 FPGA_VCCAUX 0.024390 3.281250 0.079675 FPGA_VCCINT 0.006194 1.093750 0.006643
27053 504 FPGA_VCCAUX 0.024390 3.281250 0.079675 FPGA_VCCINT 0.006194 1.093750 0.006643
27106 505 FPGA_VCCAUX 0.024390 3.281250 0.079675 FPGA_VCCINT 0.006194 1.093750 0.006643
27157 506 FPGA_VCCAUX 0.024390 3.281250 0.079675 FPGA_VCCINT 0.006194 1.093750 0.006643
27211 507 FPGA_VCCAUX 0.024390 3.281250 0.079675 FPGA_VCCINT 0.006194 1.093750 0.006643
27262 508 FPGA_VCCAUX 0.024390 3.281250 0.079675 FPGA_VCCINT 0.006194 1.093750 0.006643
27316 509 FPGA_VCCAUX 0.024390 3.281250 0.079675 FPGA_VCCINT 0.006194 1.093750 0.006643
27367 510 FPGA_VCCAUX 0.024390 3.281250 0.079675 FPGA_VCCINT 0.006194 1.093750 0.006643
27420 511 FPGA_VCCAUX 0.024390 3.281250 0.079675 FPGA_VCCINT 0.006194 1.093750 0.006643
27474 512 FPGA_VCCAUX 0.024390 3.281250 0.079675 FPGA_VCCINT 0.006194 1.093750 0.006643
27525 513 FPGA_VCCAUX 0.024390 3.281250 0.079675 FPGA_VCCINT 0.006194 1.093750 0.006643
27579 514 FPGA_VCCAUX 0.024390 3.281250 0.079675 FPGA_VCCINT 0.006194 1.093750 0.006643
27630 515 FPGA_VCCAUX 0.024390 3.281250 0.079675 FPGA_VCCINT 0.006194 1.093750 0.006643
27684 516 FPGA_VCCAUX 0.024390 3.281250 0.079675 FPGA_VCCINT 0.006194 1.250000 0.007592
27734 517 FPGA_VCCAUX 0.024390 3.281250 0.079675 FPGA_VCCINT 0.006194 1.093750 0.006643
27788 518 FPGA_VCCAUX 0.024390 3.281250 0.079675 FPGA_VCCINT 0.006194 1.093750 0.006643
27839 519 FPGA_VCCAUX 0.024390 3.281250 0.079675 FPGA_VCCINT 0.006194 1.093750 0.006643
27893 520 FPGA_VCCAUX 0.024390 3.281250 0.079675 FPGA_VCCINT 0.006194 1.093750 0.006643
27944 521 FPGA_VCCAUX 0.024390 3.281250 0.079675 FPGA_VCCINT 0.006194 1.093750 0.006643
27997 522 FPGA_VCCAUX 0.024390 3.281250 0.079675 FPGA_VCCINT 0.006194 1.093750 0.006643
28051 523 FPGA_VCCAUX 0.024390 3.281250 0.079675 FPGA_VCCINT 0.006194 1.093750 0.006643
28102 524 FPGA_VCCAUX 0.024390 3.281250 0.079675 FPGA_VCCINT 0.006194 1.093750 0.006643
28156 525 FPGA_VCCAUX 0.024390 3.281250 0.079675 FPGA_VCCINT 0.006194 1.093750 0.006643
28207 526 FPGA_VCCAUX 0.024390 3.281250 0.079675 FPGA_VCCINT 0.006194 1.093750 0.006643
28261 527 FPGA_VCCAUX 0.024390 3.281250 0.079675 FPGA_VCCINT 0.006194 1.093750 0.006643
28312 528 FPGA_VCCAUX 0.024390 3.281250 0.079675 FPGA_VCCINT 0.006194 1.093750 0.006643
28365 529 FPGA_VCCAUX 0.024390 3.281250 0.079675 FPGA_VCCINT 0.006194 1.093750 0.006643
28416 530 FPGA_VCCAUX 0.024390 3.281250 0.079675 FPGA_VCCINT 0.006194 1.093750 0.006643
28470 531 FPGA_VCCAUX 0.024390 3.281250 0.079675 FPGA_VCCINT 0.006194 1.093750 0.006643
28524 532 FPGA_VCCAUX 0.024390 3.281250 0.079675 FPGA_VCCINT 0.006194 1.093750 0.006643
28575 533 FPGA_VCCAUX 0.024390 3.281250 0.079675 FPGA_VCCINT 0.006194 1.093750 0.006643
28628 534 FPGA_VCCAUX 0.024390 3.281250 0.079675 FPGA_VCCINT 0.006194 1.093750 0.006643
28679 535 FPGA_VCCAUX 0.024390 3.281250 0.079675 FPGA_VCCINT 0.006194 1.093750 0.006643
28733 536 FPGA_VCCAUX 0.024390 3.281250 0.079675 FPGA_VCCINT 0.006194 1.093750 0.006643
28784 537 FPGA_VCCAUX 0.024390 3.281250 0.079675 FPGA_VCCINT 0.006194 1.093750 0.006643
28838 538 FPGA_VCCAUX 0.024390 3.281250 0.079675 FPGA_VCCINT 0.006194 1.093750 0.006643
28889 539 FPGA_VCCAUX 0.024390 3.281250 0.079675 FPGA_VCCINT 0.006194 1.093750 0.006643
28942 540 FPGA_VCCAUX 0.024390 3.281250 0.079675 FPGA_VCCINT 0.006194 1.093750 0.006643
28996 541 FPGA_VCCAUX 0.024390 3.281250 0.079675 FPGA_VCCINT 0.006194 1.093750 0.006643
29047 542 FPGA_VCCAUX 0.024390 3.281250 0.079675 FPGA_VCCINT 0.006194 1.093750 0.006643
29098 543 FPGA_VCCAUX 0.024390 3.281250 0.079675 FPGA_VCCINT 0.006194 1.093750 0.006643
29178 544 FPGA_VCCAUX 0.024390 3.281250 0.079675 FPGA_VCCINT 0.006194 1.093750 0.006643
29232 545 FPGA_VCCAUX 0.024390 3.281250 0.079675 FPGA_VCCINT 0.006194 1.093750 0.006643
29283 546 FPGA_VCCAUX 0.024390 3.281250 0.079675 FPGA_VCCINT 0.006194 1.093750 0.006643
29337 547 FPGA_VCCAUX 0.024390 3.281250 0.079675 FPGA_VCCINT 0.006194 1.093750 0.006643
29388 548 FPGA_VCCAUX 0.024390 3.281250 0.079675 FPGA_VCCINT 0.006194 1.093750 0.006643
29441 549 FPGA_VCCAUX 0.024390 3.281250 0.079675 FPGA_VCCINT 0.006194 1.093750 0.006643
29492 550 FPGA_VCCAUX 0.024390 3.281250 0.079675 FPGA_VCCINT 0.006194 1.093750 0.006643
29546 551 FPGA_VCCAUX 0.024390 3.281250 0.079675 FPGA_VCCINT 0.006194 1.093750 0.006643
29597 552 FPGA_VCCAUX 0.024390 3.281250 0.079675 FPGA_VCCINT 0.006194 1.093750 0.006643
29651 553 FPGA_VCCAUX 0.024390 3.281250 0.079675 FPGA_VCCINT 0.006194 1.093750 0.006643
29702 554 FPGA_VCCAUX 0.024390 3.281250 0.079675 FPGA_VCCINT 0.006194 1.093750 0.006643
29755 555 FPGA_VCCAUX 0.024390 3.281250 0.079675 FPGA_VCCINT 0.006194 1.093750 0.006643
29809 556 FPGA_VCCAUX 0.024390 3.281250 0.079675 FPGA_VCCINT 0.006194 1.093750 0.006643
29860 557 FPGA_VCCAUX 0.024390 3.281250 0.079675 FPGA_VCCINT 0.006194 1.250000 0.007592
29913 558 FPGA_VCCAUX 0.024390 3.281250 0.079675 FPGA_VCCINT 0.006194 1.250000 0.007592
29964 559 FPGA_VCCAUX 0.024390 3.281250 0.079675 FPGA_VCCINT 0.007743 1.250000 0.009490
30018 560 FPGA_VCCAUX 0.024390 3.281250 0.079675 FPGA_VCCINT 0.006194 1.093750 0.006643
30069 561 FPGA_VCCAUX 0.024390 3.281250 0.079675 FPGA_VCCINT 0.006194 1.250000 0.007592
30122 562 FPGA_VCCAUX 0.024390 3.281250 0.079675 FPGA_VCCINT 0.006194 1.250000 0.007592
30176 563 FPGA_VCCAUX 0.024390 3.281250 0.079675 FPGA_VCCINT 0.006194 1.250000 0.007592
30227 564 FPGA_VCCAUX 0.024390 3.281250 0.079675 FPGA_VCCINT 0.006194 1.250000 0.007592
30280 565 FPGA_VCCAUX 0.024390 3.281250 0.079675 FPGA_VCCINT 0.006194 1.250000 0.007592
30333 566 FPGA_VCCAUX 0.024390 3.281250 0.079675 FPGA_VCCINT 0.006194 1.250000 0.007592
30384 567 FPGA_VCCAUX 0.024390 3.281250 0.079675 FPGA_VCCINT 0.006194 1.250000 0.007592
30438 568 FPGA_VCCAUX 0.024390 3.281250 0.079675 FPGA_VCCINT 0.006194 1.250000 0.007592
30489 569 FPGA_VCCAUX 0.024390 3.281250 0.079675 FPGA_VCCINT 0.006194 1.250000 0.007592
30542 570 FPGA_VCCAUX 0.024390 3.281250 0.079675 FPGA_VCCINT 0.006194 1.250000 0.007592
30596 571 FPGA_VCCAUX 0.024390 3.281250 0.079675 FPGA_VCCINT 0.006194 1.250000 0.007592
30646 572 FPGA_VCCAUX 0.024390 3.281250 0.079675 FPGA_VCCINT 0.006194 1.250000 0.007592
30700 573 FPGA_VCCAUX 0.024390 3.281250 0.079675 FPGA_VCCINT 0.006194 1.093750 0.006643
30751 574 FPGA_VCCAUX 0.024390 3.281250 0.079675 FPGA_VCCINT 0.006194 1.093750 0.006643
30804 575 FPGA_VCCAUX 0.024390 3.281250 0.079675 FPGA_VCCINT 0.007743 1.093750 0.008304
30856 576 FPGA_VCCAUX 0.024390 3.281250 0.079675 FPGA_VCCINT 0.006194 1.093750 0.006643
30909 577 FPGA_VCCAUX 0.024390 3.281250 0.079675 FPGA_VCCINT 0.006194 1.093750 0.006643
30960 578 FPGA_VCCAUX 0.024390 3.281250 0.079675 FPGA_VCCINT 0.006194 1.093750 0.006643
31014 579 FPGA_VCCAUX 0.024390 3.281250 0.079675 FPGA_VCCINT 0.006194 1.093750 0.006643
31068 580 FPGA_VCCAUX 0.024390 3.281250 0.079675 FPGA_VCCINT 0.006194 1.093750 0.006643
31119 581 FPGA_VCCAUX 0.024390 3.281250 0.079675 FPGA_VCCINT 0.006194 1.093750 0.006643
31172 582 FPGA_VCCAUX 0.024390 3.281250 0.079675 FPGA_VCCINT 0.006194 1.093750 0.006643
31224 583 