13 1 FPGA_VCCAUX 0.051426 3.300781 0.169568 FPGA_VCCINT 0.006672 1.191406 0.007916
735 2 FPGA_VCCAUX 0.051378 3.281250 0.168377 FPGA_VCCINT 0.006672 1.191406 0.007916
1530 3 FPGA_VCCAUX 0.051426 3.281250 0.168556 FPGA_VCCINT 0.006672 1.191406 0.007916
2323 4 FPGA_VCCAUX 0.007340 3.300781 0.024164 FPGA_VCCINT 0.000953 1.191406 0.001131
3114 5 FPGA_VCCAUX 0.000000 3.300781 0.000000 FPGA_VCCINT 0.000000 1.191406 0.000000
3908 6 FPGA_VCCAUX 0.000000 3.300781 0.000000 FPGA_VCCINT 0.000000 1.191406 0.000000
4702 7 FPGA_VCCAUX 0.000000 3.300781 0.000000 FPGA_VCCINT 0.000000 1.191406 0.000000
6125 8 FPGA_VCCAUX 0.000000 3.300781 0.000000 FPGA_VCCINT 0.000000 1.191406 0.000000
6918 9 FPGA_VCCAUX 0.000000 3.300781 0.000000 FPGA_VCCINT 0.000000 1.191406 0.000000
7712 10 FPGA_VCCAUX 0.000000 3.300781 0.000000 FPGA_VCCINT 0.000000 1.191406 0.000000
8506 11 FPGA_VCCAUX 0.000000 3.300781 0.000000 FPGA_VCCINT 0.000000 1.191406 0.000000
9300 12 FPGA_VCCAUX 0.000000 3.300781 0.000000 FPGA_VCCINT 0.000000 1.191406 0.000000
10093 13 FPGA_VCCAUX 0.000000 3.300781 0.000000 FPGA_VCCINT 0.000000 1.191406 0.000000
10885 14 FPGA_VCCAUX 0.000000 3.300781 0.000000 FPGA_VCCINT 0.000000 1.191406 0.000000
11679 15 FPGA_VCCAUX 0.000000 3.300781 0.000000 FPGA_VCCINT 0.000000 1.191406 0.000000
12473 16 FPGA_VCCAUX 0.000000 3.300781 0.000000 FPGA_VCCINT 0.000000 1.191406 0.000000
13897 17 FPGA_VCCAUX 0.000000 3.300781 0.000000 FPGA_VCCINT 0.000000 1.191406 0.000000
14691 18 FPGA_VCCAUX 0.000000 3.300781 0.000000 FPGA_VCCINT 0.000000 1.191406 0.000000
15485 19 FPGA_VCCAUX 0.000000 3.300781 0.000000 FPGA_VCCINT 0.000000 1.191406 0.000000
