FPGA_VCCINT 0.0014 1 FPGA_VCCAUX 0.015486 3.281250 0.049824 FPGA_VCCINT 0.006194 1.093750 0.006643
61 2 FPGA_VCCAUX 0.015486 3.281250 0.049824 FPGA_VCCINT 0.006194 1.093750 0.006643
113 3 FPGA_VCCAUX 0.015486 3.281250 0.049824 FPGA_VCCINT 0.006194 1.093750 0.006643
166 4 FPGA_VCCAUX 0.015486 3.281250 0.049824 FPGA_VCCINT 0.006194 1.093750 0.006643
218 5 FPGA_VCCAUX 0.015486 3.281250 0.049824 FPGA_VCCINT 0.006194 1.093750 0.006643
271 6 FPGA_VCCAUX 0.015486 3.281250 0.049824 FPGA_VCCINT 0.006194 1.093750 0.006643
323 7 FPGA_VCCAUX 0.015486 3.281250 0.049824 FPGA_VCCINT 0.006194 1.093750 0.006643
376 8 FPGA_VCCAUX 0.015486 3.281250 0.049824 FPGA_VCCINT 0.006194 1.093750 0.006643
428 9 FPGA_VCCAUX 0.015486 3.281250 0.049824 FPGA_VCCINT 0.006194 1.093750 0.006643
481 10 FPGA_VCCAUX 0.015486 3.281250 0.049824 FPGA_VCCINT 0.006194 1.093750 0.006643
534 11 FPGA_VCCAUX 0.015486 3.281250 0.049824 FPGA_VCCINT 0.006194 1.093750 0.006643
587 12 FPGA_VCCAUX 0.015486 3.281250 0.049824 FPGA_VCCINT 0.006194 1.093750 0.006643
639 13 FPGA_VCCAUX 0.015486 3.281250 0.049824 FPGA_VCCINT 0.006194 1.093750 0.006643
689 14 FPGA_VCCAUX 0.015486 3.281250 0.049824 FPGA_VCCINT 0.006194 1.093750 0.006643
742 15 FPGA_VCCAUX 0.015486 3.281250 0.049824 FPGA_VCCINT 0.006194 1.093750 0.006643
795 16 FPGA_VCCAUX 0.015486 3.281250 0.049824 FPGA_VCCINT 0.006194 1.093750 0.006643
848 17 FPGA_VCCAUX 0.015486 3.281250 0.049824 FPGA_VCCINT 0.006194 1.093750 0.006643
901 18 FPGA_VCCAUX 0.015486 3.281250 0.049824 FPGA_VCCINT 0.006194 1.093750 0.006643
954 19 FPGA_VCCAUX 0.015486 3.281250 0.049824 FPGA_VCCINT 0.006194 1.093750 0.006643
1006 20 FPGA_VCCAUX 0.015486 3.281250 0.049824 FPGA_VCCINT 0.006194 1.093750 0.006643
1057 21 FPGA_VCCAUX 0.015486 3.281250 0.049824 FPGA_VCCINT 0.006194 1.093750 0.006643
1110 22 FPGA_VCCAUX 0.015486 3.281250 0.049824 FPGA_VCCINT 0.006194 1.093750 0.006643
1163 23 FPGA_VCCAUX 0.015486 3.281250 0.049824 FPGA_VCCINT 0.006194 1.093750 0.006643
1216 24 FPGA_VCCAUX 0.015486 3.281250 0.049824 FPGA_VCCINT 0.006194 1.093750 0.006643
1267 25 FPGA_VCCAUX 0.015486 3.281250 0.049824 FPGA_VCCINT 0.006194 1.093750 0.006643
1320 26 FPGA_VCCAUX 0.015486 3.281250 0.049824 FPGA_VCCINT 0.006194 1.093750 0.006643
1374 27 FPGA_VCCAUX 0.015486 3.281250 0.049824 FPGA_VCCINT 0.006194 1.093750 0.006643
1424 28 FPGA_VCCAUX 0.015486 3.281250 0.049824 FPGA_VCCINT 0.006194 1.093750 0.006643
1477 29 FPGA_VCCAUX 0.015486 3.281250 0.049824 FPGA_VCCINT 0.006194 1.093750 0.006643
1530 30 FPGA_VCCAUX 0.015486 3.281250 0.049824 FPGA_VCCINT 0.006194 1.093750 0.006643
1583 31 FPGA_VCCAUX 0.015486 3.281250 0.049824 FPGA_VCCINT 0.006194 1.093750 0.006643
1634 32 FPGA_VCCAUX 0.015486 3.281250 0.049824 FPGA_VCCINT 0.006194 1.093750 0.006643
1687 33 FPGA_VCCAUX 0.015486 3.281250 0.049824 FPGA_VCCINT 0.006194 1.093750 0.006643
1739 34 FPGA_VCCAUX 0.000000 3.281250 0.000000 FPGA_VCCINT 0.000000 1.093750 0.000000
1790 35 FPGA_VCCAUX 0.000000 3.281250 0.000000 FPGA_VCCINT 0.000000 1.093750 0.000000
1844 36 FPGA_VCCAUX 0.000000 3.281250 0.000000 FPGA_VCCINT 0.000000 1.093750 0.000000
1896 37 FPGA_VCCAUX 0.000000 3.281250 0.000000 FPGA_VCCINT 0.000000 1.093750 0.000000
1950 38 FPGA_VCCAUX 0.000000 3.281250 0.000000 FPGA_VCCINT 0.000000 1.093750 0.000000
2001 39 FPGA_VCCAUX 0.000000 3.281250 0.000000 FPGA_VCCINT 0.000000 1.093750 0.000000
2055 40 FPGA_VCCAUX 0.000000 3.281250 0.000000 FPGA_VCCINT 0.000000 1.093750 0.000000
2106 41 FPGA_VCCAUX 0.000000 3.281250 0.000000 FPGA_VCCINT 0.000000 1.093750 0.000000
2157 42 FPGA_VCCAUX 0.000000 3.281250 0.000000 FPGA_VCCINT 0.000000 1.093750 0.000000
2211 43 FPGA_VCCAUX 0.000000 3.281250 0.000000 FPGA_VCCINT 0.000000 1.093750 0.000000
2262 44 FPGA_VCCAUX 0.000000 3.281250 0.000000 FPGA_VCCINT 0.000000 1.093750 0.000000
2316 45 FPGA_VCCAUX 0.000000 3.281250 0.000000 FPGA_VCCINT 0.000000 1.093750 0.000000
2368 46 FPGA_VCCAUX 0.000000 3.281250 0.000000 FPGA_VCCINT 0.000000 1.093750 0.000000
2422 47 FPGA_VCCAUX 0.000000 3.281250 0.000000 FPGA_VCCINT 0.000000 1.093750 0.000000
2473 48 FPGA_VCCAUX 0.000000 3.281250 0.000000 FPGA_VCCINT 0.000000 1.093750 0.000000
2527 49 FPGA_VCCAUX 0.000000 3.281250 0.000000 FPGA_VCCINT 0.000000 1.093750 0.000000
2578 50 FPGA_VCCAUX 0.000000 3.281250 0.000000 FPGA_VCCINT 0.000000 1.093750 0.000000
2685 51 FPGA_VCCAUX 0.000000 3.281250 0.000000 FPGA_VCCINT 0.000000 1.093750 0.000000
2736 52 FPGA_VCCAUX 0.000000 3.281250 0.000000 FPGA_VCCINT 0.000000 1.093750 0.000000
2787 53 FPGA_VCCAUX 0.000000 3.281250 0.000000 FPGA_VCCINT 0.000000 1.093750 0.000000
2841 54 FPGA_VCCAUX 0.000000 3.281250 0.000000 FPGA_VCCINT 0.000000 1.093750 0.000000
2892 55 FPGA_VCCAUX 0.000000 3.281250 0.000000 FPGA_VCCINT 0.000000 1.093750 0.000000
2946 56 FPGA_VCCAUX 0.000000 3.281250 0.000000 FPGA_VCCINT 0.000000 1.093750 0.000000
2998 57 FPGA_VCCAUX 0.000000 3.281250 0.000000 FPGA_VCCINT 0.000000 1.093750 0.000000
3052 58 FPGA_VCCAUX 0.000000 3.281250 0.000000 FPGA_VCCINT 0.000000 1.093750 0.000000
3103 59 FPGA_VCCAUX 0.000000 3.281250 0.000000 FPGA_VCCINT 0.000000 1.093750 0.000000
3154 60 FPGA_VCCAUX 0.000000 3.281250 0.000000 FPGA_VCCINT 0.000000 1.093750 0.000000
3208 61 FPGA_VCCAUX 0.000000 3.281250 0.000000 FPGA_VCCINT 0.000000 1.093750 0.000000
3259 62 FPGA_VCCAUX 0.000000 3.281250 0.000000 FPGA_VCCINT 0.000000 1.093750 0.000000
3313 63 FPGA_VCCAUX 0.000000 3.281250 0.000000 FPGA_VCCINT 0.000000 1.093750 0.000000
3364 64 FPGA_VCCAUX 0.000000 3.281250 0.000000 FPGA_VCCINT 0.000000 1.093750 0.000000
3418 65 FPGA_VCCAUX 0.000000 3.281250 0.000000 FPGA_VCCINT 0.000000 1.093750 0.000000
3470 66 FPGA_VCCAUX 0.000000 3.281250 0.000000 FPGA_VCCINT 0.000000 1.093750 0.000000
3576 67 FPGA_VCCAUX 0.000000 3.281250 0.000000 FPGA_VCCINT 0.000000 1.093750 0.000000
3628 68 FPGA_VCCAUX 0.000000 3.281250 0.000000 FPGA_VCCINT 0.000000 1.093750 0.000000
3679 69 FPGA_VCCAUX 0.000000 3.281250 0.000000 FPGA_VCCINT 0.000000 1.093750 0.000000
3733 70 FPGA_VCCAUX 0.000000 3.281250 0.000000 FPGA_VCCINT 0.000000 1.093750 0.000000
3784 71 FPGA_VCCAUX 0.000000 3.281250 0.000000 FPGA_VCCINT 0.000000 1.093750 0.000000
3838 72 FPGA_VCCAUX 0.000000 3.281250 0.000000 FPGA_VCCINT 0.000000 1.093750 0.000000
3889 73 FPGA_VCCAUX 0.000000 3.281250 0.000000 FPGA_VCCINT 0.000000 1.093750 0.000000
3943 74 FPGA_VCCAUX 0.000000 3.281250 0.000000 FPGA_VCCINT 0.000000 1.093750 0.000000
3994 75 FPGA_VCCAUX 0.000000 3.281250 0.000000 FPGA_VCCINT 0.000000 1.093750 0.000000
4098 76 FPGA_VCCAUX 0.000000 3.281250 0.000000 FPGA_VCCINT 0.000000 1.093750 0.000000
4152 77 FPGA_VCCAUX 0.000000 3.281250 0.000000 FPGA_VCCINT 0.000000 1.093750 0.000000
4204 78 FPGA_VCCAUX 0.000000 3.281250 0.000000 FPGA_VCCINT 0.000000 1.093750 0.000000
4258 79 FPGA_VCCAUX 0.000000 3.281250 0.000000 FPGA_VCCINT 0.000000 1.093750 0.000000
4309 80 FPGA_VCCAUX 0.000000 3.281250 0.000000 FPGA_VCCINT 0.000000 1.093750 0.000000
4363 81 FPGA_VCCAUX 0.000000 3.281250 0.000000 FPGA_VCCINT 0.000000 1.093750 0.000000
4414 82 FPGA_VCCAUX 0.000000 3.281250 0.000000 FPGA_VCCINT 0.000000 1.093750 0.000000
4465 83 FPGA_VCCAUX 0.000000 3.281250 0.000000 FPGA_VCCINT 0.000000 1.093750 0.000000
4519 84 FPGA_VCCAUX 0.000000 3.281250 0.000000 FPGA_VCCINT 0.000000 1.093750 0.000000
4570 85 FPGA_VCCAUX 0.000000 3.281250 0.000000 FPGA_VCCINT 0.000000 1.093750 0.000000
4624 86 FPGA_VCCAUX 0.000000 3.281250 0.000000 FPGA_VCCINT 0.000000 1.093750 0.000000
4675 87 FPGA_VCCAUX 0.000000 3.281250 0.000000 FPGA_VCCINT 0.000000 1.093750 0.000000
4730 88 FPGA_VCCAUX 0.000000 3.281250 0.000000 FPGA_VCCINT 0.000000 1.093750 0.000000
4781 89 FPGA_VCCAUX 0.000000 3.281250 0.000000 FPGA_VCCINT 0.000000 1.093750 0.000000
4835 90 FPGA_VCCAUX 0.000000 3.281250 0.000000 FPGA_VCCINT 0.000000 1.093750 0.000000
4886 91 FPGA_VCCAUX 0.000000 3.281250 0.000000 FPGA_VCCINT 0.000000 1.093750 0.000000
4937 92 FPGA_VCCAUX 0.000000 3.281250 0.000000 FPGA_VCCINT 0.000000 1.093750 0.000000
4991 93 FPGA_VCCAUX 0.000000 3.281250 0.000000 FPGA_VCCINT 0.000000 1.093750 0.000000
5043 94 FPGA_VCCAUX 0.000000 3.281250 0.000000 FPGA_VCCINT 0.000000 1.093750 0.000000
5097 95 FPGA_VCCAUX 0.000000 3.281250 0.000000 FPGA_VCCINT 0.000000 1.093750 0.000000
5148 96 FPGA_VCCAUX 0.000000 3.281250 0.000000 FPGA_VCCINT 0.000000 1.093750 0.000000
5202 97 FPGA_VCCAUX 0.000000 3.281250 0.000000 FPGA_VCCINT 0.000000 1.093750 0.000000
5253 98 FPGA_VCCAUX 0.000000 3.281250 0.000000 FPGA_VCCINT 0.000000 1.093750 0.000000
5307 99 FPGA_VCCAUX 0.000000 3.281250 0.000000 FPGA_VCCINT 0.000000 1.093750 0.000000
5358 100 FPGA_VCCAUX 0.000000 3.281250 0.000000 FPGA_VCCINT 0.000000 1.093750 0.000000
5410 101 FPGA_VCCAUX 0.000000 3.281250 0.000000 FPGA_VCCINT 0.000000 1.093750 0.000000
5464 102 FPGA_VCCAUX 0.000000 3.281250 0.000000 FPGA_VCCINT 0.000000 1.093750 0.000000
5516 103 FPGA_VCCAUX 0.000000 3.281250 0.000000 FPGA_VCCINT 0.000000 1.093750 0.000000
5567 104 FPGA_VCCAUX 0.000000 3.281250 0.000000 FPGA_VCCINT 0.000000 1.093750 0.000000
5622 105 FPGA_VCCAUX 0.000000 3.281250 0.000000 FPGA_VCCINT 0.000000 1.093750 0.000000
5673 106 FPGA_VCCAUX 0.000000 3.281250 0.000000 FPGA_VCCINT 0.000000 1.093750 0.000000
5725 107 FPGA_VCCAUX 0.000000 3.281250 0.000000 FPGA_VCCINT 0.000000 1.093750 0.000000
5805 108 FPGA_VCCAUX 0.000000 3.281250 0.000000 FPGA_VCCINT 0.000000 1.093750 0.000000
5857 109 FPGA_VCCAUX 0.000000 3.281250 0.000000 FPGA_VCCINT 0.000000 1.093750 0.000000
5908 110 FPGA_VCCAUX 0.000000 3.281250 0.000000 FPGA_VCCINT 0.000000 1.093750 0.000000
5963 111 FPGA_VCCAUX 0.000000 3.281250 0.000000 FPGA_VCCINT 0.000000 1.093750 0.000000
6014 112 FPGA_VCCAUX 0.000000 3.281250 0.000000 FPGA_VCCINT 0.000000 1.093750 0.000000
6066 113 FPGA_VCCAUX 0.000000 3.281250 0.000000 FPGA_VCCINT 0.000000 1.093750 0.000000
6120 114 FPGA_VCCAUX 0.000000 3.281250 0.000000 FPGA_VCCINT 0.000000 1.093750 0.000000
6171 115 FPGA_VCCAUX 0.000000 3.281250 0.000000 FPGA_VCCINT 0.000000 1.093750 0.000000
6223 116 FPGA_VCCAUX 0.000000 3.281250 0.000000 FPGA_VCCINT 0.000000 1.093750 0.000000
6277 117 FPGA_VCCAUX 0.000000 3.281250 0.000000 FPGA_VCCINT 0.000000 1.093750 0.000000
6329 118 FPGA_VCCAUX 0.000000 3.281250 0.000000 FPGA_VCCINT 0.000000 1.093750 0.000000
6380 119 FPGA_VCCAUX 0.000000 3.281250 0.000000 FPGA_VCCINT 0.000000 1.093750 0.000000
6434 120 FPGA_VCCAUX 0.000000 3.281250 0.000000 FPGA_VCCINT 0.000000 1.093750 0.000000
6486 121 FPGA_VCCAUX 0.000000 3.281250 0.000000 FPGA_VCCINT 0.000000 1.093750 0.000000
6537 122 FPGA_VCCAUX 0.000000 3.281250 0.000000 FPGA_VCCINT 0.000000 1.093750 0.000000
6592 123 FPGA_VCCAUX 0.000000 3.281250 0.000000 FPGA_VCCINT 0.000000 1.093750 0.000000
6643 124 FPGA_VCCAUX 0.000000 3.281250 0.000000 FPGA_VCCINT 0.000000 1.093750 0.000000
6695 125 FPGA_VCCAUX 0.000000 3.281250 0.000000 FPGA_VCCINT 0.000000 1.093750 0.000000
6749 126 FPGA_VCCAUX 0.000000 3.281250 0.000000 FPGA_VCCINT 0.000000 1.093750 0.000000
6801 127 FPGA_VCCAUX 0.000000 3.281250 0.000000 FPGA_VCCINT 0.000000 1.093750 0.000000
6853 128 FPGA_VCCAUX 0.000000 3.281250 0.000000 FPGA_VCCINT 0.000000 1.093750 0.000000
6907 129 FPGA_VCCAUX 0.000000 3.281250 0.000000 FPGA_VCCINT 0.000000 1.093750 0.000000
6958 130 FPGA_VCCAUX 0.000000 3.281250 0.000000 FPGA_VCCINT 0.000000 1.093750 0.000000
7010 131 FPGA_VCCAUX 0.000000 3.281250 0.000000 FPGA_VCCINT 0.000000 1.093750 0.000000
7064 132 FPGA_VCCAUX 0.000000 3.281250 0.000000 FPGA_VCCINT 0.000000 1.093750 0.000000
7116 133 FPGA_VCCAUX 0.000000 3.281250 0.000000 FPGA_VCCINT 0.000000 1.093750 0.000000
7167 134 FPGA_VCCAUX 0.000000 3.281250 0.000000 FPGA_VCCINT 0.000000 1.093750 0.000000
7221 135 FPGA_VCCAUX 0.000000 3.281250 0.000000 FPGA_VCCINT 0.000000 1.093750 0.000000
7273 136 FPGA_VCCAUX 0.000000 3.281250 0.000000 FPGA_VCCINT 0.000000 1.093750 0.000000
7324 137 FPGA_VCCAUX 0.000000 3.281250 0.000000 FPGA_VCCINT 0.000000 1.093750 0.000000
7379 138 FPGA_VCCAUX 0.000000 3.281250 0.000000 FPGA_VCCINT 0.000000 1.093750 0.000000
7430 139 FPGA_VCCAUX 0.000000 3.281250 0.000000 FPGA_VCCINT 0.000000 1.093750 0.000000
7482 140 FPGA_VCCAUX 0.000000 3.281250 0.000000 FPGA_VCCINT 0.000000 1.093750 0.000000
7536 141 FPGA_VCCAUX 0.000000 3.281250 0.000000 FPGA_VCCINT 0.000000 1.093750 0.000000
7587 142 FPGA_VCCAUX 0.000000 3.281250 0.000000 FPGA_VCCINT 0.000000 1.093750 0.000000
7639 143 FPGA_VCCAUX 0.000000 3.281250 0.000000 FPGA_VCCINT 0.000000 1.093750 0.000000
7693 144 FPGA_VCCAUX 0.000000 3.281250 0.000000 FPGA_VCCINT 0.000000 1.093750 0.000000
7745 145 FPGA_VCCAUX 0.000000 3.281250 0.000000 FPGA_VCCINT 0.000000 1.093750 0.000000
7796 146 FPGA_VCCAUX 0.000000 3.281250 0.000000 FPGA_VCCINT 0.000000 1.093750 0.000000
7850 147 FPGA_VCCAUX 0.000000 3.281250 0.000000 FPGA_VCCINT 0.000000 1.093750 0.000000
7902 148 FPGA_VCCAUX 0.000000 3.281250 0.000000 FPGA_VCCINT 0.000000 1.093750 0.000000
7954 149 FPGA_VCCAUX 0.000000 3.281250 0.000000 FPGA_VCCINT 0.000000 1.093750 0.000000
8008 150 FPGA_VCCAUX 0.000000 3.281250 0.000000 FPGA_VCCINT 0.000000 1.093750 0.000000
8059 151 FPGA_VCCAUX 0.000000 3.281250 0.000000 FPGA_VCCINT 0.000000 1.093750 0.000000
8166 152 FPGA_VCCAUX 0.000000 3.281250 0.000000 FPGA_VCCINT 0.000000 1.093750 0.000000
8218 153 FPGA_VCCAUX 0.000000 3.281250 0.000000 FPGA_VCCINT 0.000000 1.093750 0.000000
8269 154 FPGA_VCCAUX 0.000000 3.281250 0.000000 FPGA_VCCINT 0.000000 1.093750 0.000000
8321 155 FPGA_VCCAUX 0.000000 3.281250 0.000000 FPGA_VCCINT 0.000000 1.093750 0.000000
8375 156 FPGA_VCCAUX 0.000000 3.281250 0.000000 FPGA_VCCINT 0.000000 1.093750 0.000000
8426 157 FPGA_VCCAUX 0.000000 3.281250 0.000000 FPGA_VCCINT 0.000000 1.093750 0.000000
8480 158 FPGA_VCCAUX 0.000000 3.281250 0.000000 FPGA_VCCINT 0.000000 1.093750 0.000000
8532 159 FPGA_VCCAUX 0.000000 3.281250 0.000000 FPGA_VCCINT 0.000000 1.093750 0.000000
8584 160 FPGA_VCCAUX 0.000000 3.281250 0.000000 FPGA_VCCINT 0.000000 1.093750 0.000000
8638 161 FPGA_VCCAUX 0.000000 3.281250 0.000000 FPGA_VCCINT 0.000000 1.093750 0.000000
8689 162 FPGA_VCCAUX 0.000000 3.281250 0.000000 FPGA_VCCINT 0.000000 1.093750 0.000000
8741 163 FPGA_VCCAUX 0.000000 3.281250 0.000000 FPGA_VCCINT 0.000000 1.093750 0.000000
8795 164 FPGA_VCCAUX 0.000000 3.281250 0.000000 FPGA_VCCINT 0.000000 1.093750 0.000000
8847 165 FPGA_VCCAUX 0.000000 3.281250 0.000000 FPGA_VCCINT 0.000000 1.093750 0.000000
8898 166 FPGA_VCCAUX 0.000000 3.281250 0.000000 FPGA_VCCINT 0.000000 1.093750 0.000000
8952 167 FPGA_VCCAUX 0.000000 3.281250 0.000000 FPGA_VCCINT 0.000000 1.093750 0.000000
9004 168 FPGA_VCCAUX 0.000000 3.281250 0.000000 FPGA_VCCINT 0.000000 1.093750 0.000000
9055 169 FPGA_VCCAUX 0.000000 3.281250 0.000000 FPGA_VCCINT 0.000000 1.093750 0.000000
9110 170 FPGA_VCCAUX 0.000000 3.281250 0.000000 FPGA_VCCINT 0.000000 1.093750 0.000000
9161 171 FPGA_VCCAUX 0.000000 3.281250 0.000000 FPGA_VCCINT 0.000000 1.093750 0.000000
9213 172 FPGA_VCCAUX 0.000000 3.281250 0.000000 FPGA_VCCINT 0.000000 1.093750 0.000000
9267 173 FPGA_VCCAUX 0.000000 3.281250 0.000000 FPGA_VCCINT 0.000000 1.093750 0.000000
9318 174 FPGA_VCCAUX 0.000000 3.281250 0.000000 FPGA_VCCINT 0.000000 1.093750 0.000000
9370 175 FPGA_VCCAUX 0.000000 3.281250 0.000000 FPGA_VCCINT 0.000000 1.093750 0.000000
9424 176 FPGA_VCCAUX 0.000000 3.281250 0.000000 FPGA_VCCINT 0.000000 1.093750 0.000000
9476 177 FPGA_VCCAUX 0.000000 3.281250 0.000000 FPGA_VCCINT 0.000000 1.093750 0.000000
9527 178 FPGA_VCCAUX 0.000000 3.281250 0.000000 FPGA_VCCINT 0.000000 1.093750 0.000000
9582 179 FPGA_VCCAUX 0.000000 3.281250 0.000000 FPGA_VCCINT 0.000000 1.093750 0.000000
9633 180 FPGA_VCCAUX 0.000000 3.281250 0.000000 FPGA_VCCINT 0.000000 1.093750 0.000000
9687 181 FPGA_VCCAUX 0.000000 3.281250 0.000000 FPGA_VCCINT 0.000000 1.093750 0.000000
9739 182 FPGA_VCCAUX 0.000000 3.281250 0.000000 FPGA_VCCINT 0.000000 1.093750 0.000000
9790 183 FPGA_VCCAUX 0.000000 3.281250 0.000000 FPGA_VCCINT 0.000000 1.093750 0.000000
9844 184 FPGA_VCCAUX 0.000000 3.281250 0.000000 FPGA_VCCINT 0.000000 1.093750 0.000000
9896 185 FPGA_VCCAUX 0.000000 3.281250 0.000000 FPGA_VCCINT 0.000000 1.093750 0.000000
9947 186 FPGA_VCCAUX 0.000000 3.281250 0.000000 FPGA_VCCINT 0.000000 1.093750 0.000000
10001 187 FPGA_VCCAUX 0.000000 3.281250 0.000000 FPGA_VCCINT 0.000000 1.093750 0.000000
10053 188 FPGA_VCCAUX 0.000000 3.281250 0.000000 FPGA_VCCINT 0.000000 1.093750 0.000000
10105 189 FPGA_VCCAUX 0.000000 3.281250 0.000000 FPGA_VCCINT 0.000000 1.093750 0.000000
10160 190 FPGA_VCCAUX 0.000000 3.281250 0.000000 FPGA_VCCINT 0.000000 1.093750 0.000000
10211 191 FPGA_VCCAUX 0.000000 3.281250 0.000000 FPGA_VCCINT 0.000000 1.093750 0.000000
10263 192 FPGA_VCCAUX 0.000000 3.281250 0.000000 FPGA_VCCINT 0.000000 1.093750 0.000000
10315 193 FPGA_VCCAUX 0.000000 3.281250 0.000000 FPGA_VCCINT 0.000000 1.093750 0.000000
10367 194 FPGA_VCCAUX 0.000000 3.281250 0.000000 FPGA_VCCINT 0.000000 1.093750 0.000000
10421 195 FPGA_VCCAUX 0.000000 3.281250 0.000000 FPGA_VCCINT 0.000000 1.093750 0.000000
10473 196 FPGA_VCCAUX 0.000000 3.281250 0.000000 FPGA_VCCINT 0.000000 1.093750 0.000000
10525 197 FPGA_VCCAUX 0.000000 3.281250 0.000000 FPGA_VCCINT 0.000000 1.093750 0.000000
10577 198 FPGA_VCCAUX 0.000000 3.281250 0.000000 FPGA_VCCINT 0.000000 1.093750 0.000000
10631 199 FPGA_VCCAUX 0.000000 3.281250 0.000000 FPGA_VCCINT 0.000000 1.093750 0.000000
10683 200 FPGA_VCCAUX 0.000000 3.281250 0.000000 FPGA_VCCINT 0.000000 1.093750 0.000000
10735 201 FPGA_VCCAUX 0.000000 3.281250 0.000000 FPGA_VCCINT 0.000000 1.093750 0.000000
10787 202 FPGA_VCCAUX 0.000000 3.281250 0.000000 FPGA_VCCINT 0.000000 1.093750 0.000000
10841 203 FPGA_VCCAUX 0.000000 3.281250 0.000000 FPGA_VCCINT 0.000000 1.093750 0.000000
10893 204 FPGA_VCCAUX 0.000000 3.281250 0.000000 FPGA_VCCINT 0.000000 1.093750 0.000000
10945 205 FPGA_VCCAUX 0.000000 3.281250 0.000000 FPGA_VCCINT 0.000000 1.093750 0.000000
10997 206 FPGA_VCCAUX 0.000000 3.281250 0.000000 FPGA_VCCINT 0.000000 1.093750 0.000000
11051 207 FPGA_VCCAUX 0.000000 3.281250 0.000000 FPGA_VCCINT 0.000000 1.093750 0.000000
11103 208 FPGA_VCCAUX 0.000000 3.281250 0.000000 FPGA_VCCINT 0.000000 1.093750 0.000000
11155 209 FPGA_VCCAUX 0.000000 3.281250 0.000000 FPGA_VCCINT 0.000000 1.093750 0.000000
11207 210 FPGA_VCCAUX 0.000000 3.281250 0.000000 FPGA_VCCINT 0.000000 1.093750 0.000000
11261 211 FPGA_VCCAUX 0.000000 3.281250 0.000000 FPGA_VCCINT 0.000000 1.093750 0.000000
11313 212 FPGA_VCCAUX 0.000000 3.281250 0.000000 FPGA_VCCINT 0.000000 1.093750 0.000000
11365 213 FPGA_VCCAUX 0.000000 3.281250 0.000000 FPGA_VCCINT 0.000000 1.093750 0.000000
11417 214 FPGA_VCCAUX 0.000000 3.281250 0.000000 FPGA_VCCINT 0.000000 1.093750 0.000000
11471 215 FPGA_VCCAUX 0.000000 3.281250 0.000000 FPGA_VCCINT 0.000000 1.093750 0.000000
11523 216 FPGA_VCCAUX 0.000000 3.281250 0.000000 FPGA_VCCINT 0.000000 1.093750 0.000000
11575 217 FPGA_VCCAUX 0.000000 3.281250 0.000000 FPGA_VCCINT 0.000000 1.093750 0.000000
11627 218 FPGA_VCCAUX 0.000000 3.281250 0.000000 FPGA_VCCINT 0.000000 1.093750 0.000000
11679 219 FPGA_VCCAUX 0.000000 3.281250 0.000000 FPGA_VCCINT 0.000000 1.093750 0.000000
11733 220 FPGA_VCCAUX 0.000000 3.281250 0.000000 FPGA_VCCINT 0.000000 1.093750 0.000000
11785 221 FPGA_VCCAUX 0.000000 3.281250 0.000000 FPGA_VCCINT 0.000000 1.093750 0.000000
11837 222 FPGA_VCCAUX 0.000000 3.281250 0.000000 FPGA_VCCINT 0.000000 1.093750 0.000000
11889 223 FPGA_VCCAUX 0.000000 3.281250 0.000000 FPGA_VCCINT 0.000000 1.093750 0.000000
11943 224 FPGA_VCCAUX 0.000000 3.281250 0.000000 FPGA_VCCINT 0.000000 1.093750 0.000000
11995 225 FPGA_VCCAUX 0.000000 3.281250 0.000000 FPGA_VCCINT 0.000000 1.093750 0.000000
12047 226 FPGA_VCCAUX 0.000000 3.281250 0.000000 FPGA_VCCINT 0.000000 1.093750 0.000000
12098 227 FPGA_VCCAUX 0.000000 3.281250 0.000000 FPGA_VCCINT 0.000000 1.093750 0.000000
12153 228 FPGA_VCCAUX 0.000000 3.281250 0.000000 FPGA_VCCINT 0.000000 1.093750 0.000000
12205 229 FPGA_VCCAUX 0.000000 3.281250 0.000000 FPGA_VCCINT 0.000000 1.093750 0.000000
12257 230 FPGA_VCCAUX 0.000000 3.281250 0.000000 FPGA_VCCINT 0.000000 1.093750 0.000000
12308 231 FPGA_VCCAUX 0.000000 3.281250 0.000000 FPGA_VCCINT 0.000000 1.093750 0.000000
12363 232 FPGA_VCCAUX 0.000000 3.281250 0.000000 FPGA_VCCINT 0.000000 1.093750 0.000000
12415 233 FPGA_VCCAUX 0.000000 3.281250 0.000000 FPGA_VCCINT 0.000000 1.093750 0.000000
12466 234 FPGA_VCCAUX 0.000000 3.281250 0.000000 FPGA_VCCINT 0.000000 1.093750 0.000000
12518 235 FPGA_VCCAUX 0.000000 3.281250 0.000000 FPGA_VCCINT 0.000000 1.093750 0.000000
12573 236 FPGA_VCCAUX 0.000000 3.281250 0.000000 FPGA_VCCINT 0.000000 1.093750 0.000000
12625 237 FPGA_VCCAUX 0.000000 3.281250 0.000000 FPGA_VCCINT 0.000000 1.093750 0.000000
12677 238 FPGA_VCCAUX 0.000000 3.281250 0.000000 FPGA_VCCINT 0.000000 1.093750 0.000000
12728 239 FPGA_VCCAUX 0.000000 3.281250 0.000000 FPGA_VCCINT 0.000000 1.093750 0.000000
12783 240 FPGA_VCCAUX 0.000000 3.281250 0.000000 FPGA_VCCINT 0.000000 1.093750 0.000000
12835 241 FPGA_VCCAUX 0.000000 3.281250 0.000000 FPGA_VCCINT 0.000000 1.093750 0.000000
12886 242 FPGA_VCCAUX 0.000000 3.281250 0.000000 FPGA_VCCINT 0.000000 1.093750 0.000000
12938 243 FPGA_VCCAUX 0.000000 3.281250 0.000000 FPGA_VCCINT 0.000000 1.093750 0.000000
12993 244 FPGA_VCCAUX 0.000000 3.281250 0.000000 FPGA_VCCINT 0.000000 1.093750 0.000000
13044 245 FPGA_VCCAUX 0.000000 3.281250 0.000000 FPGA_VCCINT 0.000000 1.093750 0.000000
13096 246 FPGA_VCCAUX 0.000000 3.281250 0.000000 FPGA_VCCINT 0.000000 1.093750 0.000000
13148 247 FPGA_VCCAUX 0.000000 3.281250 0.000000 FPGA_VCCINT 0.000000 1.093750 0.000000
13200 248 FPGA_VCCAUX 0.000000 3.281250 0.000000 FPGA_VCCINT 0.000000 1.093750 0.000000
13254 249 FPGA_VCCAUX 0.000000 3.281250 0.000000 FPGA_VCCINT 0.000000 1.093750 0.000000
13306 250 FPGA_VCCAUX 0.000000 3.281250 0.000000 FPGA_VCCINT 0.000000 1.093750 0.000000
13358 251 FPGA_VCCAUX 0.000000 3.281250 0.000000 FPGA_VCCINT 0.000000 1.093750 0.000000
13543 252 FPGA_VCCAUX 0.000000 3.281250 0.000000 FPGA_VCCINT 0.000000 1.093750 0.000000
13595 253 FPGA_VCCAUX 0.000000 3.281250 0.000000 FPGA_VCCINT 0.000000 1.093750 0.000000
13647 254 FPGA_VCCAUX 0.000000 3.281250 0.000000 FPGA_VCCINT 0.000000 1.093750 0.000000
13699 255 FPGA_VCCAUX 0.000000 3.281250 0.000000 FPGA_VCCINT 0.000000 1.093750 0.000000
13751 256 FPGA_VCCAUX 0.000000 3.281250 0.000000 FPGA_VCCINT 0.000000 1.093750 0.000000
13805 257 FPGA_VCCAUX 0.000000 3.281250 0.000000 FPGA_VCCINT 0.000000 1.093750 0.000000
13857 258 FPGA_VCCAUX 0.000000 3.281250 0.000000 FPGA_VCCINT 0.000000 1.093750 0.000000
13909 259 FPGA_VCCAUX 0.000000 3.281250 0.000000 FPGA_VCCINT 0.000000 1.093750 0.000000
13961 260 FPGA_VCCAUX 0.000000 3.281250 0.000000 FPGA_VCCINT 0.000000 1.093750 0.000000
14015 261 FPGA_VCCAUX 0.000000 3.281250 0.000000 FPGA_VCCINT 0.000000 1.093750 0.000000
14067 262 FPGA_VCCAUX 0.000000 3.281250 0.000000 FPGA_VCCINT 0.000000 1.093750 0.000000
14119 263 FPGA_VCCAUX 0.000000 3.281250 0.000000 FPGA_VCCINT 0.000000 1.093750 0.000000
14171 264 FPGA_VCCAUX 0.000000 3.281250 0.000000 FPGA_VCCINT 0.000000 1.093750 0.000000
14225 265 FPGA_VCCAUX 0.000000 3.281250 0.000000 FPGA_VCCINT 0.000000 1.093750 0.000000
14277 266 FPGA_VCCAUX 0.000000 3.281250 0.000000 FPGA_VCCINT 0.000000 1.093750 0.000000
14329 267 FPGA_VCCAUX 0.000000 3.281250 0.000000 FPGA_VCCINT 0.000000 1.093750 0.000000
14380 268 FPGA_VCCAUX 0.000000 3.281250 0.000000 FPGA_VCCINT 0.000000 1.093750 0.000000
14435 269 FPGA_VCCAUX 0.000000 3.281250 0.000000 FPGA_VCCINT 0.000000 1.093750 0.000000
14487 270 FPGA_VCCAUX 0.000000 3.281250 0.000000 FPGA_VCCINT 0.000000 1.093750 0.000000
14539 271 FPGA_VCCAUX 0.000000 3.281250 0.000000 FPGA_VCCINT 0.000000 1.093750 0.000000
14591 272 FPGA_VCCAUX 0.000000 3.281250 0.000000 FPGA_VCCINT 0.000000 1.093750 0.000000
14642 273 FPGA_VCCAUX 0.000000 3.281250 0.000000 FPGA_VCCINT 0.000000 1.093750 0.000000
14697 274 FPGA_VCCAUX 0.000000 3.281250 0.000000 FPGA_VCCINT 0.000000 1.093750 0.000000
14749 275 FPGA_VCCAUX 0.000000 3.281250 0.000000 FPGA_VCCINT 0.000000 1.093750 0.000000
14800 276 FPGA_VCCAUX 0.000000 3.281250 0.000000 FPGA_VCCINT 0.000000 1.093750 0.000000
14852 277 FPGA_VCCAUX 0.000000 3.281250 0.000000 FPGA_VCCINT 0.000000 1.093750 0.000000
14907 278 FPGA_VCCAUX 0.000000 3.281250 0.000000 FPGA_VCCINT 0.000000 1.093750 0.000000
14958 279 FPGA_VCCAUX 0.000000 3.281250 0.000000 FPGA_VCCINT 0.000000 1.093750 0.000000
15010 280 FPGA_VCCAUX 0.000000 3.281250 0.000000 FPGA_VCCINT 0.000000 1.093750 0.000000
15065 281 FPGA_VCCAUX 0.000000 3.281250 0.000000 FPGA_VCCINT 0.000000 1.093750 0.000000
15116 282 FPGA_VCCAUX 0.000000 3.281250 0.000000 FPGA_VCCINT 0.000000 1.093750 0.000000
15168 283 FPGA_VCCAUX 0.000000 3.281250 0.000000 FPGA_VCCINT 0.000000 1.093750 0.000000
15220 284 FPGA_VCCAUX 0.000000 3.281250 0.000000 FPGA_VCCINT 0.000000 1.093750 0.000000
15272 285 FPGA_VCCAUX 0.000000 3.281250 0.000000 FPGA_VCCINT 0.000000 1.093750 0.000000
15326 286 FPGA_VCCAUX 0.000000 3.281250 0.000000 FPGA_VCCINT 0.000000 1.093750 0.000000
15378 287 FPGA_VCCAUX 0.000000 3.281250 0.000000 FPGA_VCCINT 0.000000 1.093750 0.000000
15430 288 FPGA_VCCAUX 0.000000 3.281250 0.000000 FPGA_VCCINT 0.000000 1.093750 0.000000
15482 289 FPGA_VCCAUX 0.000000 3.281250 0.000000 FPGA_VCCINT 0.000000 1.093750 0.000000
15536 290 FPGA_VCCAUX 0.000000 3.281250 0.000000 FPGA_VCCINT 0.000000 1.093750 0.000000
15588 291 