1 USB_VCC -0.057143 4.843750 0.271401 MON_VCC 0.012002 3.281250 0.038614
2 USB_VCC -0.058201 4.843750 0.276427 MON_VCC 0.012002 3.281250 0.038614
3 USB_VCC -0.058201 4.843750 0.276427 MON_VCC 0.012002 3.281250 0.038614
4 USB_VCC -0.058201 4.843750 0.276427 MON_VCC 0.012002 3.281250 0.038614
5 USB_VCC -0.058201 4.843750 0.276427 MON_VCC 0.012002 3.281250 0.038614
6 USB_VCC -0.058201 4.843750 0.276427 MON_VCC 0.012195 3.281250 0.039237
7 USB_VCC -0.058201 4.843750 0.276427 MON_VCC 0.012002 3.281250 0.038614
8 USB_VCC -0.058201 5.000000 0.285344 MON_VCC 0.012195 3.281250 0.039237
9 USB_VCC -0.058201 4.843750 0.276427 MON_VCC 0.012195 3.281250 0.039237
10 USB_VCC -0.058201 5.000000 0.285344 MON_VCC 0.012195 3.281250 0.039237
11 USB_VCC -0.058201 4.843750 0.276427 MON_VCC 0.012195 3.281250 0.039237
12 USB_VCC -0.058201 5.000000 0.285344 MON_VCC 0.012195 3.281250 0.039237
13 USB_VCC -0.058201 4.843750 0.276427 MON_VCC 0.012195 3.281250 0.039237
14 USB_VCC -0.058201 4.843750 0.276427 MON_VCC 0.012195 3.281250 0.039237
15 USB_VCC -0.058201 4.843750 0.276427 MON_VCC 0.012195 3.281250 0.039237
16 USB_VCC -0.058201 4.843750 0.276427 MON_VCC 0.012195 3.281250 0.039237
17 USB_VCC -0.058201 4.843750 0.276427 MON_VCC 0.012195 3.281250 0.039237
18 USB_VCC -0.058201 4.843750 0.276427 MON_VCC 0.012195 3.281250 0.039237
19 USB_VCC -0.058201 5.000000 0.285344 MON_VCC 0.012195 3.281250 0.039237
20 USB_VCC -0.058201 5.000000 0.285344 MON_VCC 0.012195 3.281250 0.039237
21 USB_VCC -0.058201 4.843750 0.276427 MON_VCC 0.012195 3.281250 0.039237
22 USB_VCC -0.058201 4.843750 0.276427 MON_VCC 0.012195 3.281250 0.039237
23 USB_VCC -0.058201 4.843750 0.276427 MON_VCC 0.012195 3.281250 0.039237
24 USB_VCC -0.058201 4.843750 0.276427 MON_VCC 0.012195 3.281250 0.039237
25 USB_VCC -0.058201 5.000000 0.285344 MON_VCC 0.012195 3.281250 0.039237
26 USB_VCC -0.058201 5.000000 0.285344 MON_VCC 0.012195 3.281250 0.039237
27 USB_VCC -0.058201 5.000000 0.285344 MON_VCC 0.012195 3.281250 0.039237
28 USB_VCC -0.058201 5.000000 0.285344 MON_VCC 0.012195 3.281250 0.039237
29 USB_VCC -0.058201 4.843750 0.276427 MON_VCC 0.012195 3.281250 0.039237
30 USB_VCC -0.058201 4.843750 0.276427 MON_VCC 0.012195 3.281250 0.039237
31 USB_VCC -0.058201 4.843750 0.276427 MON_VCC 0.012195 3.281250 0.039237
32 USB_VCC -0.058201 5.000000 0.285344 MON_VCC 0.012195 3.281250 0.039237
33 USB_VCC -0.059259 5.000000 0.290532 MON_VCC 0.012195 3.281250 0.039237
34 USB_VCC -0.058201 5.000000 0.285344 MON_VCC 0.012195 3.281250 0.039237
35 USB_VCC -0.058201 4.843750 0.276427 MON_VCC 0.012195 3.281250 0.039237
36 USB_VCC -0.059259 4.843750 0.281453 MON_VCC 0.012195 3.281250 0.039237
37 USB_VCC -0.058201 4.843750 0.276427 MON_VCC 0.012195 3.281250 0.039237
38 USB_VCC -0.058201 5.000000 0.285344 MON_VCC 0.012195 3.281250 0.039237
39 USB_VCC -0.058201 4.843750 0.276427 MON_VCC 0.012195 3.281250 0.039237
40 USB_VCC -0.058201 4.843750 0.276427 MON_VCC 0.012195 3.281250 0.039237
41 USB_VCC -0.058201 5.000000 0.285344 MON_VCC 0.012195 3.281250 0.039237
42 USB_VCC -0.058201 5.000000 0.285344 MON_VCC 0.012195 3.281250 0.039237
43 USB_VCC -0.058201 5.000000 0.285344 MON_VCC 0.012195 3.281250 0.039237
44 USB_VCC -0.058201 4.843750 0.276427 MON_VCC 0.012195 3.281250 0.039237
45 USB_VCC -0.058201 5.000000 0.285344 MON_VCC 0.012195 3.281250 0.039237
46 USB_VCC -0.058201 5.000000 0.285344 MON_VCC 0.012195 3.281250 0.039237
47 USB_VCC -0.058201 4.843750 0.276427 MON_VCC 0.012195 3.281250 0.039237
48 USB_VCC -0.058201 5.000000 0.285344 MON_VCC 0.012195 3.281250 0.039237
49 USB_VCC -0.058201 4.843750 0.276427 MON_VCC 0.012195 3.281250 0.039237
50 USB_VCC -0.058201 4.843750 0.276427 MON_VCC 0.012195 3.281250 0.039237
51 USB_VCC -0.058201 4.843750 0.276427 MON_VCC 0.012195 3.281250 0.039237
52 USB_VCC -0.058201 5.000000 0.285344 MON_VCC 0.012195 3.281250 0.039237
53 USB_VCC -0.058201 4.843750 0.276427 MON_VCC 0.012195 3.281250 0.039237
54 USB_VCC -0.058201 4.843750 0.276427 MON_VCC 0.012195 3.281250 0.039237
55 USB_VCC -0.058201 4.843750 0.276427 MON_VCC 0.012195 3.281250 0.039237
56 USB_VCC -0.058201 4.843750 0.276427 MON_VCC 0.012002 3.281250 0.038614
57 USB_VCC -0.059259 5.000000 0.290532 MON_VCC 0.012195 3.281250 0.039237
58 USB_VCC -0.058201 4.843750 0.276427 MON_VCC 0.012195 3.281250 0.039237
59 USB_VCC -0.058201 4.843750 0.276427 MON_VCC 0.012195 3.281250 0.039237
60 USB_VCC -0.058201 4.843750 0.276427 MON_VCC 0.012195 3.281250 0.039237
61 USB_VCC -0.058201 5.000000 0.285344 MON_VCC 0.012195 3.281250 0.039237
62 USB_VCC -0.058201 4.843750 0.276427 MON_VCC 0.012195 3.281250 0.039237
63 USB_VCC -0.058201 5.000000 0.285344 MON_VCC 0.012195 3.281250 0.039237
64 USB_VCC -0.058201 4.843750 0.276427 MON_VCC 0.012195 3.281250 0.039837
65 USB_VCC -0.058201 5.000000 0.285344 MON_VCC 0.012195 3.281250 0.039837
66 USB_VCC -0.058201 4.843750 0.276427 MON_VCC 0.012195 3.281250 0.039837
67 USB_VCC -0.058201 4.843750 0.276427 MON_VCC 0.012195 3.281250 0.039837
68 USB_VCC -0.058201 4.843750 0.276427 MON_VCC 0.012195 3.281250 0.039837
69 USB_VCC -0.058201 5.000000 0.285344 MON_VCC 0.012195 3.281250 0.039837
70 USB_VCC -0.058201 5.000000 0.285344 MON_VCC 0.012195 3.281250 0.039237
71 USB_VCC -0.058201 4.843750 0.276427 MON_VCC 0.012195 3.281250 0.039237
72 USB_VCC -0.058201 5.000000 0.285344 MON_VCC 0.012195 3.281250 0.039237
73 USB_VCC -0.058201 4.843750 0.276427 MON_VCC 0.012195 3.281250 0.039237
74 USB_VCC -0.058201 4.843750 0.276427 MON_VCC 0.012195 3.281250 0.039237
75 USB_VCC -0.058201 5.000000 0.285344 MON_VCC 0.012195 3.281250 0.039237
76 USB_VCC -0.058201 5.000000 0.285344 MON_VCC 0.012195 3.281250 0.039237
77 USB_VCC -0.058201 4.843750 0.276427 MON_VCC 0.012195 3.281250 0.039237
78 USB_VCC -0.058201 4.843750 0.276427 MON_VCC 0.012195 3.281250 0.039237
79 USB_VCC -0.058201 5.000000 0.285344 MON_VCC 0.012002 3.281250 0.038614
80 USB_VCC -0.058201 4.843750 0.276427 MON_VCC 0.012002 3.281250 0.038614
81 USB_VCC -0.058201 4.843750 0.276427 MON_VCC 0.012002 3.281250 0.038614
82 USB_VCC -0.058201 5.000000 0.285344 MON_VCC 0.012002 3.281250 0.038614
83 USB_VCC -0.058201 4.843750 0.276427 MON_VCC 0.012002 3.281250 0.038614
84 USB_VCC -0.058201 4.843750 0.276427 MON_VCC 0.012002 3.281250 0.038614
85 USB_VCC -0.058201 4.843750 0.276427 MON_VCC 0.012002 3.281250 0.038614
86 USB_VCC -0.058201 4.843750 0.276427 MON_VCC 0.012002 3.281250 0.038614
87 USB_VCC -0.058201 5.000000 0.285344 MON_VCC 0.012002 3.281250 0.038614
88 USB_VCC -0.058201 5.000000 0.285344 MON_VCC 0.012002 3.281250 0.038614
89 USB_VCC -0.058201 4.843750 0.276427 MON_VCC 0.012002 3.281250 0.038614
90 USB_VCC -0.058201 4.843750 0.276427 MON_VCC 0.012002 3.281250 0.038614
91 USB_VCC -0.058201 5.000000 0.285344 MON_VCC 0.012002 3.281250 0.038614
92 USB_VCC -0.058201 5.000000 0.285344 MON_VCC 0.012002 3.281250 0.038614
93 USB_VCC -0.058201 4.843750 0.276427 MON_VCC 0.012002 3.281250 0.038614
94 USB_VCC -0.058201 5.000000 0.285344 MON_VCC 0.012002 3.281250 0.038614
95 USB_VCC -0.058201 5.000000 0.285344 MON_VCC 0.012002 3.281250 0.038614
96 USB_VCC -0.058201 5.000000 0.285344 MON_VCC 0.012002 3.281250 0.038614
97 USB_VCC -0.058201 4.843750 0.276427 MON_VCC 0.012002 3.281250 0.038614
98 USB_VCC -0.059259 5.000000 0.290532 MON_VCC 0.012002 3.281250 0.038614
99 USB_VCC -0.058201 4.843750 0.276427 MON_VCC 0.012002 3.281250 0.038614
100 USB_VCC -0.058201 5.000000 0.285344 MON_VCC 0.012002 3.281250 0.038614
101 USB_VCC -0.058201 4.843750 0.276427 MON_VCC 0.012002 3.281250 0.038614
102 USB_VCC -0.058201 5.000000 0.285344 MON_VCC 0.012002 3.281250 0.038614
103 USB_VCC -0.058201 5.000000 0.285344 MON_VCC 0.012002 3.281250 0.038614
104 USB_VCC -0.058201 5.000000 0.285344 MON_VCC 0.012002 3.281250 0.038614
105 USB_VCC -0.059259 4.843750 0.281453 MON_VCC 0.012002 3.281250 0.038614
106 USB_VCC -0.058201 5.000000 0.285344 MON_VCC 0.012002 3.281250 0.038614
107 USB_VCC -0.058201 5.000000 0.285344 MON_VCC 0.012002 3.281250 0.038614
108 USB_VCC -0.058201 4.843750 0.276427 MON_VCC 0.012002 3.281250 0.038614
109 USB_VCC -0.058201 4.843750 0.276427 MON_VCC 0.012002 3.281250 0.038614
110 USB_VCC -0.058201 5.000000 0.285344 MON_VCC 0.012002 3.281250 0.038614
111 USB_VCC -0.058201 5.000000 0.285344 MON_VCC 0.012002 3.281250 0.038614
112 USB_VCC -0.058201 5.000000 0.285344 MON_VCC 0.012002 3.281250 0.038614
113 USB_VCC -0.058201 5.000000 0.285344 MON_VCC 0.012195 3.281250 0.039237
114 USB_VCC -0.058201 5.000000 0.285344 MON_VCC 0.012195 3.281250 0.039237
115 USB_VCC -0.058201 5.000000 0.285344 MON_VCC 0.012195 3.281250 0.039237
116 USB_VCC -0.059259 4.843750 0.281453 MON_VCC 0.012195 3.281250 0.039237
117 USB_VCC -0.058201 5.000000 0.285344 MON_VCC 0.012195 3.281250 0.039237
118 USB_VCC -0.058201 5.000000 0.285344 MON_VCC 0.012195 3.281250 0.039237
119 USB_VCC -0.058201 5.000000 0.285344 MON_VCC 0.012195 3.281250 0.039237
120 USB_VCC -0.058201 4.843750 0.276427 MON_VCC 0.012195 3.281250 0.039237
121 USB_VCC -0.058201 5.000000 0.285344 MON_VCC 0.012195 3.281250 0.039237
122 USB_VCC -0.059259 5.000000 0.290532 MON_VCC 0.012195 3.281250 0.039837
123 USB_VCC -0.058201 4.843750 0.276427 MON_VCC 0.012195 3.281250 0.039837
124 USB_VCC -0.058201 5.000000 0.285344 MON_VCC 0.012195 3.281250 0.039837
125 USB_VCC -0.058201 5.000000 0.285344 MON_VCC 0.012195 3.281250 0.039837
126 USB_VCC -0.059259 5.000000 0.290532 MON_VCC 0.012195 3.281250 0.039837
127 USB_VCC -0.058201 5.000000 0.285344 MON_VCC 0.012195 3.281250 0.039837
128 USB_VCC -0.058201 5.000000 0.285344 MON_VCC 0.012195 3.281250 0.039837
129 USB_VCC -0.058201 4.843750 0.276427 MON_VCC 0.012195 3.281250 0.039837
130 USB_VCC -0.058201 5.000000 0.285344 MON_VCC 0.012195 3.281250 0.039837
131 USB_VCC -0.058201 4.843750 0.276427 MON_VCC 0.012195 3.281250 0.039237
132 USB_VCC -0.058201 5.000000 0.285344 MON_VCC 0.012195 3.281250 0.039837
133 USB_VCC -0.058201 5.000000 0.285344 MON_VCC 0.012195 3.281250 0.039237
134 USB_VCC -0.058201 5.000000 0.285344 MON_VCC 0.012195 3.281250 0.039237
135 USB_VCC -0.058201 4.843750 0.276427 MON_VCC 0.012002 3.281250 0.038614
136 USB_VCC -0.058201 5.000000 0.285344 MON_VCC 0.012002 3.281250 0.038614
137 USB_VCC -0.058201 4.843750 0.276427 MON_VCC 0.012002 3.281250 0.038614
138 USB_VCC -0.058201 4.843750 0.276427 MON_VCC 0.012002 3.281250 0.038614
139 USB_VCC -0.058201 5.000000 0.285344 MON_VCC 0.012002 3.281250 0.038614
140 USB_VCC -0.058201 5.000000 0.285344 MON_VCC 0.012002 3.281250 0.038614
141 USB_VCC -0.058201 4.843750 0.276427 MON_VCC 0.012002 3.281250 0.038614
142 USB_VCC -0.058201 4.843750 0.276427 MON_VCC 0.012002 3.281250 0.038614
143 USB_VCC -0.058201 5.000000 0.285344 MON_VCC 0.012002 3.281250 0.038614
144 USB_VCC -0.058201 5.000000 0.285344 MON_VCC 0.012002 3.281250 0.038614
145 USB_VCC -0.058201 5.000000 0.285344 MON_VCC 0.012002 3.281250 0.038614
146 USB_VCC -0.058201 4.843750 0.276427 MON_VCC 0.012002 3.281250 0.038614
147 USB_VCC -0.058201 4.843750 0.276427 MON_VCC 0.012002 3.281250 0.038614
148 USB_VCC -0.058201 5.000000 0.285344 MON_VCC 0.012002 3.281250 0.038614
149 USB_VCC -0.058201 5.000000 0.285344 MON_VCC 0.012002 3.281250 0.038614
150 USB_VCC -0.058201 4.843750 0.276427 MON_VCC 0.012002 3.281250 0.038614
151 USB_VCC -0.058201 5.000000 0.285344 MON_VCC 0.012002 3.281250 0.038614
152 USB_VCC -0.058201 5.000000 0.285344 MON_VCC 0.012195 3.281250 0.039237
153 USB_VCC -0.058201 4.843750 0.276427 MON_VCC 0.012195 3.281250 0.039237
154 USB_VCC -0.058201 5.000000 0.285344 MON_VCC 0.012195 3.281250 0.039237
155 USB_VCC -0.058201 5.000000 0.285344 MON_VCC 0.012195 3.281250 0.039237
156 USB_VCC -0.058201 5.000000 0.285344 MON_VCC 0.012195 3.281250 0.039237
157 USB_VCC -0.058201 5.000000 0.285344 MON_VCC 0.012195 3.281250 0.039237
158 USB_VCC -0.058201 5.000000 0.285344 MON_VCC 0.012195 3.281250 0.039237
159 USB_VCC -0.058201 4.843750 0.276427 MON_VCC 0.012195 3.281250 0.039237
160 USB_VCC -0.058201 4.843750 0.276427 MON_VCC 0.012195 3.281250 0.039237
161 USB_VCC -0.058201 5.000000 0.285344 MON_VCC 0.012195 3.281250 0.039237
162 USB_VCC -0.058201 4.843750 0.276427 MON_VCC 0.012195 3.281250 0.039237
163 USB_VCC -0.058201 5.000000 0.285344 MON_VCC 0.012195 3.281250 0.039237
164 USB_VCC -0.058201 4.843750 0.276427 MON_VCC 0.012195 3.281250 0.039837
165 USB_VCC -0.058201 5.000000 0.285344 MON_VCC 0.012195 3.281250 0.039837
166 USB_VCC -0.058201 5.000000 0.285344 MON_VCC 0.012195 3.281250 0.039837
167 USB_VCC -0.058201 4.843750 0.276427 MON_VCC 0.012195 3.281250 0.039837
168 USB_VCC -0.058201 5.000000 0.285344 MON_VCC 0.012195 3.281250 0.039837
169 USB_VCC -0.058201 4.843750 0.276427 MON_VCC 0.012195 3.281250 0.039237
170 USB_VCC -0.058201 4.843750 0.276427 MON_VCC 0.012195 3.281250 0.039237
171 USB_VCC -0.058201 5.000000 0.285344 MON_VCC 0.012195 3.281250 0.039237
172 USB_VCC -0.058201 5.000000 0.285344 MON_VCC 0.012195 3.281250 0.039237
173 USB_VCC -0.058201 4.843750 0.276427 MON_VCC 0.012195 3.281250 0.039237
174 USB_VCC -0.058201 4.843750 0.276427 MON_VCC 0.012195 3.281250 0.039237
175 USB_VCC -0.058201 5.000000 0.285344 MON_VCC 0.012195 3.281250 0.039237
176 USB_VCC -0.058201 5.000000 0.285344 MON_VCC 0.012195 3.281250 0.039237
177 USB_VCC -0.058201 5.000000 0.285344 MON_VCC 0.012195 3.281250 0.039237
178 USB_VCC -0.058201 5.000000 0.285344 MON_VCC 0.012195 3.281250 0.039237
179 USB_VCC -0.058201 5.000000 0.285344 MON_VCC 0.012195 3.281250 0.039237
180 USB_VCC -0.058201 5.000000 0.285344 MON_VCC 0.012195 3.281250 0.039237
181 USB_VCC -0.058201 4.843750 0.276427 MON_VCC 0.012002 3.281250 0.038614
182 USB_VCC -0.058201 5.000000 0.285344 MON_VCC 0.012002 3.281250 0.038614
183 USB_VCC -0.058201 5.000000 0.285344 MON_VCC 0.012002 3.281250 0.038614
184 USB_VCC -0.058201 4.843750 0.276427 MON_VCC 0.012002 3.281250 0.038614
185 USB_VCC -0.058201 5.000000 0.285344 MON_VCC 0.012002 3.281250 0.038614
186 USB_VCC -0.058201 4.843750 0.276427 MON_VCC 0.012002 3.281250 0.038614
187 USB_VCC -0.058201 5.000000 0.285344 MON_VCC 0.012002 3.281250 0.038614
188 USB_VCC -0.058201 5.000000 0.285344 MON_VCC 0.012002 3.281250 0.038614
189 USB_VCC -0.058201 5.000000 0.285344 MON_VCC 0.012002 3.281250 0.038614
190 USB_VCC -0.058201 4.843750 0.276427 MON_VCC 0.012002 3.281250 0.038614
191 USB_VCC -0.058201 4.843750 0.276427 MON_VCC 0.012002 3.281250 0.038614
192 USB_VCC -0.058201 4.843750 0.276427 MON_VCC 0.012002 3.281250 0.038614
193 USB_VCC -0.058201 5.000000 0.285344 MON_VCC 0.012002 3.281250 0.038614
194 USB_VCC -0.058201 5.000000 0.285344 MON_VCC 0.012002 3.281250 0.038614
195 USB_VCC -0.058201 5.000000 0.285344 MON_VCC 0.012002 3.281250 0.038614
196 USB_VCC -0.058201 5.000000 0.285344 MON_VCC 0.012002 3.281250 0.038614
197 USB_VCC -0.058201 5.000000 0.285344 MON_VCC 0.012002 3.281250 0.038614
198 USB_VCC -0.059259 4.843750 0.281453 MON_VCC 0.012195 3.281250 0.039237
199 USB_VCC -0.059259 5.000000 0.290532 MON_VCC 0.012195 3.281250 0.039237
200 USB_VCC -0.058201 5.000000 0.285344 MON_VCC 0.012195 3.281250 0.039237
201 USB_VCC -0.058201 4.843750 0.276427 MON_VCC 0.012195 3.281250 0.039237
202 USB_VCC -0.058201 5.000000 0.285344 MON_VCC 0.012195 3.281250 0.039237
203 USB_VCC -0.058201 4.843750 0.276427 MON_VCC 0.012195 3.281250 0.039237
204 USB_VCC -0.058201 4.843750 0.276427 MON_VCC 0.012195 3.281250 0.039237
205 USB_VCC -0.058201 5.000000 0.285344 MON_VCC 0.012195 3.281250 0.039237
206 USB_VCC -0.058201 4.843750 0.276427 MON_VCC 0.012002 3.281250 0.038614
207 USB_VCC -0.058201 5.000000 0.285344 MON_VCC 0.012002 3.281250 0.038614
208 USB_VCC -0.058201 5.000000 0.285344 MON_VCC 0.012002 3.281250 0.038614
209 USB_VCC -0.058201 4.843750 0.276427 MON_VCC 0.012002 3.281250 0.038614
210 USB_VCC -0.058201 4.843750 0.276427 MON_VCC 0.012002 3.281250 0.038614
211 USB_VCC -0.058201 5.000000 0.285344 MON_VCC 0.012002 3.281250 0.038614
212 USB_VCC -0.058201 4.843750 0.276427 MON_VCC 0.012002 3.281250 0.038614
213 USB_VCC -0.058201 4.843750 0.276427 MON_VCC 0.012002 3.281250 0.038614
214 USB_VCC -0.058201 5.000000 0.285344 MON_VCC 0.012002 3.281250 0.038614
215 USB_VCC -0.058201 5.000000 0.285344 MON_VCC 0.012002 3.281250 0.038614
216 USB_VCC -0.058201 5.000000 0.285344 MON_VCC 0.012002 3.281250 0.038614
217 USB_VCC -0.058201 5.000000 0.285344 MON_VCC 0.012002 3.281250 0.038614
218 USB_VCC -0.058201 4.843750 0.276427 MON_VCC 0.012002 3.281250 0.038614
219 USB_VCC -0.058201 4.843750 0.276427 MON_VCC 0.012002 3.281250 0.038614
220 USB_VCC -0.058201 5.000000 0.285344 MON_VCC 0.012002 3.281250 0.038614
221 USB_VCC -0.058201 4.843750 0.276427 MON_VCC 0.012002 3.281250 0.038614
222 USB_VCC -0.058201 5.000000 0.285344 MON_VCC 0.012002 3.281250 0.038614
223 USB_VCC -0.058201 5.000000 0.285344 MON_VCC 0.012002 3.281250 0.038614
224 USB_VCC -0.058201 5.000000 0.285344 MON_VCC 0.012195 3.281250 0.039237
225 USB_VCC -0.058201 4.843750 0.276427 MON_VCC 0.012195 3.281250 0.039237
226 USB_VCC -0.058201 4.843750 0.276427 MON_VCC 0.012002 3.281250 0.038614
227 USB_VCC -0.058201 4.843750 0.276427 MON_VCC 0.012195 3.281250 0.039237
228 USB_VCC -0.058201 5.000000 0.285344 MON_VCC 0.012195 3.281250 0.039237
229 USB_VCC -0.058201 4.843750 0.276427 MON_VCC 0.012195 3.281250 0.039237
230 USB_VCC -0.058201 4.843750 0.276427 MON_VCC 0.012195 3.281250 0.039237
231 USB_VCC -0.058201 4.843750 0.276427 MON_VCC 0.012195 3.281250 0.039237
232 USB_VCC -0.058201 4.843750 0.276427 MON_VCC 0.012002 3.281250 0.038614
233 USB_VCC -0.058201 4.843750 0.276427 MON_VCC 0.012195 3.281250 0.039237
234 USB_VCC -0.058201 5.000000 0.285344 MON_VCC 0.012195 3.281250 0.039237
235 USB_VCC -0.058201 4.843750 0.276427 MON_VCC 0.012002 3.281250 0.038614
236 USB_VCC -0.058201 5.000000 0.285344 MON_VCC 0.012002 3.281250 0.038614
237 USB_VCC -0.058201 5.000000 0.285344 MON_VCC 0.012002 3.281250 0.038614
238 USB_VCC -0.058201 5.000000 0.285344 MON_VCC 0.012002 3.281250 0.038614
239 USB_VCC -0.058201 4.843750 0.276427 MON_VCC 0.012002 3.281250 0.038614
240 USB_VCC -0.058201 5.000000 0.285344 MON_VCC 0.012002 3.281250 0.038614
241 USB_VCC -0.058201 5.000000 0.285344 MON_VCC 0.012002 3.281250 0.038614
242 USB_VCC -0.058201 5.000000 0.285344 MON_VCC 0.012002 3.281250 0.038614
243 USB_VCC -0.058201 5.000000 0.285344 MON_VCC 0.012195 3.281250 0.039237
244 USB_VCC -0.058201 5.000000 0.285344 MON_VCC 0.012195 3.281250 0.039237
245 USB_VCC -0.058201 4.843750 0.276427 MON_VCC 0.012195 3.281250 0.039237
246 USB_VCC -0.058201 5.000000 0.285344 MON_VCC 0.012195 3.281250 0.039237
247 USB_VCC -0.058201 4.843750 0.276427 MON_VCC 0.012195 3.281250 0.039237
248 USB_VCC -0.058201 4.843750 0.276427 MON_VCC 0.012195 3.281250 0.039237
249 USB_VCC -0.058201 5.000000 0.285344 MON_VCC 0.012195 3.281250 0.039237
250 USB_VCC -0.058201 4.843750 0.276427 MON_VCC 0.012195 3.281250 0.039237
251 USB_VCC -0.058201 4.843750 0.276427 MON_VCC 0.012195 3.281250 0.039237
252 USB_VCC -0.058201 5.000000 0.285344 MON_VCC 0.012195 3.281250 0.039237
253 USB_VCC -0.058201 5.000000 0.285344 MON_VCC 0.012195 3.281250 0.039237
254 USB_VCC -0.058201 4.843750 0.276427 MON_VCC 0.012195 3.281250 0.039237
255 USB_VCC -0.058201 4.843750 0.276427 MON_VCC 0.012195 3.281250 0.039237
256 USB_VCC -0.058201 4.843750 0.276427 MON_VCC 0.012195 3.281250 0.039237
257 USB_VCC -0.058201 4.843750 0.276427 MON_VCC 0.012195 3.281250 0.039237
258 USB_VCC -0.058201 5.000000 0.285344 MON_VCC 0.012195 3.281250 0.039237
259 USB_VCC -0.058201 5.000000 0.285344 MON_VCC 0.012195 3.281250 0.039237
260 USB_VCC -0.058201 4.843750 0.276427 MON_VCC 0.012195 3.281250 0.039237
261 USB_VCC -0.058201 5.000000 0.285344 MON_VCC 0.012195 3.281250 0.039237
262 USB_VCC -0.058201 5.000000 0.285344 MON_VCC 0.012195 3.281250 0.039237
263 USB_VCC -0.058201 5.000000 0.285344 MON_VCC 0.012195 3.281250 0.039237
264 USB_VCC -0.058201 4.843750 0.276427 MON_VCC 0.012195 3.281250 0.039237
265 USB_VCC -0.058201 4.843750 0.276427 MON_VCC 0.012195 3.281250 0.039237
266 USB_VCC -0.058201 5.000000 0.285344 MON_VCC 0.012195 3.281250 0.039237
267 USB_VCC -0.058201 5.000000 0.285344 MON_VCC 0.012195 3.281250 0.039237
268 USB_VCC -0.058201 4.843750 0.276427 MON_VCC 0.012195 3.281250 0.039237
269 USB_VCC -0.058201 5.000000 0.285344 MON_VCC 0.012195 3.281250 0.039237
270 USB_VCC -0.058201 5.000000 0.285344 MON_VCC 0.012195 3.281250 0.039237
271 USB_VCC -0.058201 4.843750 0.276427 MON_VCC 0.012195 3.281250 0.039237
272 USB_VCC -0.058201 4.843750 0.276427 MON_VCC 0.012195 3.281250 0.039237
273 USB_VCC -0.058201 5.000000 0.285344 MON_VCC 0.012195 3.281250 0.039237
274 USB_VCC -0.058201 4.843750 0.276427 MON_VCC 0.012195 3.281250 0.039237
275 USB_VCC -0.058201 5.000000 0.285344 MON_VCC 0.012195 3.281250 0.039237
276 USB_VCC -0.058201 5.000000 0.285344 MON_VCC 0.012195 3.281250 0.039237
277 USB_VCC -0.058201 4.843750 0.276427 MON_VCC 0.012195 3.281250 0.039237
278 USB_VCC -0.058201 4.843750 0.276427 MON_VCC 0.012002 3.281250 0.038614
279 USB_VCC -0.058201 5.000000 0.285344 MON_VCC 0.012002 3.281250 0.038614
280 USB_VCC -0.058201 5.000000 0.285344 MON_VCC 0.012002 3.281250 0.038614
281 USB_VCC -0.058201 5.000000 0.285344 MON_VCC 0.012195 3.281250 0.039237
282 USB_VCC -0.058201 5.000000 0.285344 MON_VCC 0.012195 3.281250 0.039237
283 USB_VCC -0.058201 4.843750 0.276427 MON_VCC 0.012195 3.281250 0.039237
284 USB_VCC -0.058201 4.843750 0.276427 MON_VCC 0.012195 3.281250 0.039237
285 USB_VCC -0.058201 5.000000 0.285344 MON_VCC 0.012195 3.281250 0.039237
286 USB_VCC -0.058201 4.843750 0.276427 MON_VCC 0.012195 3.281250 0.039237
287 USB_VCC -0.058201 5.000000 0.285344 MON_VCC 0.012195 3.281250 0.039237
288 USB_VCC -0.058201 5.000000 0.285344 MON_VCC 0.012195 3.281250 0.039237
289 USB_VCC -0.058201 4.843750 0.276427 MON_VCC 0.012195 3.281250 0.039237
290 USB_VCC -0.058201 5.000000 0.285344 MON_VCC 0.012195 3.281250 0.039237
291 USB_VCC -0.058201 5.000000 0.285344 MON_VCC 0.012195 3.281250 0.039237
292 USB_VCC -0.058201 4.843750 0.276427 MON_VCC 0.012195 3.281250 0.039237
293 USB_VCC -0.058201 4.843750 0.276427 MON_VCC 0.012195 3.281250 0.039237
294 USB_VCC -0.058201 5.000000 0.285344 MON_VCC 0.012195 3.281250 0.039237
295 USB_VCC -0.058201 5.000000 0.285344 MON_VCC 0.012195 3.281250 0.039237
296 USB_VCC -0.058201 5.000000 0.285344 MON_VCC 0.012195 3.281250 0.039837
297 USB_VCC -0.058201 5.000000 0.285344 MON_VCC 0.012195 3.281250 0.039237
298 USB_VCC -0.058201 5.000000 0.285344 MON_VCC 0.012195 3.281250 0.039237
299 USB_VCC -0.058201 5.000000 0.285344 MON_VCC 0.012195 3.281250 0.039237
300 USB_VCC -0.058201 5.000000 0.285344 MON_VCC 0.012195 3.281250 0.039837
301 USB_VCC -0.058201 5.000000 0.285344 MON_VCC 0.012195 3.281250 0.039237
302 USB_VCC -0.058201 5.000000 0.285344 MON_VCC 0.012195 3.281250 0.039237
303 USB_VCC -0.058201 5.000000 0.285344 MON_VCC 0.012195 3.281250 0.039237
304 USB_VCC -0.058201 4.843750 0.276427 MON_VCC 0.012195 3.281250 0.039237
305 USB_VCC -0.058201 5.000000 0.285344 MON_VCC 0.012195 3.281250 0.039237
306 USB_VCC -0.058201 5.000000 0.285344 MON_VCC 0.012195 3.281250 0.039237
307 USB_VCC -0.058201 5.000000 0.285344 MON_VCC 0.012195 3.281250 0.039237
308 USB_VCC -0.058201 4.843750 0.276427 MON_VCC 0.012195 3.281250 0.039237
309 USB_VCC -0.058201 5.000000 0.285344 MON_VCC 0.012195 3.281250 0.039237
310 USB_VCC -0.058201 5.000000 0.285344 MON_VCC 0.012195 3.281250 0.039237
311 USB_VCC -0.058201 5.000000 0.285344 MON_VCC 0.012195 3.281250 0.039237
312 USB_VCC -0.059259 4.843750 0.281453 MON_VCC 0.012195 3.281250 0.039237
313 USB_VCC -0.058201 4.843750 0.276427 MON_VCC 0.012195 3.281250 0.039237
314 USB_VCC -0.058201 5.000000 0.285344 MON_VCC 0.012195 3.281250 0.039237
315 USB_VCC -0.058201 5.000000 0.285344 MON_VCC 0.012195 3.281250 0.039237
316 USB_VCC -0.058201 5.000000 0.285344 MON_VCC 0.012195 3.281250 0.039237
317 USB_VCC -0.058201 4.843750 0.276427 MON_VCC 0.012002 3.281250 0.038614
318 USB_VCC -0.058201 4.843750 0.276427 MON_VCC 0.012002 3.281250 0.038614
319 USB_VCC -0.058201 4.843750 0.276427 MON_VCC 0.012002 3.281250 0.038614
320 USB_VCC -0.058201 4.843750 0.276427 MON_VCC 0.012002 3.281250 0.038614
321 USB_VCC -0.058201 4.843750 0.276427 MON_VCC 0.012002 3.281250 0.038614
322 USB_VCC -0.058201 4.843750 0.276427 MON_VCC 0.012002 3.281250 0.038614
323 USB_VCC -0.058201 5.000000 0.285344 MON_VCC 0.012002 3.281250 0.038614
324 USB_VCC -0.058201 5.000000 0.285344 MON_VCC 0.012002 3.281250 0.038614
325 USB_VCC -0.058201 5.000000 0.285344 MON_VCC 0.012002 3.281250 0.038614
326 USB_VCC -0.059259 5.000000 0.290532 MON_VCC 0.012002 3.281250 0.038614
327 USB_VCC -0.058201 4.843750 0.276427 MON_VCC 0.012002 3.281250 0.038614
328 USB_VCC -0.058201 4.843750 0.276427 MON_VCC 0.012002 3.281250 0.038614
329 USB_VCC -0.058201 5.000000 0.285344 MON_VCC 0.012002 3.281250 0.038614
330 USB_VCC -0.058201 5.000000 0.285344 MON_VCC 0.012002 3.281250 0.038614
331 USB_VCC -0.058201 4.843750 0.276427 MON_VCC 0.012002 3.281250 0.038614
332 USB_VCC -0.058201 5.000000 0.285344 MON_VCC 0.012002 3.281250 0.038614
333 USB_VCC -0.058201 4.843750 0.276427 MON_VCC 0.012002 3.281250 0.038614
334 USB_VCC -0.058201 5.000000 0.285344 MON_VCC 0.012002 3.281250 0.038614
335 USB_VCC -0.058201 4.843750 0.276427 MON_VCC 0.012002 3.281250 0.038614
336 USB_VCC -0.058201 4.843750 0.276427 MON_VCC 0.012002 3.281250 0.038614
337 USB_VCC -0.058201 4.843750 0.276427 MON_VCC 0.012002 3.281250 0.038614
338 USB_VCC -0.058201 4.843750 0.276427 MON_VCC 0.012002 3.281250 0.038614
339 USB_VCC -0.058201 4.843750 0.276427 MON_VCC 0.012195 3.281250 0.039237
340 USB_VCC -0.058201 5.000000 0.285344 MON_VCC 0.012195 3.281250 0.039237
341 USB_VCC -0.058201 5.000000 0.285344 MON_VCC 0.012195 3.281250 0.039237
342 USB_VCC -0.059259 5.000000 0.290532 MON_VCC 0.012195 3.281250 0.039237
343 USB_VCC -0.058201 4.843750 0.276427 MON_VCC 0.012195 3.281250 0.039237
344 USB_VCC -0.059259 5.000000 0.290532 MON_VCC 0.012195 3.281250 0.039237
345 USB_VCC -0.058201 5.000000 0.285344 MON_VCC 0.012195 3.281250 0.039237
346 USB_VCC -0.058201 4.843750 0.276427 MON_VCC 0.012195 3.281250 0.039237
347 USB_VCC -0.058201 5.000000 0.285344 MON_VCC 0.012195 3.281250 0.039237
348 USB_VCC -0.058201 5.000000 0.285344 MON_VCC 0.012195 3.281250 0.039237
349 USB_VCC -0.058201 4.843750 0.276427 MON_VCC 0.012195 3.281250 0.039237
350 USB_VCC -0.058201 4.843750 0.276427 MON_VCC 0.012195 3.281250 0.039237
351 USB_VCC -0.058201 4.843750 0.276427 MON_VCC 0.012195 3.281250 0.039237
352 USB_VCC -0.058201 5.000000 0.285344 MON_VCC 0.012195 3.281250 0.039237
353 USB_VCC -0.058201 5.000000 0.285344 MON_VCC 0.012195 3.281250 0.039237
354 USB_VCC -0.058201 4.843750 0.276427 MON_VCC 0.012195 3.281250 0.039237
355 USB_VCC -0.058201 5.000000 0.285344 MON_VCC 0.012195 3.281250 0.039237
356 USB_VCC -0.058201 5.000000 0.285344 MON_VCC 0.012195 3.281250 0.039237
357 USB_VCC -0.058201 4.843750 0.276427 MON_VCC 0.012195 3.281250 0.039237
358 USB_VCC -0.058201 4.843750 0.276427 MON_VCC 0.012195 3.281250 0.039237
359 USB_VCC -0.058201 5.000000 0.285344 MON_VCC 0.012195 3.281250 0.039237
360 USB_VCC -0.058201 5.000000 0.285344 MON_VCC 0.012195 3.281250 0.039237
361 USB_VCC -0.058201 4.843750 0.276427 MON_VCC 0.012195 3.281250 0.039237
362 USB_VCC -0.058201 4.843750 0.276427 MON_VCC 0.012195 3.281250 0.039237
363 USB_VCC -0.058201 4.843750 0.276427 MON_VCC 0.012195 3.281250 0.039237
364 USB_VCC -0.058201 5.000000 0.285344 MON_VCC 0.012195 3.281250 0.039237
365 USB_VCC -0.058201 4.843750 0.276427 MON_VCC 0.012195 3.281250 0.039237
366 USB_VCC -0.058201 5.000000 0.285344 MON_VCC 0.012195 3.281250 0.039237
367 USB_VCC -0.058201 4.843750 0.276427 MON_VCC 0.012195 3.281250 0.039237
368 USB_VCC -0.058201 5.000000 0.285344 MON_VCC 0.012195 3.281250 0.039237
369 USB_VCC -0.058201 5.000000 0.285344 MON_VCC 0.012195 3.281250 0.039237
370 USB_VCC -0.058201 4.843750 0.276427 MON_VCC 0.012195 3.281250 0.039237
371 USB_VCC -0.058201 5.000000 0.285344 MON_VCC 0.012002 3.281250 0.038614
372 USB_VCC -0.058201 5.000000 0.285344 MON_VCC 0.012195 3.281250 0.039237
373 USB_VCC -0.058201 4.843750 0.276427 MON_VCC 0.012002 3.281250 0.038614
374 USB_VCC -0.059259 5.000000 0.290532 MON_VCC 0.012195 3.281250 0.039237
375 USB_VCC -0.058201 4.843750 0.276427 MON_VCC 0.012002 3.281250 0.038614
376 USB_VCC -0.058201 4.843750 0.276427 MON_VCC 0.012002 3.281250 0.038614
377 USB_VCC -0.058201 5.000000 0.285344 MON_VCC 0.012002 3.281250 0.038614
378 USB_VCC -0.058201 5.000000 0.285344 MON_VCC 0.012002 3.281250 0.038614
379 USB_VCC -0.058201 4.843750 0.276427 MON_VCC 0.012002 3.281250 0.038614
380 USB_VCC -0.058201 4.843750 0.276427 MON_VCC 0.012002 3.281250 0.038614
381 USB_VCC -0.058201 4.843750 0.276427 MON_VCC 0.012002 3.281250 0.038614
382 USB_VCC -0.059259 5.000000 0.290532 MON_VCC 0.012195 3.281250 0.039237
383 USB_VCC -0.058201 5.000000 0.285344 MON_VCC 0.012195 3.281250 0.039237
384 USB_VCC -0.058201 4.843750 0.276427 MON_VCC 0.012195 3.281250 0.039237
385 USB_VCC -0.058201 4.843750 0.276427 MON_VCC 0.012195 3.281250 0.039237
386 USB_VCC -0.058201 5.000000 0.285344 MON_VCC 0.012195 3.281250 0.039237
387 USB_VCC -0.058201 4.843750 0.276427 MON_VCC 0.012195 3.281250 0.039237
388 USB_VCC -0.058201 4.843750 0.276427 MON_VCC 0.012195 3.281250 0.039237
389 USB_VCC -0.058201 5.000000 0.285344 MON_VCC 0.012195 3.281250 0.039237
390 USB_VCC -0.058201 5.000000 0.285344 MON_VCC 0.012195 3.281250 0.039237
391 USB_VCC -0.058201 5.000000 0.285344 MON_VCC 0.012195 3.281250 0.039237
392 USB_VCC -0.058201 4.843750 0.276427 MON_VCC 0.012195 3.281250 0.039237
393 USB_VCC -0.058201 4.843750 0.276427 MON_VCC 0.012195 3.281250 0.039237
394 USB_VCC -0.058201 4.843750 0.276427 MON_VCC 0.012195 3.281250 0.039237
395 USB_VCC -0.058201 4.843750 0.276427 MON_VCC 0.012195 3.281250 0.039237
396 USB_VCC -0.058201 5.000000 0.285344 MON_VCC 0.012195 3.281250 0.039237
397 USB_VCC -0.058201 4.843750 0.276427 MON_VCC 0.012195 3.281250 0.039237
398 USB_VCC -0.058201 5.000000 0.285344 MON_VCC 0.012195 3.281250 0.039237
399 USB_VCC -0.058201 5.000000 0.285344 MON_VCC 0.012195 3.281250 0.039237
400 USB_VCC -0.058201 4.843750 0.276427 MON_VCC 0.012195 3.281250 0.039237
401 USB_VCC -0.058201 5.000000 0.285344 MON_VCC 0.012195 3.281250 0.039237
402 USB_VCC -0.058201 5.000000 0.285344 MON_VCC 0.012195 3.281250 0.039237
403 USB_VCC -0.058201 5.000000 0.285344 MON_VCC 0.012195 3.281250 0.039237
404 USB_VCC -0.058201 5.000000 0.285344 MON_VCC 0.012195 3.281250 0.039237
405 USB_VCC -0.058201 4.843750 0.276427 MON_VCC 0.012195 3.281250 0.039237
406 USB_VCC -0.058201 5.000000 0.285344 MON_VCC 0.012195 3.281250 0.039237
407 USB_VCC -0.058201 4.843750 0.276427 MON_VCC 0.012195 3.281250 0.039237
408 USB_VCC -0.058201 4.843750 0.276427 MON_VCC 0.012195 3.281250 0.039237
409 USB_VCC -0.058201 5.000000 0.285344 MON_VCC 0.012195 3.281250 0.039237
410 USB_VCC -0.058201 5.000000 0.285344 MON_VCC 0.012195 3.281250 0.039237
411 USB_VCC -0.058201 4.843750 0.276427 MON_VCC 0.012195 3.281250 0.039237
412 USB_VCC -0.058201 5.000000 0.285344 MON_VCC 0.012195 3.281250 0.039237
413 USB_VCC -0.058201 5.000000 0.285344 MON_VCC 0.012195 3.281250 0.039237
414 USB_VCC -0.058201 5.000000 0.285344 MON_VCC 0.012195 3.281250 0.039237
415 USB_VCC -0.058201 5.000000 0.285344 MON_VCC 0.012195 3.281250 0.039237
416 USB_VCC -0.058201 5.000000 0.285344 MON_VCC 0.012195 3.281250 0.039237
417 USB_VCC -0.058201 5.000000 0.285344 MON_VCC 0.012002 3.281250 0.038614
418 USB_VCC -0.058201 5.000000 0.285344 MON_VCC 0.012002 3.281250 0.038614
419 USB_VCC -0.058201 5.000000 0.285344 MON_VCC 0.012002 3.281250 0.038614
420 USB_VCC -0.058201 5.000000 0.285344 MON_VCC 0.012002 3.281250 0.038614
421 USB_VCC -0.058201 4.843750 0.276427 MON_VCC 0.012002 3.281250 0.038614
422 USB_VCC -0.058201 5.000000 0.285344 MON_VCC 0.012002 3.281250 0.038614
423 USB_VCC -0.058201 4.843750 0.276427 MON_VCC 0.012195 3.281250 0.039237
424 USB_VCC -0.058201 5.000000 0.285344 MON_VCC 0.012195 3.281250 0.039237
425 USB_VCC -0.058201 4.843750 0.276427 MON_VCC 0.012195 3.281250 0.039237
426 USB_VCC -0.058201 5.000000 0.285344 MON_VCC 0.012195 3.281250 0.039237
427 USB_VCC -0.058201 5.000000 0.285344 MON_VCC 0.012195 3.281250 0.039237
428 USB_VCC -0.058201 4.843750 0.276427 MON_VCC 0.012195 3.281250 0.039237
429 USB_VCC -0.058201 5.000000 0.285344 MON_VCC 0.012195 3.281250 0.039237
