13 1 FPGA_VCCAUX 0.009546 3.320313 0.031604 FPGA_VCCINT 0.005346 1.191406 0.006309
199 2 FPGA_VCCAUX 0.009355 3.320313 0.030950 FPGA_VCCINT 0.005346 1.191406 0.006309
524 3 FPGA_VCCAUX 0.009546 3.320313 0.031604 FPGA_VCCINT 0.005346 1.191406 0.006309
849 4 FPGA_VCCAUX 0.009546 3.320313 0.031604 FPGA_VCCINT 0.005537 1.191406 0.006547
1175 5 FPGA_VCCAUX 0.009355 3.320313 0.030950 FPGA_VCCINT 0.005346 1.191406 0.006309
1498 6 FPGA_VCCAUX 0.009355 3.320313 0.030950 FPGA_VCCINT 0.005346 1.191406 0.006309
1823 7 FPGA_VCCAUX 0.017947 3.300781 0.059042 FPGA_VCCINT 0.005728 1.191406 0.006785
2149 8 FPGA_VCCAUX 0.051549 3.300781 0.169687 FPGA_VCCINT 0.006682 1.191406 0.007916
2473 9 FPGA_VCCAUX 0.051549 3.300781 0.169687 FPGA_VCCINT 0.006682 1.191406 0.007916
2799 10 FPGA_VCCAUX 0.051549 3.300781 0.169687 FPGA_VCCINT 0.006682 1.191406 0.007916
3122 11 FPGA_VCCAUX 0.051549 3.300781 0.169687 FPGA_VCCINT 0.006682 1.191406 0.007916
3449 12 FPGA_VCCAUX 0.051549 3.300781 0.169687 FPGA_VCCINT 0.006682 1.191406 0.007916
3772 13 FPGA_VCCAUX 0.051549 3.300781 0.169687 FPGA_VCCINT 0.006682 1.191406 0.007916
4098 14 FPGA_VCCAUX 0.051549 3.300781 0.169687 FPGA_VCCINT 0.006682 1.191406 0.007916
4425 15 FPGA_VCCAUX 0.051549 3.300781 0.169687 FPGA_VCCINT 0.006682 1.191406 0.007916
4748 16 FPGA_VCCAUX 0.051549 3.300781 0.169687 FPGA_VCCINT 0.006682 1.191406 0.007916
5075 17 FPGA_VCCAUX 0.051549 3.300781 0.169687 FPGA_VCCINT 0.006682 1.191406 0.007916
5398 18 FPGA_VCCAUX 0.051549 3.300781 0.169687 FPGA_VCCINT 0.006682 1.191406 0.007916
5722 19 FPGA_VCCAUX 0.051549 3.300781 0.169687 FPGA_VCCINT 0.006682 1.191406 0.007916
6048 20 FPGA_VCCAUX 0.051549 3.300781 0.169687 FPGA_VCCINT 0.006682 1.191406 0.007916
6374 21 FPGA_VCCAUX 0.051549 3.300781 0.169687 FPGA_VCCINT 0.006682 1.191406 0.007916
6698 22 FPGA_VCCAUX 0.051549 3.300781 0.169687 FPGA_VCCINT 0.006682 1.191406 0.007916
7025 23 FPGA_VCCAUX 0.051549 3.300781 0.169687 FPGA_VCCINT 0.006682 1.191406 0.007916
7511 24 FPGA_VCCAUX 0.051549 3.300781 0.169687 FPGA_VCCINT 0.006682 1.191406 0.007916
7837 25 FPGA_VCCAUX 0.051549 3.300781 0.169687 FPGA_VCCINT 0.006682 1.191406 0.007916
8161 26 FPGA_VCCAUX 0.051549 3.300781 0.169687 FPGA_VCCINT 0.006682 1.191406 0.007916
8487 27 FPGA_VCCAUX 0.051549 3.300781 0.169687 FPGA_VCCINT 0.006682 1.191406 0.007916
8811 28 FPGA_VCCAUX 0.051549 3.300781 0.169687 FPGA_VCCINT 0.006682 1.191406 0.007916
9137 29 FPGA_VCCAUX 0.051549 3.300781 0.169687 FPGA_VCCINT 0.006682 1.191406 0.007916
9460 30 FPGA_VCCAUX 0.051549 3.300781 0.169687 FPGA_VCCINT 0.006682 1.191406 0.007916
9787 31 FPGA_VCCAUX 0.051549 3.300781 0.169687 FPGA_VCCINT 0.006682 1.191406 0.007916
10113 32 FPGA_VCCAUX 0.051549 3.300781 0.169687 FPGA_VCCINT 0.006682 1.191406 0.007916
10437 33 FPGA_VCCAUX 0.051549 3.300781 0.169687 FPGA_VCCINT 0.006682 1.191406 0.007916
10763 34 FPGA_VCCAUX 0.051549 3.300781 0.169687 FPGA_VCCINT 0.006682 1.191406 0.007916
11087 35 FPGA_VCCAUX 0.051549 3.300781 0.169687 FPGA_VCCINT 0.006682 1.191406 0.007916
11411 36 FPGA_VCCAUX 0.051549 3.300781 0.169687 FPGA_VCCINT 0.006682 1.191406 0.007916
11738 37 FPGA_VCCAUX 0.051549 3.300781 0.169687 FPGA_VCCINT 0.006873 1.191406 0.008154
12062 38 FPGA_VCCAUX 0.051549 3.300781 0.169687 FPGA_VCCINT 0.006682 1.191406 0.007916
12388 39 FPGA_VCCAUX 0.051549 3.300781 0.169687 FPGA_VCCINT 0.006682 1.191406 0.007916
12712 40 FPGA_VCCAUX 0.051549 3.300781 0.169687 FPGA_VCCINT 0.006682 1.191406 0.007916
13036 41 FPGA_VCCAUX 0.051549 3.300781 0.169687 FPGA_VCCINT 0.006682 1.191406 0.007916
13362 42 FPGA_VCCAUX 0.051549 3.300781 0.169687 FPGA_VCCINT 0.006682 1.191406 0.007916
13686 43 FPGA_VCCAUX 0.051549 3.300781 0.169687 FPGA_VCCINT 0.006682 1.191406 0.007916
14013 44 FPGA_VCCAUX 0.051549 3.300781 0.169687 FPGA_VCCINT 0.006682 1.191406 0.007916
14337 45 FPGA_VCCAUX 0.051549 3.300781 0.169687 FPGA_VCCINT 0.006873 1.191406 0.008154
14663 46 FPGA_VCCAUX 0.051549 3.300781 0.169687 FPGA_VCCINT 0.006682 1.191406 0.007916
15150 47 FPGA_VCCAUX 0.051549 3.300781 0.169687 FPGA_VCCINT 0.006682 1.191406 0.007916
15474 48 FPGA_VCCAUX 0.051549 3.300781 0.169687 FPGA_VCCINT 0.006873 1.191406 0.008154
