FPGA_VCCINT_MON 1 FPGA_VCCAUX_MON 0.012195 3.281250 0.039837 FPGA_VCCINT_MON 0.006001 1.093750 0.006436
2 FPGA_VCCAUX_MON 0.012195 3.281250 0.039837 FPGA_VCCINT_MON 0.006001 1.093750 0.006436
3 FPGA_VCCAUX_MON 0.012195 3.281250 0.039837 FPGA_VCCINT_MON 0.006001 1.093750 0.006436
4 FPGA_VCCAUX_MON 0.012195 3.281250 0.039837 FPGA_VCCINT_MON 0.006001 1.093750 0.006436
5 FPGA_VCCAUX_MON 0.012195 3.281250 0.039837 FPGA_VCCINT_MON 0.006001 1.093750 0.006436
6 FPGA_VCCAUX_MON 0.012195 3.281250 0.039837 FPGA_VCCINT_MON 0.006001 1.093750 0.006436
7 FPGA_VCCAUX_MON 0.012195 3.281250 0.039837 FPGA_VCCINT_MON 0.006001 1.093750 0.006436
8 FPGA_VCCAUX_MON 0.012195 3.281250 0.039837 FPGA_VCCINT_MON 0.006001 1.093750 0.006436
9 FPGA_VCCAUX_MON 0.012195 3.281250 0.039837 FPGA_VCCINT_MON 0.006001 1.093750 0.006436
10 FPGA_VCCAUX_MON 0.012195 3.281250 0.039837 FPGA_VCCINT_MON 0.006001 1.093750 0.006436
11 FPGA_VCCAUX_MON 0.012195 3.281250 0.039837 FPGA_VCCINT_MON 0.006001 1.093750 0.006436
12 FPGA_VCCAUX_MON 0.012195 3.281250 0.039837 FPGA_VCCINT_MON 0.006001 1.093750 0.006436
13 FPGA_VCCAUX_MON 0.012195 3.281250 0.039837 FPGA_VCCINT_MON 0.006001 1.093750 0.006436
14 FPGA_VCCAUX_MON 0.012195 3.281250 0.039837 FPGA_VCCINT_MON 0.006001 1.093750 0.006436
15 FPGA_VCCAUX_MON 0.012195 3.281250 0.039837 FPGA_VCCINT_MON 0.006001 1.093750 0.006436
16 FPGA_VCCAUX_MON 0.012195 3.281250 0.039837 FPGA_VCCINT_MON 0.006001 1.093750 0.006436
17 FPGA_VCCAUX_MON 0.012195 3.281250 0.039837 FPGA_VCCINT_MON 0.006001 1.093750 0.006436
18 FPGA_VCCAUX_MON 0.012195 3.281250 0.039837 FPGA_VCCINT_MON 0.006001 1.093750 0.006436
19 FPGA_VCCAUX_MON 0.012195 3.281250 0.039837 FPGA_VCCINT_MON 0.006001 1.093750 0.006436
20 FPGA_VCCAUX_MON 0.012195 3.281250 0.039837 FPGA_VCCINT_MON 0.006001 1.093750 0.006436
21 FPGA_VCCAUX_MON 0.012195 3.281250 0.039837 FPGA_VCCINT_MON 0.006001 1.093750 0.006436
22 FPGA_VCCAUX_MON 0.012195 3.281250 0.039837 FPGA_VCCINT_MON 0.006001 1.093750 0.006436
23 FPGA_VCCAUX_MON 0.012195 3.281250 0.039837 FPGA_VCCINT_MON 0.006001 1.093750 0.006436
24 FPGA_VCCAUX_MON 0.012195 3.281250 0.039837 FPGA_VCCINT_MON 0.006001 1.093750 0.006436
25 FPGA_VCCAUX_MON 0.012195 3.281250 0.039837 FPGA_VCCINT_MON 0.006001 1.093750 0.006436
26 FPGA_VCCAUX_MON 0.012195 3.281250 0.039837 FPGA_VCCINT_MON 0.006001 1.093750 0.006436
27 FPGA_VCCAUX_MON 0.012195 3.281250 0.039837 FPGA_VCCINT_MON 0.006001 1.093750 0.006436
28 FPGA_VCCAUX_MON 0.012195 3.281250 0.039837 FPGA_VCCINT_MON 0.006001 1.093750 0.006436
29 FPGA_VCCAUX_MON 0.012195 3.281250 0.039837 FPGA_VCCINT_MON 0.006001 1.093750 0.006436
30 FPGA_VCCAUX_MON 0.012195 3.281250 0.039837 FPGA_VCCINT_MON 0.006001 1.093750 0.006436
31 FPGA_VCCAUX_MON 0.012195 3.281250 0.039837 FPGA_VCCINT_MON 0.006001 1.093750 0.006436
32 FPGA_VCCAUX_MON 0.012195 3.281250 0.039837 FPGA_VCCINT_MON 0.006001 1.093750 0.006436
33 FPGA_VCCAUX_MON 0.012195 3.281250 0.039837 FPGA_VCCINT_MON 0.006001 1.093750 0.006436
34 FPGA_VCCAUX_MON 0.012195 3.281250 0.039837 FPGA_VCCINT_MON 0.006001 1.093750 0.006436
35 FPGA_VCCAUX_MON 0.012195 3.281250 0.039837 FPGA_VCCINT_MON 0.006001 1.093750 0.006436
36 FPGA_VCCAUX_MON 0.012195 3.281250 0.039837 FPGA_VCCINT_MON 0.006001 1.093750 0.006436
37 FPGA_VCCAUX_MON 0.012195 3.281250 0.039837 FPGA_VCCINT_MON 0.006001 1.093750 0.006436
38 FPGA_VCCAUX_MON 0.012195 3.281250 0.039837 FPGA_VCCINT_MON 0.006001 1.093750 0.006436
39 FPGA_VCCAUX_MON 0.012195 3.281250 0.039837 FPGA_VCCINT_MON 0.006001 1.093750 0.006436
40 FPGA_VCCAUX_MON 0.012195 3.281250 0.039837 FPGA_VCCINT_MON 0.006001 1.093750 0.006436
41 FPGA_VCCAUX_MON 0.012195 3.281250 0.039837 FPGA_VCCINT_MON 0.006001 1.093750 0.006436
42 FPGA_VCCAUX_MON 0.012195 3.281250 0.039837 FPGA_VCCINT_MON 0.006001 1.093750 0.006436
43 FPGA_VCCAUX_MON 0.012195 3.281250 0.039837 FPGA_VCCINT_MON 0.006001 1.093750 0.006436
44 FPGA_VCCAUX_MON 0.012195 3.281250 0.039837 FPGA_VCCINT_MON 0.006001 1.093750 0.006436
45 FPGA_VCCAUX_MON 0.012195 3.281250 0.039837 FPGA_VCCINT_MON 0.006001 1.093750 0.006436
46 FPGA_VCCAUX_MON 0.012195 3.281250 0.039837 FPGA_VCCINT_MON 0.006001 1.093750 0.006436
47 FPGA_VCCAUX_MON 0.012195 3.281250 0.039837 FPGA_VCCINT_MON 0.006001 1.093750 0.006436
48 FPGA_VCCAUX_MON 0.012195 3.281250 0.039837 FPGA_VCCINT_MON 0.006001 1.093750 0.006436
49 FPGA_VCCAUX_MON 0.012195 3.281250 0.039837 FPGA_VCCINT_MON 0.006001 1.093750 0.006436
50 FPGA_VCCAUX_MON 0.012195 3.281250 0.039837 FPGA_VCCINT_MON 0.006001 1.093750 0.006436
51 FPGA_VCCAUX_MON 0.012195 3.281250 0.039837 FPGA_VCCINT_MON 0.006194 1.093750 0.006643
52 FPGA_VCCAUX_MON 0.012195 3.281250 0.039837 FPGA_VCCINT_MON 0.006001 1.093750 0.006436
53 FPGA_VCCAUX_MON 0.012195 3.281250 0.039837 FPGA_VCCINT_MON 0.006001 1.093750 0.006436
54 FPGA_VCCAUX_MON 0.012195 3.281250 0.039837 FPGA_VCCINT_MON 0.006001 1.093750 0.006436
55 FPGA_VCCAUX_MON 0.012195 3.281250 0.039837 FPGA_VCCINT_MON 0.006001 1.093750 0.006436
56 FPGA_VCCAUX_MON 0.012195 3.281250 0.039837 FPGA_VCCINT_MON 0.006001 1.093750 0.006436
57 FPGA_VCCAUX_MON 0.012195 3.281250 0.039837 FPGA_VCCINT_MON 0.006001 1.093750 0.006436
58 FPGA_VCCAUX_MON 0.012195 3.281250 0.039837 FPGA_VCCINT_MON 0.006001 1.093750 0.006436
59 FPGA_VCCAUX_MON 0.012195 3.281250 0.039837 FPGA_VCCINT_MON 0.006001 1.093750 0.006436
60 FPGA_VCCAUX_MON 0.012195 3.281250 0.039837 FPGA_VCCINT_MON 0.006001 1.093750 0.006436
61 FPGA_VCCAUX_MON 0.012195 3.281250 0.039837 FPGA_VCCINT_MON 0.006001 1.093750 0.006436
62 FPGA_VCCAUX_MON 0.012195 3.281250 0.039837 FPGA_VCCINT_MON 0.006001 1.093750 0.006436
63 FPGA_VCCAUX_MON 0.012195 3.281250 0.039837 FPGA_VCCINT_MON 0.006194 1.093750 0.006643
64 FPGA_VCCAUX_MON 0.012195 3.281250 0.039837 FPGA_VCCINT_MON 0.006001 1.093750 0.006436
65 FPGA_VCCAUX_MON 0.012195 3.281250 0.039837 FPGA_VCCINT_MON 0.006001 1.093750 0.006436
66 FPGA_VCCAUX_MON 0.012195 3.281250 0.039837 FPGA_VCCINT_MON 0.006001 1.093750 0.006436
67 FPGA_VCCAUX_MON 0.012195 3.281250 0.039837 FPGA_VCCINT_MON 0.006001 1.093750 0.006436
68 FPGA_VCCAUX_MON 0.012195 3.281250 0.039837 FPGA_VCCINT_MON 0.006001 1.093750 0.006436
69 FPGA_VCCAUX_MON 0.012195 3.281250 0.039837 FPGA_VCCINT_MON 0.006001 1.093750 0.006436
70 FPGA_VCCAUX_MON 0.012195 3.281250 0.039837 FPGA_VCCINT_MON 0.006001 1.093750 0.006436
71 FPGA_VCCAUX_MON 0.012195 3.281250 0.039837 FPGA_VCCINT_MON 0.006001 1.093750 0.006436
72 FPGA_VCCAUX_MON 0.012195 3.281250 0.039837 FPGA_VCCINT_MON 0.006001 1.093750 0.006436
73 FPGA_VCCAUX_MON 0.012195 3.281250 0.039837 FPGA_VCCINT_MON 0.006001 1.093750 0.006436
74 FPGA_VCCAUX_MON 0.012195 3.281250 0.039837 FPGA_VCCINT_MON 0.006001 1.093750 0.006436
75 FPGA_VCCAUX_MON 0.012195 3.281250 0.039837 FPGA_VCCINT_MON 0.006001 1.093750 0.006436
76 FPGA_VCCAUX_MON 0.012195 3.281250 0.039837 FPGA_VCCINT_MON 0.006001 1.093750 0.006436
77 FPGA_VCCAUX_MON 0.012195 3.281250 0.039837 FPGA_VCCINT_MON 0.006001 1.093750 0.006436
78 FPGA_VCCAUX_MON 0.012195 3.281250 0.039837 FPGA_VCCINT_MON 0.006001 1.093750 0.006436
79 FPGA_VCCAUX_MON 0.012195 3.281250 0.039837 FPGA_VCCINT_MON 0.006194 1.093750 0.006643
80 FPGA_VCCAUX_MON 0.012195 3.281250 0.039837 FPGA_VCCINT_MON 0.006001 1.093750 0.006436
81 FPGA_VCCAUX_MON 0.012195 3.281250 0.039837 FPGA_VCCINT_MON 0.006001 1.093750 0.006436
82 FPGA_VCCAUX_MON 0.012195 3.281250 0.039837 FPGA_VCCINT_MON 0.006001 1.093750 0.006436
83 FPGA_VCCAUX_MON 0.012195 3.281250 0.039837 FPGA_VCCINT_MON 0.006001 1.093750 0.006436
84 FPGA_VCCAUX_MON 0.012195 3.281250 0.039837 FPGA_VCCINT_MON 0.006001 1.093750 0.006436
85 FPGA_VCCAUX_MON 0.012195 3.281250 0.039837 FPGA_VCCINT_MON 0.006001 1.093750 0.006436
86 FPGA_VCCAUX_MON 0.012195 3.281250 0.039837 FPGA_VCCINT_MON 0.006001 1.093750 0.006436
87 FPGA_VCCAUX_MON 0.012195 3.281250 0.039837 FPGA_VCCINT_MON 0.006001 1.093750 0.006436
88 FPGA_VCCAUX_MON 0.012195 3.281250 0.039837 FPGA_VCCINT_MON 0.006001 1.093750 0.006436
89 FPGA_VCCAUX_MON 0.012195 3.281250 0.039837 FPGA_VCCINT_MON 0.006001 1.093750 0.006436
90 FPGA_VCCAUX_MON 0.012195 3.281250 0.039837 FPGA_VCCINT_MON 0.006001 1.093750 0.006436
91 FPGA_VCCAUX_MON 0.012195 3.281250 0.039837 FPGA_VCCINT_MON 0.006001 1.093750 0.006436
92 FPGA_VCCAUX_MON 0.012195 3.281250 0.039837 FPGA_VCCINT_MON 0.006001 1.093750 0.006436
93 FPGA_VCCAUX_MON 0.012195 3.281250 0.039837 FPGA_VCCINT_MON 0.006001 1.093750 0.006436
94 FPGA_VCCAUX_MON 0.012195 3.281250 0.039837 FPGA_VCCINT_MON 0.006001 1.093750 0.006436
95 FPGA_VCCAUX_MON 0.012195 3.281250 0.039837 FPGA_VCCINT_MON 0.006001 1.093750 0.006436
96 FPGA_VCCAUX_MON 0.012195 3.281250 0.039837 FPGA_VCCINT_MON 0.006001 1.093750 0.006436
97 FPGA_VCCAUX_MON 0.012195 3.281250 0.039837 FPGA_VCCINT_MON 0.006001 1.093750 0.006436
98 FPGA_VCCAUX_MON 0.012195 3.281250 0.039837 FPGA_VCCINT_MON 0.006001 1.093750 0.006436
99 FPGA_VCCAUX_MON 0.012195 3.281250 0.039837 FPGA_VCCINT_MON 0.006001 1.093750 0.006436
100 FPGA_VCCAUX_MON 0.012195 3.281250 0.039837 FPGA_VCCINT_MON 0.006001 1.093750 0.006436
101 FPGA_VCCAUX_MON 0.012195 3.281250 0.039837 FPGA_VCCINT_MON 0.006001 1.093750 0.006436
102 FPGA_VCCAUX_MON 0.012195 3.281250 0.039837 FPGA_VCCINT_MON 0.006001 1.093750 0.006436
103 FPGA_VCCAUX_MON 0.012195 3.281250 0.039837 FPGA_VCCINT_MON 0.006001 1.093750 0.006436
104 FPGA_VCCAUX_MON 0.012195 3.281250 0.039837 FPGA_VCCINT_MON 0.006001 1.093750 0.006436
105 FPGA_VCCAUX_MON 0.012195 3.281250 0.039837 FPGA_VCCINT_MON 0.006001 1.093750 0.006436
106 FPGA_VCCAUX_MON 0.012195 3.281250 0.039837 FPGA_VCCINT_MON 0.006001 1.093750 0.006436
107 FPGA_VCCAUX_MON 0.012195 3.281250 0.039837 FPGA_VCCINT_MON 0.006001 1.093750 0.006436
108 FPGA_VCCAUX_MON 0.012195 3.281250 0.039837 FPGA_VCCINT_MON 0.006001 1.093750 0.006436
109 FPGA_VCCAUX_MON 0.012195 3.281250 0.039837 FPGA_VCCINT_MON 0.006001 1.093750 0.006436
110 FPGA_VCCAUX_MON 0.012195 3.281250 0.039837 FPGA_VCCINT_MON 0.006001 1.093750 0.006436
111 FPGA_VCCAUX_MON 0.012195 3.281250 0.039837 FPGA_VCCINT_MON 0.006001 1.093750 0.006436
112 FPGA_VCCAUX_MON 0.012195 3.281250 0.039837 FPGA_VCCINT_MON 0.006001 1.093750 0.006436
113 FPGA_VCCAUX_MON 0.012195 3.281250 0.039837 FPGA_VCCINT_MON 0.006001 1.093750 0.006436
114 FPGA_VCCAUX_MON 0.012195 3.281250 0.039837 FPGA_VCCINT_MON 0.006001 1.093750 0.006436
115 FPGA_VCCAUX_MON 0.012195 3.281250 0.039837 FPGA_VCCINT_MON 0.006001 1.093750 0.006436
116 FPGA_VCCAUX_MON 0.012195 3.281250 0.039837 FPGA_VCCINT_MON 0.006194 1.093750 0.006643
117 FPGA_VCCAUX_MON 0.012195 3.281250 0.039837 FPGA_VCCINT_MON 0.006001 1.093750 0.006436
118 FPGA_VCCAUX_MON 0.012195 3.281250 0.039837 FPGA_VCCINT_MON 0.006194 1.093750 0.006643
119 FPGA_VCCAUX_MON 0.012195 3.281250 0.039837 FPGA_VCCINT_MON 0.006001 1.093750 0.006436
120 FPGA_VCCAUX_MON 0.012195 3.281250 0.039837 FPGA_VCCINT_MON 0.006001 1.093750 0.006436
121 FPGA_VCCAUX_MON 0.012195 3.281250 0.039837 FPGA_VCCINT_MON 0.006001 1.093750 0.006436
122 FPGA_VCCAUX_MON 0.012195 3.281250 0.039837 FPGA_VCCINT_MON 0.006001 1.093750 0.006436
123 FPGA_VCCAUX_MON 0.012195 3.281250 0.039837 FPGA_VCCINT_MON 0.006001 1.093750 0.006436
124 FPGA_VCCAUX_MON 0.012195 3.281250 0.039837 FPGA_VCCINT_MON 0.006001 1.093750 0.006436
125 FPGA_VCCAUX_MON 0.012195 3.281250 0.039837 FPGA_VCCINT_MON 0.006001 1.093750 0.006436
126 FPGA_VCCAUX_MON 0.012195 3.281250 0.039837 FPGA_VCCINT_MON 0.006001 1.093750 0.006436
127 FPGA_VCCAUX_MON 0.012195 3.281250 0.039837 FPGA_VCCINT_MON 0.006001 1.093750 0.006436
128 FPGA_VCCAUX_MON 0.012195 3.281250 0.039837 FPGA_VCCINT_MON 0.006001 1.093750 0.006436
129 FPGA_VCCAUX_MON 0.012195 3.281250 0.039837 FPGA_VCCINT_MON 0.006001 1.093750 0.006436
130 FPGA_VCCAUX_MON 0.012195 3.281250 0.039837 FPGA_VCCINT_MON 0.006001 1.093750 0.006436
131 FPGA_VCCAUX_MON 0.012195 3.281250 0.039837 FPGA_VCCINT_MON 0.006001 1.093750 0.006436
132 FPGA_VCCAUX_MON 0.012195 3.281250 0.039837 FPGA_VCCINT_MON 0.006001 1.093750 0.006436
133 FPGA_VCCAUX_MON 0.012195 3.281250 0.039837 FPGA_VCCINT_MON 0.006001 1.093750 0.006436
134 FPGA_VCCAUX_MON 0.012195 3.281250 0.039837 FPGA_VCCINT_MON 0.006001 1.093750 0.006436
135 FPGA_VCCAUX_MON 0.012195 3.281250 0.039837 FPGA_VCCINT_MON 0.006001 1.093750 0.006436
136 FPGA_VCCAUX_MON 0.012195 3.281250 0.039837 FPGA_VCCINT_MON 0.006001 1.093750 0.006436
137 FPGA_VCCAUX_MON 0.012195 3.281250 0.039837 FPGA_VCCINT_MON 0.006001 1.093750 0.006436
138 FPGA_VCCAUX_MON 0.012195 3.281250 0.039837 FPGA_VCCINT_MON 0.006001 1.093750 0.006436
139 FPGA_VCCAUX_MON 0.012195 3.281250 0.039837 FPGA_VCCINT_MON 0.006001 1.093750 0.006436
140 FPGA_VCCAUX_MON 0.012195 3.281250 0.039837 FPGA_VCCINT_MON 0.006001 1.093750 0.006436
141 FPGA_VCCAUX_MON 0.012195 3.281250 0.039837 FPGA_VCCINT_MON 0.006001 1.093750 0.006436
142 FPGA_VCCAUX_MON 0.012195 3.281250 0.039837 FPGA_VCCINT_MON 0.006001 1.093750 0.006436
143 FPGA_VCCAUX_MON 0.012195 3.281250 0.039837 FPGA_VCCINT_MON 0.006001 1.093750 0.006436
144 FPGA_VCCAUX_MON 0.012195 3.281250 0.039837 FPGA_VCCINT_MON 0.006001 1.093750 0.006436
145 FPGA_VCCAUX_MON 0.012195 3.281250 0.039837 FPGA_VCCINT_MON 0.006001 1.093750 0.006436
