1 WIRELESS_VCC 0.025000 3.281250 0.080435 MCU_VCC 0.008135 3.281250 0.026173
2 WIRELESS_VCC 0.025000 3.281250 0.080435 MCU_VCC 0.008333 3.281250 0.026812
3 WIRELESS_VCC 0.025000 3.281250 0.080435 MCU_VCC 0.008135 3.281250 0.026173
4 WIRELESS_VCC 0.025000 3.281250 0.080435 MCU_VCC 0.007937 3.281250 0.025535
5 WIRELESS_VCC 0.025000 3.281250 0.080435 MCU_VCC 0.007937 3.281250 0.025535
6 WIRELESS_VCC 0.025000 3.281250 0.080435 MCU_VCC 0.007937 3.281250 0.025535
7 WIRELESS_VCC 0.025000 3.281250 0.080435 MCU_VCC 0.007937 3.281250 0.025535
8 WIRELESS_VCC 0.025000 3.281250 0.080435 MCU_VCC 0.007937 3.281250 0.025535
9 WIRELESS_VCC 0.025000 3.281250 0.080435 MCU_VCC 0.007937 3.281250 0.025535
10 WIRELESS_VCC 0.025000 3.281250 0.080435 MCU_VCC 0.007937 3.281250 0.025535
11 WIRELESS_VCC 0.025000 3.281250 0.080435 MCU_VCC 0.007937 3.281250 0.025535
12 WIRELESS_VCC 0.025000 3.281250 0.080435 MCU_VCC 0.007937 3.281250 0.025535
13 WIRELESS_VCC 0.025000 3.281250 0.080435 MCU_VCC 0.008135 3.281250 0.026173
14 WIRELESS_VCC 0.025000 3.281250 0.080435 MCU_VCC 0.007937 3.281250 0.025535
15 WIRELESS_VCC 0.025000 3.281250 0.080435 MCU_VCC 0.007937 3.281250 0.025535
16 WIRELESS_VCC 0.025000 3.281250 0.080435 MCU_VCC 0.007937 3.281250 0.025535
17 WIRELESS_VCC 0.025000 3.281250 0.080435 MCU_VCC 0.007937 3.281250 0.025535
18 WIRELESS_VCC 0.025000 3.281250 0.080435 MCU_VCC 0.007937 3.281250 0.025535
19 WIRELESS_VCC 0.025000 3.281250 0.080435 MCU_VCC 0.007937 3.281250 0.025535
20 WIRELESS_VCC 0.025000 3.281250 0.080435 MCU_VCC 0.007937 3.281250 0.025535
21 WIRELESS_VCC 0.025000 3.281250 0.080435 MCU_VCC 0.007937 3.281250 0.025535
22 WIRELESS_VCC 0.025000 3.281250 0.080435 MCU_VCC 0.008135 3.281250 0.026173
23 WIRELESS_VCC 0.025000 3.281250 0.080435 MCU_VCC 0.007937 3.281250 0.025535
24 WIRELESS_VCC 0.025000 3.281250 0.080435 MCU_VCC 0.007937 3.281250 0.025535
25 WIRELESS_VCC 0.025000 3.281250 0.080435 MCU_VCC 0.007937 3.281250 0.025535
26 WIRELESS_VCC 0.025000 3.281250 0.080435 MCU_VCC 0.007937 3.281250 0.025535
27 WIRELESS_VCC 0.025000 3.281250 0.080435 MCU_VCC 0.007937 3.281250 0.025535
28 WIRELESS_VCC 0.025000 3.281250 0.080435 MCU_VCC 0.007937 3.281250 0.025535
29 WIRELESS_VCC 0.025000 3.281250 0.080435 MCU_VCC 0.007937 3.281250 0.025535
30 WIRELESS_VCC 0.025000 3.281250 0.080435 MCU_VCC 0.007937 3.281250 0.025535
31 WIRELESS_VCC 0.025000 3.281250 0.080435 MCU_VCC 0.007937 3.281250 0.025535
32 WIRELESS_VCC 0.025000 3.281250 0.080435 MCU_VCC 0.008135 3.281250 0.026173
33 WIRELESS_VCC 0.025000 3.281250 0.080435 MCU_VCC 0.007937 3.281250 0.025535
34 WIRELESS_VCC 0.025000 3.281250 0.080435 MCU_VCC 0.007937 3.281250 0.025535
35 WIRELESS_VCC 0.025000 3.281250 0.080435 MCU_VCC 0.007937 3.281250 0.025535
36 WIRELESS_VCC 0.025000 3.281250 0.080435 MCU_VCC 0.007937 3.281250 0.025535
37 WIRELESS_VCC 0.025000 3.281250 0.080435 MCU_VCC 0.007937 3.281250 0.025535
38 WIRELESS_VCC 0.025000 3.281250 0.080435 MCU_VCC 0.007937 3.281250 0.025535
39 WIRELESS_VCC 0.025000 3.281250 0.080435 MCU_VCC 0.007937 3.281250 0.025535
40 WIRELESS_VCC 0.025000 3.281250 0.080435 MCU_VCC 0.007937 3.281250 0.025535
41 WIRELESS_VCC 0.025000 3.281250 0.080435 MCU_VCC 0.008135 3.281250 0.026173
42 WIRELESS_VCC 0.025000 3.281250 0.080435 MCU_VCC 0.007937 3.281250 0.025535
43 WIRELESS_VCC 0.025000 3.281250 0.080435 MCU_VCC 0.007937 3.281250 0.025535
44 WIRELESS_VCC 0.025000 3.281250 0.080435 MCU_VCC 0.007937 3.281250 0.025535
45 WIRELESS_VCC 0.025000 3.281250 0.080435 MCU_VCC 0.007937 3.281250 0.025535
46 WIRELESS_VCC 0.025000 3.281250 0.080435 MCU_VCC 0.007937 3.281250 0.025535
47 WIRELESS_VCC 0.025000 3.281250 0.080435 MCU_VCC 0.007937 3.281250 0.025535
48 WIRELESS_VCC 0.025000 3.281250 0.080435 MCU_VCC 0.007937 3.281250 0.025535
49 WIRELESS_VCC 0.025000 3.281250 0.080435 MCU_VCC 0.007937 3.281250 0.025535
50 WIRELESS_VCC 0.025000 3.281250 0.080435 MCU_VCC 0.007937 3.281250 0.025535
51 WIRELESS_VCC 0.025000 3.281250 0.080435 MCU_VCC 0.007937 3.281250 0.025535
52 WIRELESS_VCC 0.025000 3.281250 0.080435 MCU_VCC 0.007937 3.281250 0.025535
53 WIRELESS_VCC 0.025000 3.281250 0.080435 MCU_VCC 0.007937 3.281250 0.025535
54 WIRELESS_VCC 0.025000 3.281250 0.080435 MCU_VCC 0.007937 3.281250 0.025535
55 WIRELESS_VCC 0.025000 3.281250 0.080435 MCU_VCC 0.008135 3.281250 0.026173
56 WIRELESS_VCC 0.025000 3.281250 0.080435 MCU_VCC 0.008135 3.281250 0.026173
57 WIRELESS_VCC 0.025000 3.281250 0.080435 MCU_VCC 0.007937 3.281250 0.025535
58 WIRELESS_VCC 0.025000 3.281250 0.080435 MCU_VCC 0.007937 3.281250 0.025535
59 WIRELESS_VCC 0.025000 3.281250 0.080435 MCU_VCC 0.007937 3.281250 0.025535
60 WIRELESS_VCC 0.025000 3.281250 0.080435 MCU_VCC 0.007937 3.281250 0.025535
61 WIRELESS_VCC 0.025000 3.281250 0.080435 MCU_VCC 0.008135 3.281250 0.026173
62 WIRELESS_VCC 0.025000 3.281250 0.080435 MCU_VCC 0.007937 3.281250 0.025535
63 WIRELESS_VCC 0.025000 3.281250 0.080435 MCU_VCC 0.007937 3.281250 0.025535
64 WIRELESS_VCC 0.025000 3.281250 0.080435 MCU_VCC 0.007937 3.281250 0.025535
65 WIRELESS_VCC 0.025000 3.281250 0.080435 MCU_VCC 0.008135 3.281250 0.026173
66 WIRELESS_VCC 0.025000 3.281250 0.080435 MCU_VCC 0.007937 3.281250 0.025535
67 WIRELESS_VCC 0.025000 3.281250 0.080435 MCU_VCC 0.008135 3.281250 0.026173
68 WIRELESS_VCC 0.025000 3.281250 0.080435 MCU_VCC 0.007937 3.281250 0.025535
69 WIRELESS_VCC 0.025000 3.281250 0.080435 MCU_VCC 0.007937 3.281250 0.025535
70 WIRELESS_VCC 0.025000 3.281250 0.080435 MCU_VCC 0.007937 3.281250 0.025535
71 WIRELESS_VCC 0.025000 3.281250 0.080435 MCU_VCC 0.007937 3.281250 0.025535
72 WIRELESS_VCC 0.025000 3.281250 0.080435 MCU_VCC 0.007937 3.281250 0.025535
73 WIRELESS_VCC 0.025000 3.281250 0.080435 MCU_VCC 0.007937 3.281250 0.025535
74 WIRELESS_VCC 0.025000 3.281250 0.080435 MCU_VCC 0.007937 3.281250 0.025535
75 WIRELESS_VCC 0.025000 3.281250 0.080435 MCU_VCC 0.007937 3.281250 0.025535
76 WIRELESS_VCC 0.025000 3.281250 0.080435 MCU_VCC 0.008135 3.281250 0.026173
77 WIRELESS_VCC 0.025000 3.281250 0.080435 MCU_VCC 0.007937 3.281250 0.025535
78 WIRELESS_VCC 0.025000 3.281250 0.080435 MCU_VCC 0.008135 3.281250 0.026173
79 WIRELESS_VCC 0.025000 3.281250 0.080435 MCU_VCC 0.007937 3.281250 0.025535
80 WIRELESS_VCC 0.025000 3.281250 0.080435 MCU_VCC 0.007937 3.281250 0.025535
81 WIRELESS_VCC 0.025000 3.281250 0.080435 MCU_VCC 0.008135 3.281250 0.026173
82 WIRELESS_VCC 0.025000 3.281250 0.080435 MCU_VCC 0.008135 3.281250 0.026173
83 WIRELESS_VCC 0.025000 3.281250 0.080435 MCU_VCC 0.007937 3.281250 0.025535
84 WIRELESS_VCC 0.025000 3.281250 0.080435 MCU_VCC 0.007937 3.281250 0.025535
85 WIRELESS_VCC 0.025000 3.281250 0.080435 MCU_VCC 0.007937 3.281250 0.025535
86 WIRELESS_VCC 0.025000 3.281250 0.080435 MCU_VCC 0.008135 3.281250 0.026173
87 WIRELESS_VCC 0.025000 3.281250 0.080435 MCU_VCC 0.008135 3.281250 0.026173
88 WIRELESS_VCC 0.025000 3.281250 0.080435 MCU_VCC 0.007937 3.281250 0.025535
89 WIRELESS_VCC 0.025000 3.281250 0.080435 MCU_VCC 0.007937 3.281250 0.025535
90 WIRELESS_VCC 0.025000 3.281250 0.080435 MCU_VCC 0.007937 3.281250 0.025535
91 WIRELESS_VCC 0.025000 3.281250 0.080435 MCU_VCC 0.007937 3.281250 0.025535
92 WIRELESS_VCC 0.025000 3.281250 0.080435 MCU_VCC 0.007937 3.281250 0.025535
93 WIRELESS_VCC 0.025000 3.281250 0.080435 MCU_VCC 0.007937 3.281250 0.025535
94 WIRELESS_VCC 0.025000 3.281250 0.080435 MCU_VCC 0.007937 3.281250 0.025535
95 WIRELESS_VCC 0.025000 3.281250 0.080435 MCU_VCC 0.008135 3.281250 0.026173
96 WIRELESS_VCC 0.025000 3.281250 0.080435 MCU_VCC 0.007937 3.281250 0.025535
97 WIRELESS_VCC 0.025000 3.281250 0.080435 MCU_VCC 0.007937 3.281250 0.025535
98 WIRELESS_VCC 0.025000 3.281250 0.080435 MCU_VCC 0.007937 3.281250 0.025535
99 WIRELESS_VCC 0.025000 3.281250 0.080435 MCU_VCC 0.007937 3.281250 0.025535
100 WIRELESS_VCC 0.025000 3.281250 0.080435 MCU_VCC 0.007937 3.281250 0.025535
101 WIRELESS_VCC 0.025000 3.281250 0.080435 MCU_VCC 0.007937 3.281250 0.025535
102 WIRELESS_VCC 0.025000 3.281250 0.080435 MCU_VCC 0.007937 3.281250 0.025535
103 WIRELESS_VCC 0.025000 3.281250 0.080435 MCU_VCC 0.007937 3.281250 0.025535
104 WIRELESS_VCC 0.025000 3.281250 0.080435 MCU_VCC 0.007937 3.281250 0.025535
105 WIRELESS_VCC 0.025000 3.281250 0.080435 MCU_VCC 0.007937 3.281250 0.025535
106 WIRELESS_VCC 0.025000 3.281250 0.080435 MCU_VCC 0.008135 3.281250 0.026173
107 WIRELESS_VCC 0.025000 3.281250 0.080435 MCU_VCC 0.007937 3.281250 0.025535
108 WIRELESS_VCC 0.025000 3.281250 0.080435 MCU_VCC 0.008135 3.281250 0.026173
109 WIRELESS_VCC 0.025000 3.281250 0.080435 MCU_VCC 0.007937 3.281250 0.025535
110 WIRELESS_VCC 0.025000 3.281250 0.080435 MCU_VCC 0.007937 3.281250 0.025535
111 WIRELESS_VCC 0.025000 3.281250 0.080435 MCU_VCC 0.007937 3.281250 0.025535
112 WIRELESS_VCC 0.025000 3.281250 0.080435 MCU_VCC 0.007937 3.281250 0.025535
113 WIRELESS_VCC 0.025000 3.281250 0.080435 MCU_VCC 0.007937 3.281250 0.025535
114 WIRELESS_VCC 0.025000 3.281250 0.080435 MCU_VCC 0.007937 3.281250 0.025535
115 WIRELESS_VCC 0.025000 3.281250 0.080435 MCU_VCC 0.007937 3.281250 0.025535
116 WIRELESS_VCC 0.025000 3.281250 0.080435 MCU_VCC 0.007937 3.281250 0.025535
117 WIRELESS_VCC 0.025000 3.281250 0.080435 MCU_VCC 0.007937 3.281250 0.025535
118 WIRELESS_VCC 0.025000 3.281250 0.080435 MCU_VCC 0.007937 3.281250 0.025535
119 WIRELESS_VCC 0.025000 3.281250 0.080435 MCU_VCC 0.008135 3.281250 0.026173
120 WIRELESS_VCC 0.025000 3.281250 0.080435 MCU_VCC 0.007937 3.281250 0.025535
121 WIRELESS_VCC 0.025000 3.281250 0.080435 MCU_VCC 0.007937 3.281250 0.025535
122 WIRELESS_VCC 0.025000 3.281250 0.080435 MCU_VCC 0.007937 3.281250 0.025535
123 WIRELESS_VCC 0.025000 3.281250 0.080435 MCU_VCC 0.007937 3.281250 0.025535
124 WIRELESS_VCC 0.025000 3.281250 0.080435 MCU_VCC 0.007937 3.281250 0.025535
125 WIRELESS_VCC 0.025000 3.281250 0.080435 MCU_VCC 0.007937 3.281250 0.025535
126 WIRELESS_VCC 0.025000 3.281250 0.080435 MCU_VCC 0.008135 3.281250 0.026173
127 WIRELESS_VCC 0.025000 3.281250 0.080435 MCU_VCC 0.007937 3.281250 0.025535
128 WIRELESS_VCC 0.025000 3.281250 0.080435 MCU_VCC 0.007937 3.281250 0.025535
129 WIRELESS_VCC 0.025000 3.281250 0.080435 MCU_VCC 0.007937 3.281250 0.025535
130 WIRELESS_VCC 0.025000 3.281250 0.080435 MCU_VCC 0.007937 3.281250 0.025535
131 WIRELESS_VCC 0.025000 3.281250 0.080435 MCU_VCC 0.008135 3.281250 0.026173
132 WIRELESS_VCC 0.025000 3.281250 0.080435 MCU_VCC 0.007937 3.281250 0.025535
133 WIRELESS_VCC 0.025000 3.281250 0.080435 MCU_VCC 0.007937 3.281250 0.025535
134 WIRELESS_VCC 0.025000 3.281250 0.080435 MCU_VCC 0.007937 3.281250 0.025535
135 WIRELESS_VCC 0.025000 3.281250 0.080435 MCU_VCC 0.007937 3.281250 0.025535
136 WIRELESS_VCC 0.025000 3.281250 0.080435 MCU_VCC 0.007937 3.281250 0.025535
137 WIRELESS_VCC 0.025000 3.281250 0.080435 MCU_VCC 0.007937 3.281250 0.025535
138 WIRELESS_VCC 0.025000 3.281250 0.080435 MCU_VCC 0.007937 3.281250 0.025535
139 WIRELESS_VCC 0.025000 3.281250 0.080435 MCU_VCC 0.008135 3.281250 0.026173
140 WIRELESS_VCC 0.025000 3.281250 0.080435 MCU_VCC 0.007937 3.281250 0.025535
141 WIRELESS_VCC 0.025000 3.281250 0.080435 MCU_VCC 0.008135 3.281250 0.026173
142 WIRELESS_VCC 0.025000 3.281250 0.080435 MCU_VCC 0.007937 3.281250 0.025535
143 WIRELESS_VCC 0.025000 3.281250 0.080435 MCU_VCC 0.007937 3.281250 0.025535
144 WIRELESS_VCC 0.025000 3.281250 0.080435 MCU_VCC 0.007937 3.281250 0.025535
145 WIRELESS_VCC 0.025000 3.281250 0.080435 MCU_VCC 0.007937 3.281250 0.025535
146 WIRELESS_VCC 0.025000 3.281250 0.080435 MCU_VCC 0.007937 3.281250 0.025535
147 WIRELESS_VCC 0.025000 3.281250 0.080435 MCU_VCC 0.008135 3.281250 0.026173
148 WIRELESS_VCC 0.025000 3.281250 0.080435 MCU_VCC 0.007937 3.281250 0.025535
149 WIRELESS_VCC 0.025000 3.281250 0.080435 MCU_VCC 0.007937 3.281250 0.025535
150 WIRELESS_VCC 0.025000 3.281250 0.080435 MCU_VCC 0.007937 3.281250 0.025535
151 WIRELESS_VCC 0.025000 3.281250 0.080435 MCU_VCC 0.007937 3.281250 0.025535
152 WIRELESS_VCC 0.025000 3.281250 0.080435 MCU_VCC 0.008135 3.281250 0.026173
153 WIRELESS_VCC 0.025000 3.281250 0.080435 MCU_VCC 0.007937 3.281250 0.025535
154 WIRELESS_VCC 0.025000 3.281250 0.080435 MCU_VCC 0.007937 3.281250 0.025535
155 WIRELESS_VCC 0.025000 3.281250 0.080435 MCU_VCC 0.007937 3.281250 0.025535
156 WIRELESS_VCC 0.025000 3.281250 0.080435 MCU_VCC 0.007937 3.281250 0.025535
157 WIRELESS_VCC 0.025000 3.281250 0.080435 MCU_VCC 0.007937 3.281250 0.025535
158 WIRELESS_VCC 0.025000 3.281250 0.080435 MCU_VCC 0.008135 3.281250 0.026173
159 WIRELESS_VCC 0.025000 3.281250 0.080435 MCU_VCC 0.007937 3.281250 0.025535
160 WIRELESS_VCC 0.025000 3.281250 0.080435 MCU_VCC 0.007937 3.281250 0.025535
161 WIRELESS_VCC 0.025000 3.281250 0.080435 MCU_VCC 0.007937 3.281250 0.025535
162 WIRELESS_VCC 0.025000 3.281250 0.080435 MCU_VCC 0.007937 3.281250 0.025535
163 WIRELESS_VCC 0.025000 3.281250 0.080435 MCU_VCC 0.007937 3.281250 0.025535
164 WIRELESS_VCC 0.025000 3.281250 0.080435 MCU_VCC 0.007937 3.281250 0.025535
165 WIRELESS_VCC 0.025000 3.281250 0.080435 MCU_VCC 0.007937 3.281250 0.025535
166 WIRELESS_VCC 0.025000 3.281250 0.080435 MCU_VCC 0.007937 3.281250 0.025535
167 WIRELESS_VCC 0.025000 3.281250 0.080435 MCU_VCC 0.007937 3.281250 0.025535
168 WIRELESS_VCC 0.025000 3.281250 0.080435 MCU_VCC 0.007937 3.281250 0.025535
169 WIRELESS_VCC 0.025000 3.281250 0.080435 MCU_VCC 0.007937 3.281250 0.025535
170 WIRELESS_VCC 0.025000 3.281250 0.080435 MCU_VCC 0.007937 3.281250 0.025535
171 WIRELESS_VCC 0.025000 3.281250 0.080435 MCU_VCC 0.007937 3.281250 0.025535
172 WIRELESS_VCC 0.025000 3.281250 0.080435 MCU_VCC 0.007937 3.281250 0.025535
173 WIRELESS_VCC 0.025000 3.281250 0.080435 MCU_VCC 0.007937 3.281250 0.025535
174 WIRELESS_VCC 0.025000 3.281250 0.080435 MCU_VCC 0.007937 3.281250 0.025535
175 WIRELESS_VCC 0.025000 3.281250 0.080435 MCU_VCC 0.007937 3.281250 0.025535
176 WIRELESS_VCC 0.025000 3.281250 0.080435 MCU_VCC 0.007937 3.281250 0.025535
177 WIRELESS_VCC 0.025000 3.281250 0.080435 MCU_VCC 0.007937 3.281250 0.025535
178 WIRELESS_VCC 0.025000 3.281250 0.080435 MCU_VCC 0.007937 3.281250 0.025535
179 WIRELESS_VCC 0.025000 3.281250 0.080435 MCU_VCC 0.007937 3.281250 0.025535
180 WIRELESS_VCC 0.025000 3.281250 0.080435 MCU_VCC 0.007937 3.281250 0.025535
181 WIRELESS_VCC 0.025000 3.281250 0.080435 MCU_VCC 0.007937 3.281250 0.025535
182 WIRELESS_VCC 0.025000 3.281250 0.080435 MCU_VCC 0.008135 3.281250 0.026173
183 WIRELESS_VCC 0.025000 3.281250 0.080435 MCU_VCC 0.007937 3.281250 0.025535
184 WIRELESS_VCC 0.025000 3.281250 0.080435 MCU_VCC 0.007937 3.281250 0.025535
185 WIRELESS_VCC 0.025000 3.281250 0.080435 MCU_VCC 0.007937 3.281250 0.025535
186 WIRELESS_VCC 0.025000 3.281250 0.080435 MCU_VCC 0.007937 3.281250 0.025535
187 WIRELESS_VCC 0.025000 3.281250 0.080435 MCU_VCC 0.007937 3.281250 0.025535
188 WIRELESS_VCC 0.025000 3.281250 0.080435 MCU_VCC 0.007937 3.281250 0.025535
189 WIRELESS_VCC 0.025000 3.281250 0.080435 MCU_VCC 0.007937 3.281250 0.025535
190 WIRELESS_VCC 0.025000 3.281250 0.080435 MCU_VCC 0.007937 3.281250 0.025535
191 WIRELESS_VCC 0.025000 3.281250 0.080435 MCU_VCC 0.008135 3.281250 0.026173
192 WIRELESS_VCC 0.025000 3.281250 0.080435 MCU_VCC 0.008135 3.281250 0.026173
193 WIRELESS_VCC 0.025000 3.281250 0.080435 MCU_VCC 0.007937 3.281250 0.025535
194 WIRELESS_VCC 0.025000 3.281250 0.080435 MCU_VCC 0.008135 3.281250 0.026173
195 WIRELESS_VCC 0.025000 3.281250 0.080435 MCU_VCC 0.007937 3.281250 0.025535
196 WIRELESS_VCC 0.025000 3.281250 0.080435 MCU_VCC 0.007937 3.281250 0.025535
197 WIRELESS_VCC 0.025000 3.281250 0.080435 MCU_VCC 0.007937 3.281250 0.025535
198 WIRELESS_VCC 0.025000 3.281250 0.080435 MCU_VCC 0.007937 3.281250 0.025535
199 WIRELESS_VCC 0.025000 3.281250 0.080435 MCU_VCC 0.007937 3.281250 0.025535
200 WIRELESS_VCC 0.025000 3.281250 0.080435 MCU_VCC 0.007937 3.281250 0.025535
201 WIRELESS_VCC 0.025000 3.281250 0.080435 MCU_VCC 0.007937 3.281250 0.025535
202 WIRELESS_VCC 0.025000 3.281250 0.080435 MCU_VCC 0.007937 3.281250 0.025535
203 WIRELESS_VCC 0.025000 3.281250 0.080435 MCU_VCC 0.007937 3.281250 0.025535
204 WIRELESS_VCC 0.025000 3.281250 0.080435 MCU_VCC 0.007937 3.281250 0.025535
205 WIRELESS_VCC 0.025000 3.281250 0.080435 MCU_VCC 0.007937 3.281250 0.025535
206 WIRELESS_VCC 0.025000 3.281250 0.080435 MCU_VCC 0.007937 3.281250 0.025535
207 WIRELESS_VCC 0.025000 3.281250 0.080435 MCU_VCC 0.007937 3.281250 0.025535
208 WIRELESS_VCC 0.025000 3.281250 0.080435 MCU_VCC 0.007937 3.281250 0.025535
209 WIRELESS_VCC 0.025000 3.281250 0.080435 MCU_VCC 0.007937 3.281250 0.025535
210 WIRELESS_VCC 0.025000 3.281250 0.080435 MCU_VCC 0.007937 3.281250 0.025535
211 WIRELESS_VCC 0.025000 3.281250 0.080435 MCU_VCC 0.007937 3.281250 0.025535
212 WIRELESS_VCC 0.025000 3.281250 0.080435 MCU_VCC 0.007937 3.281250 0.025535
213 WIRELESS_VCC 0.025000 3.281250 0.080435 MCU_VCC 0.007937 3.281250 0.025535
214 WIRELESS_VCC 0.025000 3.281250 0.080435 MCU_VCC 0.007937 3.281250 0.025535
215 WIRELESS_VCC 0.025000 3.281250 0.080435 MCU_VCC 0.007937 3.281250 0.025535
216 WIRELESS_VCC 0.025000 3.281250 0.080435 MCU_VCC 0.007937 3.281250 0.025535
217 WIRELESS_VCC 0.025000 3.281250 0.080435 MCU_VCC 0.007937 3.281250 0.025535
218 WIRELESS_VCC 0.025000 3.281250 0.080435 MCU_VCC 0.007937 3.281250 0.025535
219 WIRELESS_VCC 0.025000 3.281250 0.080435 MCU_VCC 0.007937 3.281250 0.025535
220 WIRELESS_VCC 0.025000 3.281250 0.080435 MCU_VCC 0.007937 3.281250 0.025535
221 WIRELESS_VCC 0.025000 3.281250 0.080435 MCU_VCC 0.007937 3.281250 0.025535
222 WIRELESS_VCC 0.025000 3.281250 0.080435 MCU_VCC 0.007937 3.281250 0.025535
223 WIRELESS_VCC 0.025000 3.281250 0.080435 MCU_VCC 0.007937 3.281250 0.025535
224 WIRELESS_VCC 0.025000 3.281250 0.080435 MCU_VCC 0.007937 3.281250 0.025535
225 WIRELESS_VCC 0.025000 3.281250 0.080435 MCU_VCC 0.007937 3.281250 0.025535
226 WIRELESS_VCC 0.025000 3.281250 0.080435 MCU_VCC 0.007937 3.281250 0.025535
227 WIRELESS_VCC 0.025000 3.281250 0.080435 MCU_VCC 0.007937 3.281250 0.025535
228 WIRELESS_VCC 0.025000 3.281250 0.080435 MCU_VCC 0.007937 3.281250 0.025535
229 WIRELESS_VCC 0.025000 3.281250 0.080435 MCU_VCC 0.007937 3.281250 0.025535
230 WIRELESS_VCC 0.025000 3.281250 0.080435 MCU_VCC 0.007937 3.281250 0.025535
231 WIRELESS_VCC 0.025000 3.281250 0.080435 MCU_VCC 0.007937 3.281250 0.025535
232 WIRELESS_VCC 0.025000 3.281250 0.080435 MCU_VCC 0.008135 3.281250 0.026173
233 WIRELESS_VCC 0.025000 3.281250 0.080435 MCU_VCC 0.007937 3.281250 0.025535
234 WIRELESS_VCC 0.025000 3.281250 0.080435 MCU_VCC 0.007937 3.281250 0.025535
235 WIRELESS_VCC 0.025000 3.281250 0.080435 MCU_VCC 0.008135 3.281250 0.026173
236 WIRELESS_VCC 0.025000 3.281250 0.080435 MCU_VCC 0.007937 3.281250 0.025535
237 WIRELESS_VCC 0.025000 3.281250 0.080435 MCU_VCC 0.007937 3.281250 0.025535
238 WIRELESS_VCC 0.025000 3.281250 0.080435 MCU_VCC 0.008135 3.281250 0.026173
239 WIRELESS_VCC 0.025000 3.281250 0.080435 MCU_VCC 0.007937 3.281250 0.025535
240 WIRELESS_VCC 0.025000 3.281250 0.080435 MCU_VCC 0.007937 3.281250 0.025535
241 WIRELESS_VCC 0.025000 3.281250 0.080435 MCU_VCC 0.007937 3.281250 0.025535
242 WIRELESS_VCC 0.025000 3.281250 0.080435 MCU_VCC 0.007937 3.281250 0.025535
243 WIRELESS_VCC 0.025000 3.281250 0.080435 MCU_VCC 0.007937 3.281250 0.025535
244 WIRELESS_VCC 0.025000 3.281250 0.080435 MCU_VCC 0.007937 3.281250 0.025535
245 WIRELESS_VCC 0.025000 3.281250 0.080435 MCU_VCC 0.007937 3.281250 0.025535
246 WIRELESS_VCC 0.025000 3.281250 0.080435 MCU_VCC 0.007937 3.281250 0.025535
247 WIRELESS_VCC 0.025000 3.281250 0.080435 MCU_VCC 0.008135 3.281250 0.026173
248 WIRELESS_VCC 0.025000 3.281250 0.080435 MCU_VCC 0.007937 3.281250 0.025535
249 WIRELESS_VCC 0.025000 3.281250 0.080435 MCU_VCC 0.008135 3.281250 0.026173
250 WIRELESS_VCC 0.025000 3.281250 0.080435 MCU_VCC 0.007937 3.281250 0.025535
251 WIRELESS_VCC 0.025000 3.281250 0.080435 MCU_VCC 0.007937 3.281250 0.025535
252 WIRELESS_VCC 0.025000 3.281250 0.080435 MCU_VCC 0.007937 3.281250 0.025535
253 WIRELESS_VCC 0.025000 3.281250 0.080435 MCU_VCC 0.007937 3.281250 0.025535
254 WIRELESS_VCC 0.025000 3.281250 0.080435 MCU_VCC 0.007937 3.281250 0.025535
255 WIRELESS_VCC 0.025000 3.281250 0.080435 MCU_VCC 0.007937 3.281250 0.025535
256 WIRELESS_VCC 0.025000 3.281250 0.080435 MCU_VCC 0.007937 3.281250 0.025535
257 WIRELESS_VCC 0.025000 3.281250 0.080435 MCU_VCC 0.007937 3.281250 0.025535
258 WIRELESS_VCC 0.025000 3.281250 0.080435 MCU_VCC 0.008135 3.281250 0.026173
259 WIRELESS_VCC 0.025000 3.281250 0.080435 MCU_VCC 0.007937 3.281250 0.025535
260 WIRELESS_VCC 0.025000 3.281250 0.080435 MCU_VCC 0.007937 3.281250 0.025535
261 WIRELESS_VCC 0.025000 3.281250 0.080435 MCU_VCC 0.007937 3.281250 0.025535
262 WIRELESS_VCC 0.025000 3.281250 0.080435 MCU_VCC 0.007937 3.281250 0.025535
263 WIRELESS_VCC 0.025000 3.281250 0.080435 MCU_VCC 0.007937 3.281250 0.025535
264 WIRELESS_VCC 0.025000 3.281250 0.080435 MCU_VCC 0.007937 3.281250 0.025535
265 WIRELESS_VCC 0.025000 3.281250 0.080435 MCU_VCC 0.007937 3.281250 0.025535
266 WIRELESS_VCC 0.025000 3.281250 0.080435 MCU_VCC 0.007937 3.281250 0.025535
267 WIRELESS_VCC 0.025000 3.281250 0.080435 MCU_VCC 0.007937 3.281250 0.025535
268 WIRELESS_VCC 0.025000 3.281250 0.080435 MCU_VCC 0.007937 3.281250 0.025535
269 WIRELESS_VCC 0.025000 3.281250 0.080435 MCU_VCC 0.007937 3.281250 0.025535
270 WIRELESS_VCC 0.025000 3.281250 0.080435 MCU_VCC 0.007937 3.281250 0.025535
271 WIRELESS_VCC 0.025000 3.281250 0.080435 MCU_VCC 0.007937 3.281250 0.025535
272 WIRELESS_VCC 0.025000 3.281250 0.080435 MCU_VCC 0.007937 3.281250 0.025535
273 WIRELESS_VCC 0.025000 3.281250 0.080435 MCU_VCC 0.007937 3.281250 0.025535
274 WIRELESS_VCC 0.025000 3.281250 0.080435 MCU_VCC 0.007937 3.281250 0.025535
275 WIRELESS_VCC 0.025000 3.281250 0.080435 MCU_VCC 0.007937 3.281250 0.025535
276 WIRELESS_VCC 0.025000 3.281250 0.080435 MCU_VCC 0.007937 3.281250 0.025535
277 WIRELESS_VCC 0.025000 3.281250 0.080435 MCU_VCC 0.007937 3.281250 0.025535
278 WIRELESS_VCC 0.025000 3.281250 0.080435 MCU_VCC 0.008135 3.281250 0.026173
279 WIRELESS_VCC 0.025000 3.281250 0.080435 MCU_VCC 0.007937 3.281250 0.025535
280 WIRELESS_VCC 0.025000 3.281250 0.080435 MCU_VCC 0.007937 3.281250 0.025535
281 WIRELESS_VCC 0.025000 3.281250 0.080435 MCU_VCC 0.007937 3.281250 0.025535
282 WIRELESS_VCC 0.025000 3.281250 0.080435 MCU_VCC 0.007937 3.281250 0.025535
283 WIRELESS_VCC 0.025000 3.281250 0.080435 MCU_VCC 0.007937 3.281250 0.025535
284 WIRELESS_VCC 0.025000 3.281250 0.080435 MCU_VCC 0.008135 3.281250 0.026173
285 WIRELESS_VCC 0.025000 3.281250 0.080435 MCU_VCC 0.007937 3.281250 0.025535
286 WIRELESS_VCC 0.025000 3.281250 0.080435 MCU_VCC 0.007937 3.281250 0.025535
287 WIRELESS_VCC 0.025000 3.281250 0.080435 MCU_VCC 0.007937 3.281250 0.025535
288 WIRELESS_VCC 0.025000 3.281250 0.080435 MCU_VCC 0.008135 3.281250 0.026173
289 WIRELESS_VCC 0.025000 3.281250 0.080435 MCU_VCC 0.007937 3.281250 0.025535
290 WIRELESS_VCC 0.025000 3.281250 0.080435 MCU_VCC 0.007937 3.281250 0.025535
291 WIRELESS_VCC 0.025000 3.281250 0.080435 MCU_VCC 0.007937 3.281250 0.025535
292 WIRELESS_VCC 0.025000 3.281250 0.080435 MCU_VCC 0.007937 3.281250 0.025535
293 WIRELESS_VCC 0.025000 3.281250 0.080435 MCU_VCC 0.007937 3.281250 0.025535
294 WIRELESS_VCC 0.025000 3.281250 0.080435 MCU_VCC 0.007937 3.281250 0.025535
295 WIRELESS_VCC 0.025000 3.281250 0.080435 MCU_VCC 0.007937 3.281250 0.025535
296 WIRELESS_VCC 0.025000 3.281250 0.080435 MCU_VCC 0.007937 3.281250 0.025535
297 WIRELESS_VCC 0.025000 3.281250 0.080435 MCU_VCC 0.008135 3.281250 0.026173
298 WIRELESS_VCC 0.025000 3.281250 0.080435 MCU_VCC 0.007937 3.281250 0.025535
299 WIRELESS_VCC 0.025000 3.281250 0.080435 MCU_VCC 0.008135 3.281250 0.026173
300 WIRELESS_VCC 0.025000 3.281250 0.080435 MCU_VCC 0.007937 3.281250 0.025535
301 WIRELESS_VCC 0.025000 3.281250 0.080435 MCU_VCC 0.007937 3.281250 0.025535
302 WIRELESS_VCC 0.025000 3.281250 0.080435 MCU_VCC 0.007937 3.281250 0.025535
303 WIRELESS_VCC 0.025000 3.281250 0.080435 MCU_VCC 0.007937 3.281250 0.025535
304 WIRELESS_VCC 0.025000 3.281250 0.080435 MCU_VCC 0.007937 3.281250 0.025535
305 WIRELESS_VCC 0.025000 3.281250 0.080435 MCU_VCC 0.007937 3.281250 0.025535
306 WIRELESS_VCC 0.025000 3.281250 0.080435 MCU_VCC 0.007937 3.281250 0.025535
307 WIRELESS_VCC 0.025000 3.281250 0.080435 MCU_VCC 0.007937 3.281250 0.025535
308 WIRELESS_VCC 0.025000 3.281250 0.080435 MCU_VCC 0.007937 3.281250 0.025535
309 WIRELESS_VCC 0.025000 3.281250 0.080435 MCU_VCC 0.007937 3.281250 0.025535
310 WIRELESS_VCC 0.025000 3.281250 0.080435 MCU_VCC 0.007937 3.281250 0.025535
311 WIRELESS_VCC 0.025000 3.281250 0.080435 MCU_VCC 0.007937 3.281250 0.025535
312 WIRELESS_VCC 0.025000 3.281250 0.080435 MCU_VCC 0.007937 3.281250 0.025535
313 WIRELESS_VCC 0.025000 3.281250 0.080435 MCU_VCC 0.008135 3.281250 0.026173
314 WIRELESS_VCC 0.025000 3.281250 0.080435 MCU_VCC 0.008135 3.281250 0.026173
315 WIRELESS_VCC 0.025000 3.281250 0.080435 MCU_VCC 0.007937 3.281250 0.025535
316 WIRELESS_VCC 0.025000 3.281250 0.080435 MCU_VCC 0.007937 3.281250 0.025535
317 WIRELESS_VCC 0.025000 3.281250 0.080435 MCU_VCC 0.007937 3.281250 0.025535
318 WIRELESS_VCC 0.025000 3.281250 0.080435 MCU_VCC 0.007937 3.281250 0.025535
319 WIRELESS_VCC 0.025000 3.281250 0.080435 MCU_VCC 0.008135 3.281250 0.026173
320 WIRELESS_VCC 0.025000 3.281250 0.080435 MCU_VCC 0.007937 3.281250 0.025535
321 WIRELESS_VCC 0.025000 3.281250 0.080435 MCU_VCC 0.008135 3.281250 0.026173
322 WIRELESS_VCC 0.025000 3.281250 0.080435 MCU_VCC 0.007937 3.281250 0.025535
323 WIRELESS_VCC 0.025000 3.281250 0.080435 MCU_VCC 0.007937 3.281250 0.025535
324 WIRELESS_VCC 0.025000 3.281250 0.080435 MCU_VCC 0.007937 3.281250 0.025535
325 WIRELESS_VCC 0.025000 3.281250 0.080435 MCU_VCC 0.007937 3.281250 0.025535
326 WIRELESS_VCC 0.025000 3.281250 0.080435 MCU_VCC 0.008135 3.281250 0.026173
327 WIRELESS_VCC 0.025000 3.281250 0.080435 MCU_VCC 0.008135 3.281250 0.026173
328 WIRELESS_VCC 0.025000 3.281250 0.080435 MCU_VCC 0.007937 3.281250 0.025535
329 WIRELESS_VCC 0.025000 3.281250 0.080435 MCU_VCC 0.007937 3.281250 0.025535
330 WIRELESS_VCC 0.025000 3.281250 0.080435 MCU_VCC 0.007937 3.281250 0.025535
331 WIRELESS_VCC 0.025000 3.281250 0.080435 MCU_VCC 0.007937 3.281250 0.025535
332 WIRELESS_VCC 0.025000 3.281250 0.080435 MCU_VCC 0.007937 3.281250 0.025535
333 WIRELESS_VCC 0.025000 3.281250 0.080435 MCU_VCC 0.007937 3.281250 0.025535
334 WIRELESS_VCC 0.025000 3.281250 0.080435 MCU_VCC 0.007937 3.281250 0.025535
335 WIRELESS_VCC 0.025000 3.281250 0.080435 MCU_VCC 0.008135 3.281250 0.026173
336 WIRELESS_VCC 0.025000 3.281250 0.080435 MCU_VCC 0.007937 3.281250 0.025535
337 WIRELESS_VCC 0.025000 3.281250 0.080435 MCU_VCC 0.007937 3.281250 0.025535
338 WIRELESS_VCC 0.025000 3.281250 0.080435 MCU_VCC 0.007937 3.281250 0.025535
339 WIRELESS_VCC 0.025000 3.281250 0.080435 MCU_VCC 0.007937 3.281250 0.025535
340 WIRELESS_VCC 0.025000 3.281250 0.080435 MCU_VCC 0.007937 3.281250 0.025535
341 WIRELESS_VCC 0.025000 3.281250 0.080435 MCU_VCC 0.007937 3.281250 0.025535
342 WIRELESS_VCC 0.025000 3.281250 0.080435 MCU_VCC 0.007937 3.281250 0.025535
343 WIRELESS_VCC 0.025000 3.281250 0.080435 MCU_VCC 0.007937 3.281250 0.025535
344 WIRELESS_VCC 0.025000 3.281250 0.080435 MCU_VCC 0.007937 3.281250 0.025535
345 WIRELESS_VCC 0.025000 3.281250 0.080435 MCU_VCC 0.007937 3.281250 0.025535
346 WIRELESS_VCC 0.025000 3.281250 0.080435 MCU_VCC 0.007937 3.281250 0.025535
347 WIRELESS_VCC 0.025000 3.281250 0.080435 MCU_VCC 0.007937 3.281250 0.025535
348 WIRELESS_VCC 0.025000 3.281250 0.080435 MCU_VCC 0.007937 3.281250 0.025535
349 WIRELESS_VCC 0.025000 3.281250 0.080435 MCU_VCC 0.007937 3.281250 0.025535
350 WIRELESS_VCC 0.025000 3.281250 0.080435 MCU_VCC 0.007937 3.281250 0.025535
351 WIRELESS_VCC 0.025000 3.281250 0.080435 MCU_VCC 0.007937 3.281250 0.025535
352 WIRELESS_VCC 0.025000 3.281250 0.080435 MCU_VCC 0.008135 3.281250 0.026173
353 WIRELESS_VCC 0.025000 3.281250 0.080435 MCU_VCC 0.007937 3.281250 0.025535
354 WIRELESS_VCC 0.025000 3.281250 0.080435 MCU_VCC 0.007937 3.281250 0.025535
355 WIRELESS_VCC 0.025000 3.281250 0.080435 MCU_VCC 0.007937 3.281250 0.025535
356 WIRELESS_VCC 0.025000 3.281250 0.080435 MCU_VCC 0.007937 3.281250 0.025535
357 WIRELESS_VCC 0.025000 3.281250 0.080435 MCU_VCC 0.007937 3.281250 0.025535
358 WIRELESS_VCC 0.025000 3.281250 0.080435 MCU_VCC 0.007937 3.281250 0.025535
359 WIRELESS_VCC 0.025000 3.281250 0.080435 MCU_VCC 0.007937 3.281250 0.025535
360 WIRELESS_VCC 0.025000 3.281250 0.080435 MCU_VCC 0.007937 3.281250 0.025535
361 WIRELESS_VCC 0.025000 3.281250 0.080435 MCU_VCC 0.007937 3.281250 0.025535
362 WIRELESS_VCC 0.025000 3.281250 0.080435 MCU_VCC 0.007937 3.281250 0.025535
363 WIRELESS_VCC 0.025000 3.281250 0.080435 MCU_VCC 0.007937 3.281250 0.025535
364 WIRELESS_VCC 0.025000 3.281250 0.080435 MCU_VCC 0.007937 3.281250 0.025535
365 WIRELESS_VCC 0.025000 3.281250 0.080435 MCU_VCC 0.007937 3.281250 0.025535
366 WIRELESS_VCC 0.025000 3.281250 0.080435 MCU_VCC 0.007937 3.281250 0.025535
367 WIRELESS_VCC 0.025000 3.281250 0.080435 MCU_VCC 0.007937 3.281250 0.025535
368 WIRELESS_VCC 0.025000 3.281250 0.080435 MCU_VCC 0.007937 3.281250 0.025535
369 WIRELESS_VCC 0.025000 3.281250 0.080435 MCU_VCC 0.007937 3.281250 0.025535
370 WIRELESS_VCC 0.025000 3.281250 0.080435 MCU_VCC 0.007937 3.281250 0.025535
371 WIRELESS_VCC 0.025000 3.281250 0.080435 MCU_VCC 0.007937 3.281250 0.025535
372 WIRELESS_VCC 0.025000 3.281250 0.080435 MCU_VCC 0.007937 3.281250 0.025535
373 WIRELESS_VCC 0.025000 3.281250 0.080435 MCU_VCC 0.007937 3.281250 0.025535
374 WIRELESS_VCC 0.025000 3.281250 0.080435 MCU_VCC 0.007937 3.281250 0.025535
375 WIRELESS_VCC 0.025000 3.281250 0.080435 MCU_VCC 0.007937 3.281250 0.025535
376 WIRELESS_VCC 0.025000 3.281250 0.080435 MCU_VCC 0.007937 3.281250 0.025535
377 WIRELESS_VCC 0.025000 3.281250 0.080435 MCU_VCC 0.007937 3.281250 0.025535
378 WIRELESS_VCC 0.025000 3.281250 0.080435 MCU_VCC 0.007937 3.281250 0.025535
379 WIRELESS_VCC 0.025000 3.281250 0.080435 MCU_VCC 0.007937 3.281250 0.025535
380 WIRELESS_VCC 0.025000 3.281250 0.080435 MCU_VCC 0.007937 3.281250 0.025535
381 WIRELESS_VCC 0.025000 3.281250 0.080435 MCU_VCC 0.007937 3.281250 0.025535
382 WIRELESS_VCC 0.025000 3.281250 0.080435 MCU_VCC 0.007937 3.281250 0.025535
383 WIRELESS_VCC 0.025000 3.281250 0.080435 MCU_VCC 0.007937 3.281250 0.025535
384 WIRELESS_VCC 0.025000 3.281250 0.080435 MCU_VCC 0.007937 3.281250 0.025535
385 WIRELESS_VCC 0.025000 3.281250 0.080435 MCU_VCC 0.008135 3.281250 0.026173
386 WIRELESS_VCC 0.025000 3.281250 0.080435 MCU_VCC 0.007937 3.281250 0.025535
387 WIRELESS_VCC 0.025000 3.281250 0.080435 MCU_VCC 0.007937 3.281250 0.025535
388 WIRELESS_VCC 0.025000 3.281250 0.080435 MCU_VCC 0.007937 3.281250 0.025535
389 WIRELESS_VCC 0.025000 3.281250 0.080435 MCU_VCC 0.007937 3.281250 0.025535
390 WIRELESS_VCC 0.025000 3.281250 0.080435 MCU_VCC 0.007937 3.281250 0.025535
391 WIRELESS_VCC 0.025000 3.281250 0.080435 MCU_VCC 0.007937 3.281250 0.025535
392 WIRELESS_VCC 0.025000 3.281250 0.080435 MCU_VCC 0.007937 3.281250 0.025535
393 WIRELESS_VCC 0.025000 3.281250 0.080435 MCU_VCC 0.007937 3.281250 0.025535
394 WIRELESS_VCC 0.025000 3.281250 0.080435 MCU_VCC 0.008135 3.281250 0.026173
395 WIRELESS_VCC 0.025000 3.281250 0.080435 MCU_VCC 0.008135 3.281250 0.026173
396 WIRELESS_VCC 0.025000 3.281250 0.080435 MCU_VCC 0.007937 3.281250 0.025535
397 WIRELESS_VCC 0.025000 3.281250 0.080435 MCU_VCC 0.008135 3.281250 0.026173
398 WIRELESS_VCC 0.025000 3.281250 0.080435 MCU_VCC 0.007937 3.281250 0.025535
399 WIRELESS_VCC 0.025000 3.281250 0.080435 MCU_VCC 0.007937 3.281250 0.025535
400 WIRELESS_VCC 0.025000 3.281250 0.080435 MCU_VCC 0.007937 3.281250 0.025535
401 WIRELESS_VCC 0.025000 3.281250 0.080435 MCU_VCC 0.007937 3.281250 0.025535
402 WIRELESS_VCC 0.025000 3.281250 0.080435 MCU_VCC 0.007937 3.281250 0.025535
403 WIRELESS_VCC 0.025000 3.281250 0.080435 MCU_VCC 0.007937 3.281250 0.025535
404 WIRELESS_VCC 0.025000 3.281250 0.080435 MCU_VCC 0.007937 3.281250 0.025535
405 WIRELESS_VCC 0.025000 3.281250 0.080435 MCU_VCC 0.007937 3.281250 0.025535
406 WIRELESS_VCC 0.025000 3.281250 0.080435 MCU_VCC 0.007937 3.281250 0.025535
407 WIRELESS_VCC 0.025000 3.281250 0.080435 MCU_VCC 0.007937 3.281250 0.025535
408 WIRELESS_VCC 0.025000 3.281250 0.080435 MCU_VCC 0.007937 3.281250 0.025535
409 WIRELESS_VCC 0.025000 3.281250 0.080435 MCU_VCC 0.007937 3.281250 0.025535
410 WIRELESS_VCC 0.025000 3.281250 0.080435 MCU_VCC 0.007937 3.281250 0.025535
411 WIRELESS_VCC 0.025000 3.281250 0.080435 MCU_VCC 0.007937 3.281250 0.025535
412 WIRELESS_VCC 0.025000 3.281250 0.080435 MCU_VCC 0.008135 3.281250 0.026173
413 WIRELESS_VCC 0.025000 3.281250 0.080435 MCU_VCC 0.007937 3.281250 0.025535
414 WIRELESS_VCC 0.025000 3.281250 0.080435 MCU_VCC 0.007937 3.281250 0.025535
415 WIRELESS_VCC 0.025000 3.281250 0.080435 MCU_VCC 0.007937 3.281250 0.025535
416 WIRELESS_VCC 0.025000 3.281250 0.080435 MCU_VCC 0.007937 3.281250 0.025535
417 WIRELESS_VCC 0.025000 3.281250 0.080435 MCU_VCC 0.007937 3.281250 0.025535
418 WIRELESS_VCC 0.025000 3.281250 0.080435 MCU_VCC 0.008135 3.281250 0.026173
419 WIRELESS_VCC 0.025000 3.281250 0.080435 MCU_VCC 0.007937 3.281250 0.025535
420 WIRELESS_VCC 0.025000 3.281250 0.080435 MCU_VCC 0.007937 3.281250 0.025535
421 WIRELESS_VCC 0.025000 3.281250 0.080435 MCU_VCC 0.007937 3.281250 0.025535
422 WIRELESS_VCC 0.025000 3.281250 0.080435 MCU_VCC 0.007937 3.281250 0.025535
423 WIRELESS_VCC 0.025000 3.281250 0.080435 MCU_VCC 0.007937 3.281250 0.025535
424 WIRELESS_VCC 0.025000 3.281250 0.080435 MCU_VCC 0.008135 3.281250 0.026173
425 WIRELESS_VCC 0.025000 3.281250 0.080435 MCU_VCC 0.007937 3.281250 0.025535
426 WIRELESS_VCC 0.025000 3.281250 0.080435 MCU_VCC 0.007937 3.281250 0.025535
427 WIRELESS_VCC 0.025000 3.281250 0.080435 MCU_VCC 0.007937 3.281250 0.025535
428 WIRELESS_VCC 0.025000 3.281250 0.080435 MCU_VCC 0.008135 3.281250 0.026173
429 WIRELESS_VCC 0.025000 3.281250 0.080435 MCU_VCC 0.008135 3.281250 0.026173
430 WIRELESS_VCC 0.025000 3.281250 0.080435 MCU_VCC 0.007937 3.281250 0.025535
431 WIRELESS_VCC 0.025000 3.281250 0.080435 MCU_VCC 0.007937 3.281250 0.025535
432 WIRELESS_VCC 0.025000 3.281250 0.080435 MCU_VCC 0.007937 3.281250 0.025535
433 WIRELESS_VCC 0.025000 3.281250 0.080435 MCU_VCC 0.007937 3.281250 0.025535
434 WIRELESS_VCC 0.025000 3.281250 0.080435 MCU_VCC 0.007937 3.281250 0.025535
435 WIRELESS_VCC 0.025000 3.281250 0.080435 MCU_VCC 0.008135 3.281250 0.026173
436 WIRELESS_VCC 0.025000 3.281250 0.080435 MCU_VCC 0.008135 3.281250 0.026173
437 WIRELESS_VCC 0.025000 3.281250 0.080435 MCU_VCC 0.007937 3.281250 0.025535
438 WIRELESS_VCC 0.025000 3.281250 0.080435 MCU_VCC 0.007937 3.281250 0.025535
439 WIRELESS_VCC 0.025000 3.281250 0.080435 MCU_VCC 0.007937 3.281250 0.025535
440 WIRELESS_VCC 0.025000 3.281250 0.080435 MCU_VCC 0.007937 3.281250 0.025535
441 WIRELESS_VCC 0.025000 3.281250 0.080435 MCU_VCC 0.007937 3.281250 0.025535
442 WIRELESS_VCC 0.025000 3.281250 0.080435 MCU_VCC 0.007937 3.281250 0.025535
