FPGA_VCCINT 0.0012 1 FPGA_VCCAUX 0.000000 3.281250 0.000000 FPGA_VCCINT 0.000000 1.093750 0.000000
55 2 FPGA_VCCAUX 0.000000 3.281250 0.000000 FPGA_VCCINT 0.000000 1.093750 0.000000
108 3 FPGA_VCCAUX 0.000000 3.281250 0.000000 FPGA_VCCINT 0.000000 1.093750 0.000000
158 4 FPGA_VCCAUX 0.000000 3.281250 0.000000 FPGA_VCCINT 0.000000 1.093750 0.000000
212 5 FPGA_VCCAUX 0.000000 3.281250 0.000000 FPGA_VCCINT 0.000000 1.093750 0.000000
265 6 FPGA_VCCAUX 0.000000 3.281250 0.000000 FPGA_VCCINT 0.000000 1.093750 0.000000
318 7 FPGA_VCCAUX 0.000000 3.281250 0.000000 FPGA_VCCINT 0.000000 1.093750 0.000000
369 8 FPGA_VCCAUX 0.000000 3.281250 0.000000 FPGA_VCCINT 0.000000 1.093750 0.000000
422 9 FPGA_VCCAUX 0.000000 3.281250 0.000000 FPGA_VCCINT 0.000000 1.093750 0.000000
476 10 FPGA_VCCAUX 0.000000 3.281250 0.000000 FPGA_VCCINT 0.000000 1.093750 0.000000
526 11 FPGA_VCCAUX 0.000000 3.281250 0.000000 FPGA_VCCINT 0.000000 1.093750 0.000000
580 12 FPGA_VCCAUX 0.000000 3.281250 0.000000 FPGA_VCCINT 0.000000 1.093750 0.000000
633 13 FPGA_VCCAUX 0.000000 3.281250 0.000000 FPGA_VCCINT 0.000000 1.093750 0.000000
684 14 FPGA_VCCAUX 0.000000 3.281250 0.000000 FPGA_VCCINT 0.000000 1.093750 0.000000
738 15 FPGA_VCCAUX 0.000000 3.281250 0.000000 FPGA_VCCINT 0.000000 1.093750 0.000000
789 16 FPGA_VCCAUX 0.000000 3.281250 0.000000 FPGA_VCCINT 0.000000 1.093750 0.000000
842 17 FPGA_VCCAUX 0.000000 3.281250 0.000000 FPGA_VCCINT 0.000000 1.093750 0.000000
896 18 FPGA_VCCAUX 0.000000 3.281250 0.000000 FPGA_VCCINT 0.000000 1.093750 0.000000
947 19 FPGA_VCCAUX 0.000000 3.281250 0.000000 FPGA_VCCINT 0.000000 1.093750 0.000000
1001 20 FPGA_VCCAUX 0.000000 3.281250 0.000000 FPGA_VCCINT 0.000000 1.093750 0.000000
1052 21 FPGA_VCCAUX 0.000000 3.281250 0.000000 FPGA_VCCINT 0.000000 1.093750 0.000000
1105 22 FPGA_VCCAUX 0.000000 3.281250 0.000000 FPGA_VCCINT 0.000000 1.093750 0.000000
1157 23 FPGA_VCCAUX 0.000000 3.281250 0.000000 FPGA_VCCINT 0.000000 1.093750 0.000000
1210 24 FPGA_VCCAUX 0.000000 3.281250 0.000000 FPGA_VCCINT 0.000000 1.093750 0.000000
1261 25 FPGA_VCCAUX 0.000000 3.281250 0.000000 FPGA_VCCINT 0.000000 1.093750 0.000000
1315 26 FPGA_VCCAUX 0.000000 3.281250 0.000000 FPGA_VCCINT 0.000000 1.093750 0.000000
1367 27 FPGA_VCCAUX 0.000000 3.281250 0.000000 FPGA_VCCINT 0.000000 1.093750 0.000000
1420 28 FPGA_VCCAUX 0.000000 3.281250 0.000000 FPGA_VCCINT 0.000000 1.093750 0.000000
1471 29 FPGA_VCCAUX 0.000000 3.281250 0.000000 FPGA_VCCINT 0.000000 1.093750 0.000000
1525 30 FPGA_VCCAUX 0.000000 3.281250 0.000000 FPGA_VCCINT 0.000000 1.093750 0.000000
1577 31 FPGA_VCCAUX 0.000000 3.281250 0.000000 FPGA_VCCINT 0.000000 1.093750 0.000000
1630 32 FPGA_VCCAUX 0.000000 3.281250 0.000000 FPGA_VCCINT 0.000000 1.093750 0.000000
1681 33 FPGA_VCCAUX 0.000000 3.281250 0.000000 FPGA_VCCINT 0.000000 1.093750 0.000000
1736 34 FPGA_VCCAUX 0.000000 3.281250 0.000000 FPGA_VCCINT 0.000000 1.093750 0.000000
