14 1 FPGA_VCCAUX 0.051330 3.300781 0.169211 FPGA_VCCINT 0.007149 1.171875 0.008333
785 2 FPGA_VCCAUX 0.051330 3.300781 0.169211 FPGA_VCCINT 0.007149 1.171875 0.008333
1578 3 FPGA_VCCAUX 0.051330 3.300781 0.169211 FPGA_VCCINT 0.007149 1.171875 0.008333
2373 4 FPGA_VCCAUX 0.051330 3.300781 0.169211 FPGA_VCCINT 0.007149 1.171875 0.008333
3166 5 FPGA_VCCAUX 0.051330 3.300781 0.169211 FPGA_VCCINT 0.007149 1.171875 0.008333
3959 6 FPGA_VCCAUX 0.051330 3.300781 0.169211 FPGA_VCCINT 0.007149 1.171875 0.008333
4751 7 FPGA_VCCAUX 0.051330 3.300781 0.169211 FPGA_VCCINT 0.007149 1.171875 0.008333
5547 8 FPGA_VCCAUX 0.051378 3.300781 0.169389 FPGA_VCCINT 0.007149 1.171875 0.008333
6970 9 FPGA_VCCAUX 0.051330 3.300781 0.169211 FPGA_VCCINT 0.007149 1.171875 0.008333
7766 10 FPGA_VCCAUX 0.051330 3.300781 0.169211 FPGA_VCCINT 0.007149 1.171875 0.008333
8559 11 FPGA_VCCAUX 0.051330 3.300781 0.169211 FPGA_VCCINT 0.007149 1.171875 0.008333
9352 12 FPGA_VCCAUX 0.051330 3.300781 0.169211 FPGA_VCCINT 0.007149 1.171875 0.008333
10145 13 FPGA_VCCAUX 0.051330 3.300781 0.169211 FPGA_VCCINT 0.007149 1.171875 0.008333
10941 14 FPGA_VCCAUX 0.051330 3.300781 0.169211 FPGA_VCCINT 0.007149 1.171875 0.008333
11734 15 FPGA_VCCAUX 0.051330 3.300781 0.169211 FPGA_VCCINT 0.007197 1.171875 0.008392
12527 16 FPGA_VCCAUX 0.051330 3.300781 0.169211 FPGA_VCCINT 0.007149 1.171875 0.008333
13321 17 FPGA_VCCAUX 0.051330 3.300781 0.169211 FPGA_VCCINT 0.007149 1.171875 0.008333
14747 18 FPGA_VCCAUX 0.051330 3.300781 0.169211 FPGA_VCCINT 0.007149 1.171875 0.008333
