FPGA_VCCAUX 0.0013 1 FPGA_VCCAUX 0.009292 3.281250 0.029895 FPGA_VCCINT 0.005807 1.093750 0.006228
53 2 FPGA_VCCAUX 0.009292 3.281250 0.029895 FPGA_VCCINT 0.005614 1.093750 0.006020
107 3 FPGA_VCCAUX 0.009292 3.281250 0.029895 FPGA_VCCINT 0.005807 1.093750 0.006228
157 4 FPGA_VCCAUX 0.009292 3.281250 0.029895 FPGA_VCCINT 0.005807 1.093750 0.006228
210 5 FPGA_VCCAUX 0.009292 3.281250 0.029895 FPGA_VCCINT 0.005807 1.093750 0.006228
263 6 FPGA_VCCAUX 0.009292 3.281250 0.029895 FPGA_VCCINT 0.005807 1.093750 0.006228
316 7 FPGA_VCCAUX 0.009292 3.281250 0.029895 FPGA_VCCINT 0.005807 1.093750 0.006228
368 8 FPGA_VCCAUX 0.009292 3.281250 0.029895 FPGA_VCCINT 0.005807 1.093750 0.006228
421 9 FPGA_VCCAUX 0.009292 3.281250 0.029895 FPGA_VCCINT 0.005807 1.093750 0.006228
474 10 FPGA_VCCAUX 0.009292 3.281250 0.029895 FPGA_VCCINT 0.005614 1.093750 0.006020
527 11 FPGA_VCCAUX 0.009292 3.281250 0.029895 FPGA_VCCINT 0.005807 1.093750 0.006228
580 12 FPGA_VCCAUX 0.009292 3.281250 0.029895 FPGA_VCCINT 0.005807 1.093750 0.006228
630 13 FPGA_VCCAUX 0.009292 3.281250 0.029895 FPGA_VCCINT 0.005807 1.093750 0.006228
683 14 FPGA_VCCAUX 0.009292 3.281250 0.029895 FPGA_VCCINT 0.005807 1.093750 0.006228
736 15 FPGA_VCCAUX 0.009292 3.281250 0.029895 FPGA_VCCINT 0.005807 1.093750 0.006228
789 16 FPGA_VCCAUX 0.009292 3.281250 0.029895 FPGA_VCCINT 0.005807 1.093750 0.006228
842 17 FPGA_VCCAUX 0.009292 3.281250 0.029895 FPGA_VCCINT 0.005614 1.093750 0.006020
892 18 FPGA_VCCAUX 0.009292 3.281250 0.029895 FPGA_VCCINT 0.005807 1.093750 0.006228
945 19 FPGA_VCCAUX 0.009292 3.281250 0.029895 FPGA_VCCINT 0.005807 1.093750 0.006228
998 20 FPGA_VCCAUX 0.009292 3.281250 0.029895 FPGA_VCCINT 0.005807 1.093750 0.006228
1051 21 FPGA_VCCAUX 0.009292 3.281250 0.029895 FPGA_VCCINT 0.005807 1.093750 0.006228
1104 22 FPGA_VCCAUX 0.009292 3.281250 0.029895 FPGA_VCCINT 0.005807 1.093750 0.006228
1155 23 FPGA_VCCAUX 0.009292 3.281250 0.029895 FPGA_VCCINT 0.005807 1.093750 0.006228
1208 24 FPGA_VCCAUX 0.009292 3.281250 0.029895 FPGA_VCCINT 0.005807 1.093750 0.006228
1261 25 FPGA_VCCAUX 0.009292 3.281250 0.029895 FPGA_VCCINT 0.005807 1.093750 0.006228
1311 26 FPGA_VCCAUX 0.009292 3.281250 0.029895 FPGA_VCCINT 0.005614 1.093750 0.006020
1364 27 FPGA_VCCAUX 0.009292 3.281250 0.029895 FPGA_VCCINT 0.005807 1.093750 0.006228
1418 28 FPGA_VCCAUX 0.009292 3.281250 0.029895 FPGA_VCCINT 0.005807 1.093750 0.006228
1471 29 FPGA_VCCAUX 0.009292 3.281250 0.029895 FPGA_VCCINT 0.005807 1.093750 0.006228
1524 30 FPGA_VCCAUX 0.009292 3.281250 0.029895 FPGA_VCCINT 0.005807 1.093750 0.006228
1575 31 FPGA_VCCAUX 0.009292 3.281250 0.029895 FPGA_VCCINT 0.005807 1.093750 0.006228
1628 32 FPGA_VCCAUX 0.009292 3.281250 0.029895 FPGA_VCCINT 0.005807 1.093750 0.006228
1681 33 FPGA_VCCAUX 0.009292 3.281250 0.029895 FPGA_VCCINT 0.005807 1.093750 0.006228
1732 34 FPGA_VCCAUX 0.009292 3.281250 0.029895 FPGA_VCCINT 0.005807 1.093750 0.006228
1785 35 FPGA_VCCAUX 0.010066 3.281250 0.032386 FPGA_VCCINT 0.005807 1.093750 0.006228
1838 36 FPGA_VCCAUX 0.013937 3.281250 0.044842 FPGA_VCCINT 0.006969 1.093750 0.007474
1889 37 FPGA_VCCAUX 0.013937 3.281250 0.044842 FPGA_VCCINT 0.006969 1.093750 0.007474
1942 38 FPGA_VCCAUX 0.013937 3.281250 0.044842 FPGA_VCCINT 0.006969 1.093750 0.007474
1995 39 FPGA_VCCAUX 0.013937 3.281250 0.044842 FPGA_VCCINT 0.006969 1.093750 0.007474
2101 40 FPGA_VCCAUX 0.013937 3.281250 0.044842 FPGA_VCCINT 0.006969 1.093750 0.007474
2152 41 FPGA_VCCAUX 0.013937 3.281250 0.044842 FPGA_VCCINT 0.006969 1.093750 0.007474
2205 42 FPGA_VCCAUX 0.013937 3.281250 0.044842 FPGA_VCCINT 0.006969 1.093750 0.007474
2258 43 FPGA_VCCAUX 0.013937 3.281250 0.044842 FPGA_VCCINT 0.006969 1.093750 0.007474
2309 44 FPGA_VCCAUX 0.013937 3.281250 0.044842 FPGA_VCCINT 0.006969 1.093750 0.007474
2362 45 FPGA_VCCAUX 0.013937 3.281250 0.044842 FPGA_VCCINT 0.006969 1.093750 0.007474
2415 46 FPGA_VCCAUX 0.013937 3.281250 0.044842 FPGA_VCCINT 0.006969 1.093750 0.007474
2466 47 FPGA_VCCAUX 0.013937 3.281250 0.044842 FPGA_VCCINT 0.006969 1.093750 0.007474
2519 48 FPGA_VCCAUX 0.013937 3.281250 0.044842 FPGA_VCCINT 0.006969 1.093750 0.007474
2573 49 FPGA_VCCAUX 0.013937 3.281250 0.044842 FPGA_VCCINT 0.006969 1.093750 0.007474
2623 50 FPGA_VCCAUX 0.013937 3.281250 0.044842 FPGA_VCCINT 0.006969 1.093750 0.007474
2677 51 FPGA_VCCAUX 0.013937 3.281250 0.044842 FPGA_VCCINT 0.006969 1.093750 0.007474
2730 52 FPGA_VCCAUX 0.013937 3.281250 0.044842 FPGA_VCCINT 0.006969 1.093750 0.007474
2781 53 FPGA_VCCAUX 0.013937 3.281250 0.044842 FPGA_VCCINT 0.006969 1.093750 0.007474
2834 54 FPGA_VCCAUX 0.013937 3.281250 0.044842 FPGA_VCCINT 0.006969 1.093750 0.007474
2887 55 FPGA_VCCAUX 0.013937 3.281250 0.044842 FPGA_VCCINT 0.006969 1.093750 0.007474
2938 56 FPGA_VCCAUX 0.013937 3.281250 0.044842 FPGA_VCCINT 0.006969 1.093750 0.007474
2991 57 FPGA_VCCAUX 0.013937 3.281250 0.044842 FPGA_VCCINT 0.006969 1.093750 0.007474
3045 58 FPGA_VCCAUX 0.013937 3.281250 0.044842 FPGA_VCCINT 0.006969 1.093750 0.007474
3095 59 FPGA_VCCAUX 0.013937 3.281250 0.044842 FPGA_VCCINT 0.006969 1.093750 0.007474
3148 60 FPGA_VCCAUX 0.013937 3.281250 0.044842 FPGA_VCCINT 0.006969 1.093750 0.007474
3202 61 FPGA_VCCAUX 0.013937 3.281250 0.044842 FPGA_VCCINT 0.006969 1.093750 0.007474
3252 62 FPGA_VCCAUX 0.013937 3.281250 0.044842 FPGA_VCCINT 0.006969 1.093750 0.007474
3306 63 FPGA_VCCAUX 0.013937 3.281250 0.044842 FPGA_VCCINT 0.006969 1.093750 0.007474
3359 64 FPGA_VCCAUX 0.013937 3.281250 0.044842 FPGA_VCCINT 0.006969 1.093750 0.007474
3410 65 FPGA_VCCAUX 0.013937 3.281250 0.044842 FPGA_VCCINT 0.006969 1.093750 0.007474
3463 66 FPGA_VCCAUX 0.013937 3.281250 0.044842 FPGA_VCCINT 0.006969 1.093750 0.007474
3516 67 FPGA_VCCAUX 0.013937 3.281250 0.044842 FPGA_VCCINT 0.006969 1.093750 0.007474
3569 68 FPGA_VCCAUX 0.013937 3.281250 0.044842 FPGA_VCCINT 0.006969 1.093750 0.007474
3620 69 FPGA_VCCAUX 0.013937 3.281250 0.044842 FPGA_VCCINT 0.006969 1.093750 0.007474
3673 70 FPGA_VCCAUX 0.013937 3.281250 0.044842 FPGA_VCCINT 0.006969 1.093750 0.007474
3727 71 FPGA_VCCAUX 0.013937 3.281250 0.044842 FPGA_VCCINT 0.006969 1.093750 0.007474
3777 72 FPGA_VCCAUX 0.013937 3.281250 0.044842 FPGA_VCCINT 0.006969 1.093750 0.007474
3830 73 FPGA_VCCAUX 0.013937 3.281250 0.044842 FPGA_VCCINT 0.006969 1.093750 0.007474
3884 74 FPGA_VCCAUX 0.013937 3.281250 0.044842 FPGA_VCCINT 0.006969 1.093750 0.007474
3934 75 FPGA_VCCAUX 0.013937 3.281250 0.044842 FPGA_VCCINT 0.006969 1.093750 0.007474
3987 76 FPGA_VCCAUX 0.013937 3.281250 0.044842 FPGA_VCCINT 0.006969 1.093750 0.007474
4041 77 FPGA_VCCAUX 0.013937 3.281250 0.044842 FPGA_VCCINT 0.006969 1.093750 0.007474
4092 78 FPGA_VCCAUX 0.013937 3.281250 0.044842 FPGA_VCCINT 0.006969 1.093750 0.007474
4145 79 FPGA_VCCAUX 0.013937 3.281250 0.044842 FPGA_VCCINT 0.006969 1.093750 0.007474
4198 80 FPGA_VCCAUX 0.013937 3.281250 0.044842 FPGA_VCCINT 0.006969 1.093750 0.007474
4251 81 FPGA_VCCAUX 0.013937 3.281250 0.044842 FPGA_VCCINT 0.006969 1.093750 0.007474
4302 82 FPGA_VCCAUX 0.013937 3.281250 0.044842 FPGA_VCCINT 0.006969 1.093750 0.007474
4355 83 FPGA_VCCAUX 0.013937 3.281250 0.044842 FPGA_VCCINT 0.006969 1.093750 0.007474
4408 84 FPGA_VCCAUX 0.013937 3.281250 0.044842 FPGA_VCCINT 0.006969 1.093750 0.007474
4485 85 FPGA_VCCAUX 0.013937 3.281250 0.044842 FPGA_VCCINT 0.006969 1.093750 0.007474
4538 86 FPGA_VCCAUX 0.013937 3.281250 0.044842 FPGA_VCCINT 0.006969 1.093750 0.007474
4592 87 FPGA_VCCAUX 0.013937 3.281250 0.044842 FPGA_VCCINT 0.006969 1.093750 0.007474
4643 88 FPGA_VCCAUX 0.013937 3.281250 0.044842 FPGA_VCCINT 0.006969 1.093750 0.007474
4696 89 FPGA_VCCAUX 0.013937 3.281250 0.044842 FPGA_VCCINT 0.006969 1.093750 0.007474
4749 90 FPGA_VCCAUX 0.013937 3.281250 0.044842 FPGA_VCCINT 0.006969 1.093750 0.007474
4800 91 FPGA_VCCAUX 0.013937 3.281250 0.044842 FPGA_VCCINT 0.006969 1.093750 0.007474
4854 92 FPGA_VCCAUX 0.013937 3.281250 0.044842 FPGA_VCCINT 0.006969 1.093750 0.007474
4907 93 FPGA_VCCAUX 0.013937 3.281250 0.044842 FPGA_VCCINT 0.006969 1.093750 0.007474
4957 94 FPGA_VCCAUX 0.013937 3.281250 0.044842 FPGA_VCCINT 0.006969 1.093750 0.007474
5010 95 FPGA_VCCAUX 0.013937 3.281250 0.044842 FPGA_VCCINT 0.006969 1.093750 0.007474
5064 96 FPGA_VCCAUX 0.013937 3.281250 0.044842 FPGA_VCCINT 0.006969 1.093750 0.007474
5117 97 FPGA_VCCAUX 0.013937 3.281250 0.044842 FPGA_VCCINT 0.006969 1.093750 0.007474
5168 98 FPGA_VCCAUX 0.013937 3.281250 0.044842 FPGA_VCCINT 0.006969 1.093750 0.007474
5221 99 FPGA_VCCAUX 0.013937 3.281250 0.044842 FPGA_VCCINT 0.006969 1.093750 0.007474
5274 100 FPGA_VCCAUX 0.013937 3.281250 0.044842 FPGA_VCCINT 0.006969 1.093750 0.007474
5325 101 FPGA_VCCAUX 0.013937 3.281250 0.044842 FPGA_VCCINT 0.006969 1.093750 0.007474
5379 102 FPGA_VCCAUX 0.013937 3.281250 0.044842 FPGA_VCCINT 0.006969 1.093750 0.007474
5430 103 FPGA_VCCAUX 0.013937 3.281250 0.044842 FPGA_VCCINT 0.006969 1.093750 0.007474
5483 104 FPGA_VCCAUX 0.013937 3.281250 0.044842 FPGA_VCCINT 0.006969 1.093750 0.007474
5534 105 FPGA_VCCAUX 0.013937 3.281250 0.044842 FPGA_VCCINT 0.006969 1.093750 0.007474
5588 106 FPGA_VCCAUX 0.013937 3.281250 0.044842 FPGA_VCCINT 0.006969 1.093750 0.007474
5641 107 FPGA_VCCAUX 0.013937 3.281250 0.044842 FPGA_VCCINT 0.006969 1.093750 0.007474
5692 108 FPGA_VCCAUX 0.013937 3.281250 0.044842 FPGA_VCCINT 0.006969 1.093750 0.007474
5745 109 FPGA_VCCAUX 0.013937 3.281250 0.044842 FPGA_VCCINT 0.006969 1.093750 0.007474
5796 110 FPGA_VCCAUX 0.013937 3.281250 0.044842 FPGA_VCCINT 0.006969 1.093750 0.007474
5850 111 FPGA_VCCAUX 0.013937 3.281250 0.044842 FPGA_VCCINT 0.006969 1.093750 0.007474
5903 112 FPGA_VCCAUX 0.013937 3.281250 0.044842 FPGA_VCCINT 0.006969 1.093750 0.007474
5954 113 FPGA_VCCAUX 0.013937 3.281250 0.044842 FPGA_VCCINT 0.006969 1.093750 0.007474
6008 114 FPGA_VCCAUX 0.013937 3.281250 0.044842 FPGA_VCCINT 0.006969 1.093750 0.007474
6059 115 FPGA_VCCAUX 0.013937 3.281250 0.044842 FPGA_VCCINT 0.006969 1.093750 0.007474
6112 116 FPGA_VCCAUX 0.013937 3.281250 0.044842 FPGA_VCCINT 0.006969 1.093750 0.007474
6166 117 FPGA_VCCAUX 0.013937 3.281250 0.044842 FPGA_VCCINT 0.006969 1.093750 0.007474
6217 118 FPGA_VCCAUX 0.013937 3.281250 0.044842 FPGA_VCCINT 0.006969 1.093750 0.007474
6270 119 FPGA_VCCAUX 0.013937 3.281250 0.044842 FPGA_VCCINT 0.006969 1.093750 0.007474
6321 120 FPGA_VCCAUX 0.013937 3.281250 0.044842 FPGA_VCCINT 0.006969 1.093750 0.007474
6374 121 FPGA_VCCAUX 0.013937 3.281250 0.044842 FPGA_VCCINT 0.006969 1.093750 0.007474
6428 122 FPGA_VCCAUX 0.013937 3.281250 0.044842 FPGA_VCCINT 0.006969 1.093750 0.007474
6479 123 FPGA_VCCAUX 0.013937 3.281250 0.044842 FPGA_VCCINT 0.006969 1.093750 0.007474
6532 124 FPGA_VCCAUX 0.013937 3.281250 0.044842 FPGA_VCCINT 0.006969 1.093750 0.007474
6583 125 FPGA_VCCAUX 0.013937 3.281250 0.044842 FPGA_VCCINT 0.006969 1.093750 0.007474
6637 126 FPGA_VCCAUX 0.013937 3.281250 0.044842 FPGA_VCCINT 0.006969 1.093750 0.007474
6690 127 FPGA_VCCAUX 0.013937 3.281250 0.044842 FPGA_VCCINT 0.006969 1.093750 0.007474
6741 128 FPGA_VCCAUX 0.013937 3.281250 0.044842 FPGA_VCCINT 0.006969 1.093750 0.007474
6795 129 FPGA_VCCAUX 0.013937 3.281250 0.044842 FPGA_VCCINT 0.006969 1.093750 0.007474
6846 130 FPGA_VCCAUX 0.013937 3.281250 0.044842 FPGA_VCCINT 0.006969 1.093750 0.007474
6899 131 FPGA_VCCAUX 0.013937 3.281250 0.044842 FPGA_VCCINT 0.006969 1.093750 0.007474
7003 132 FPGA_VCCAUX 0.013937 3.281250 0.044842 FPGA_VCCINT 0.006969 1.093750 0.007474
7056 133 FPGA_VCCAUX 0.013937 3.281250 0.044842 FPGA_VCCINT 0.006969 1.093750 0.007474
7110 134 FPGA_VCCAUX 0.013937 3.281250 0.044842 FPGA_VCCINT 0.006969 1.093750 0.007474
7161 135 FPGA_VCCAUX 0.013937 3.281250 0.044842 FPGA_VCCINT 0.006969 1.093750 0.007474
7214 136 FPGA_VCCAUX 0.013937 3.281250 0.044842 FPGA_VCCINT 0.006969 1.093750 0.007474
7268 137 FPGA_VCCAUX 0.013937 3.281250 0.044842 FPGA_VCCINT 0.006969 1.093750 0.007474
7319 138 FPGA_VCCAUX 0.013937 3.281250 0.044842 FPGA_VCCINT 0.006969 1.093750 0.007474
7372 139 FPGA_VCCAUX 0.013937 3.281250 0.044842 FPGA_VCCINT 0.006969 1.093750 0.007474
7423 140 FPGA_VCCAUX 0.013937 3.281250 0.044842 FPGA_VCCINT 0.006969 1.093750 0.007474
7476 141 FPGA_VCCAUX 0.013937 3.281250 0.044842 FPGA_VCCINT 0.006969 1.093750 0.007474
7528 142 FPGA_VCCAUX 0.013937 3.281250 0.044842 FPGA_VCCINT 0.006969 1.093750 0.007474
7581 143 FPGA_VCCAUX 0.013937 3.281250 0.044842 FPGA_VCCINT 0.006969 1.093750 0.007474
7634 144 FPGA_VCCAUX 0.013937 3.281250 0.044842 FPGA_VCCINT 0.006969 1.093750 0.007474
7685 145 FPGA_VCCAUX 0.013937 3.281250 0.044842 FPGA_VCCINT 0.006969 1.093750 0.007474
7739 146 FPGA_VCCAUX 0.013937 3.281250 0.044842 FPGA_VCCINT 0.006969 1.093750 0.007474
7792 147 FPGA_VCCAUX 0.013937 3.281250 0.044842 FPGA_VCCINT 0.006969 1.093750 0.007474
7843 148 FPGA_VCCAUX 0.013937 3.281250 0.044842 FPGA_VCCINT 0.006969 1.093750 0.007474
7897 149 FPGA_VCCAUX 0.013937 3.281250 0.044842 FPGA_VCCINT 0.006969 1.093750 0.007474
7948 150 FPGA_VCCAUX 0.013937 3.281250 0.044842 FPGA_VCCINT 0.006969 1.093750 0.007474
8001 151 FPGA_VCCAUX 0.013937 3.281250 0.044842 FPGA_VCCINT 0.006969 1.093750 0.007474
8052 152 FPGA_VCCAUX 0.013937 3.281250 0.044842 FPGA_VCCINT 0.006969 1.093750 0.007474
8106 153 FPGA_VCCAUX 0.013937 3.281250 0.044842 FPGA_VCCINT 0.006969 1.093750 0.007474
8157 154 FPGA_VCCAUX 0.013937 3.281250 0.044842 FPGA_VCCINT 0.006969 1.093750 0.007474
8210 155 FPGA_VCCAUX 0.013937 3.281250 0.044842 FPGA_VCCINT 0.006969 1.093750 0.007474
8263 156 FPGA_VCCAUX 0.013937 3.281250 0.044842 FPGA_VCCINT 0.006969 1.093750 0.007474
8314 157 FPGA_VCCAUX 0.013937 3.281250 0.044842 FPGA_VCCINT 0.006969 1.093750 0.007474
8368 158 FPGA_VCCAUX 0.013937 3.281250 0.044842 FPGA_VCCINT 0.006969 1.093750 0.007474
8419 159 FPGA_VCCAUX 0.013937 3.281250 0.044842 FPGA_VCCINT 0.006969 1.093750 0.007474
8473 160 FPGA_VCCAUX 0.013937 3.281250 0.044842 FPGA_VCCINT 0.006969 1.093750 0.007474
8526 161 FPGA_VCCAUX 0.013937 3.281250 0.044842 FPGA_VCCINT 0.006969 1.093750 0.007474
8577 162 FPGA_VCCAUX 0.013937 3.281250 0.044842 FPGA_VCCINT 0.006969 1.093750 0.007474
8630 163 FPGA_VCCAUX 0.013937 3.281250 0.044842 FPGA_VCCINT 0.006969 1.093750 0.007474
8681 164 FPGA_VCCAUX 0.013937 3.281250 0.044842 FPGA_VCCINT 0.006969 1.093750 0.007474
8735 165 FPGA_VCCAUX 0.013937 3.281250 0.044842 FPGA_VCCINT 0.006969 1.093750 0.007474
8788 166 FPGA_VCCAUX 0.013937 3.281250 0.044842 FPGA_VCCINT 0.006969 1.093750 0.007474
8839 167 FPGA_VCCAUX 0.013937 3.281250 0.044842 FPGA_VCCINT 0.006969 1.093750 0.007474
8893 168 FPGA_VCCAUX 0.013937 3.281250 0.044842 FPGA_VCCINT 0.006969 1.093750 0.007474
8943 169 FPGA_VCCAUX 0.013937 3.281250 0.044842 FPGA_VCCINT 0.006969 1.093750 0.007474
8997 170 FPGA_VCCAUX 0.013937 3.281250 0.044842 FPGA_VCCINT 0.006969 1.093750 0.007474
9050 171 FPGA_VCCAUX 0.013937 3.281250 0.044842 FPGA_VCCINT 0.006969 1.093750 0.007474
9101 172 FPGA_VCCAUX 0.013937 3.281250 0.044842 FPGA_VCCINT 0.006969 1.093750 0.007474
9155 173 FPGA_VCCAUX 0.013937 3.281250 0.044842 FPGA_VCCINT 0.006969 1.093750 0.007474
9208 174 FPGA_VCCAUX 0.013937 3.281250 0.044842 FPGA_VCCINT 0.006969 1.093750 0.007474
9259 175 FPGA_VCCAUX 0.013937 3.281250 0.044842 FPGA_VCCINT 0.006969 1.093750 0.007474
9312 176 FPGA_VCCAUX 0.013937 3.281250 0.044842 FPGA_VCCINT 0.006969 1.093750 0.007474
9363 177 FPGA_VCCAUX 0.013937 3.281250 0.044842 FPGA_VCCINT 0.006969 1.093750 0.007474
9417 178 FPGA_VCCAUX 0.013937 3.281250 0.044842 FPGA_VCCINT 0.006969 1.093750 0.007474
9470 179 FPGA_VCCAUX 0.013937 3.281250 0.044842 FPGA_VCCINT 0.006969 1.093750 0.007474
9521 180 FPGA_VCCAUX 0.013937 3.281250 0.044842 FPGA_VCCINT 0.006969 1.093750 0.007474
9575 181 FPGA_VCCAUX 0.013937 3.281250 0.044842 FPGA_VCCINT 0.006969 1.093750 0.007474
9626 182 FPGA_VCCAUX 0.013937 3.281250 0.044842 FPGA_VCCINT 0.006969 1.093750 0.007474
9679 183 FPGA_VCCAUX 0.013937 3.281250 0.044842 FPGA_VCCINT 0.006969 1.093750 0.007474
9733 184 FPGA_VCCAUX 0.013937 3.281250 0.044842 FPGA_VCCINT 0.006969 1.093750 0.007474
9783 185 FPGA_VCCAUX 0.013937 3.281250 0.044842 FPGA_VCCINT 0.006969 1.093750 0.007474
9837 186 FPGA_VCCAUX 0.013937 3.281250 0.044842 FPGA_VCCINT 0.006969 1.093750 0.007474
9888 187 FPGA_VCCAUX 0.013937 3.281250 0.044842 FPGA_VCCINT 0.006969 1.093750 0.007474
9941 188 FPGA_VCCAUX 0.013937 3.281250 0.044842 FPGA_VCCINT 0.006969 1.093750 0.007474
9994 189 FPGA_VCCAUX 0.013937 3.281250 0.044842 FPGA_VCCINT 0.006969 1.093750 0.007474
10045 190 FPGA_VCCAUX 0.013937 3.281250 0.044842 FPGA_VCCINT 0.006969 1.093750 0.007474
10099 191 FPGA_VCCAUX 0.013937 3.281250 0.044842 FPGA_VCCINT 0.006969 1.093750 0.007474
10150 192 FPGA_VCCAUX 0.013937 3.281250 0.044842 FPGA_VCCINT 0.006969 1.093750 0.007474
10204 193 FPGA_VCCAUX 0.013937 3.281250 0.044842 FPGA_VCCINT 0.006969 1.093750 0.007474
10255 194 FPGA_VCCAUX 0.013937 3.281250 0.044842 FPGA_VCCINT 0.006969 1.093750 0.007474
10309 195 FPGA_VCCAUX 0.013937 3.281250 0.044842 FPGA_VCCINT 0.006969 1.093750 0.007474
10362 196 FPGA_VCCAUX 0.013937 3.281250 0.044842 FPGA_VCCINT 0.006969 1.093750 0.007474
10414 197 FPGA_VCCAUX 0.013937 3.281250 0.044842 FPGA_VCCINT 0.006969 1.093750 0.007474
10465 198 FPGA_VCCAUX 0.013937 3.281250 0.044842 FPGA_VCCINT 0.006969 1.093750 0.007474
10518 199 FPGA_VCCAUX 0.013937 3.281250 0.044842 FPGA_VCCINT 0.006969 1.093750 0.007474
10572 200 FPGA_VCCAUX 0.013937 3.281250 0.044842 FPGA_VCCINT 0.006969 1.093750 0.007474
10623 201 FPGA_VCCAUX 0.013937 3.281250 0.044842 FPGA_VCCINT 0.006969 1.093750 0.007474
10727 202 FPGA_VCCAUX 0.013937 3.281250 0.044842 FPGA_VCCINT 0.006969 1.093750 0.007474
10781 203 FPGA_VCCAUX 0.013937 3.281250 0.044842 FPGA_VCCINT 0.006969 1.093750 0.007474
10832 204 FPGA_VCCAUX 0.013937 3.281250 0.044842 FPGA_VCCINT 0.006969 1.093750 0.007474
10886 205 FPGA_VCCAUX 0.013937 3.281250 0.044842 FPGA_VCCINT 0.006969 1.093750 0.007474
10937 206 FPGA_VCCAUX 0.013937 3.281250 0.044842 FPGA_VCCINT 0.006969 1.093750 0.007474
10990 207 FPGA_VCCAUX 0.013937 3.281250 0.044842 FPGA_VCCINT 0.006969 1.093750 0.007474
11044 208 FPGA_VCCAUX 0.013937 3.281250 0.044842 FPGA_VCCINT 0.006969 1.093750 0.007474
11095 209 FPGA_VCCAUX 0.013937 3.281250 0.044842 FPGA_VCCINT 0.006969 1.093750 0.007474
11149 210 FPGA_VCCAUX 0.013937 3.281250 0.044842 FPGA_VCCINT 0.006969 1.093750 0.007474
11200 211 FPGA_VCCAUX 0.013937 3.281250 0.044842 FPGA_VCCINT 0.006969 1.093750 0.007474
11254 212 FPGA_VCCAUX 0.013937 3.281250 0.044842 FPGA_VCCINT 0.006969 1.093750 0.007474
11305 213 FPGA_VCCAUX 0.013937 3.281250 0.044842 FPGA_VCCINT 0.006969 1.093750 0.007474
11358 214 FPGA_VCCAUX 0.013937 3.281250 0.044842 FPGA_VCCINT 0.006969 1.093750 0.007474
11410 215 FPGA_VCCAUX 0.013937 3.281250 0.044842 FPGA_VCCINT 0.006969 1.093750 0.007474
11463 216 FPGA_VCCAUX 0.013937 3.281250 0.044842 FPGA_VCCINT 0.006969 1.093750 0.007474
11515 217 FPGA_VCCAUX 0.013937 3.281250 0.044842 FPGA_VCCINT 0.006969 1.093750 0.007474
11569 218 FPGA_VCCAUX 0.013937 3.281250 0.044842 FPGA_VCCINT 0.006969 1.093750 0.007474
11620 219 FPGA_VCCAUX 0.013937 3.281250 0.044842 FPGA_VCCINT 0.006969 1.093750 0.007474
11674 220 FPGA_VCCAUX 0.013937 3.281250 0.044842 FPGA_VCCINT 0.006969 1.093750 0.007474
11725 221 FPGA_VCCAUX 0.013937 3.281250 0.044842 FPGA_VCCINT 0.006969 1.093750 0.007474
11778 222 FPGA_VCCAUX 0.013937 3.281250 0.044842 FPGA_VCCINT 0.006969 1.093750 0.007474
11829 223 FPGA_VCCAUX 0.013937 3.281250 0.044842 FPGA_VCCINT 0.006969 1.093750 0.007474
11883 224 FPGA_VCCAUX 0.013937 3.281250 0.044842 FPGA_VCCINT 0.006969 1.093750 0.007474
11934 225 FPGA_VCCAUX 0.013937 3.281250 0.044842 FPGA_VCCINT 0.006969 1.093750 0.007474
11988 226 FPGA_VCCAUX 0.013937 3.281250 0.044842 FPGA_VCCINT 0.006969 1.093750 0.007474
12039 227 FPGA_VCCAUX 0.013937 3.281250 0.044842 FPGA_VCCINT 0.006969 1.093750 0.007474
12119 228 FPGA_VCCAUX 0.013937 3.281250 0.044842 FPGA_VCCINT 0.006969 1.093750 0.007474
12170 229 FPGA_VCCAUX 0.013937 3.281250 0.044842 FPGA_VCCINT 0.006969 1.093750 0.007474
12224 230 FPGA_VCCAUX 0.013937 3.281250 0.044842 FPGA_VCCINT 0.006969 1.093750 0.007474
12275 231 FPGA_VCCAUX 0.013937 3.281250 0.044842 FPGA_VCCINT 0.006969 1.093750 0.007474
12328 232 FPGA_VCCAUX 0.013937 3.281250 0.044842 FPGA_VCCINT 0.006969 1.093750 0.007474
12379 233 FPGA_VCCAUX 0.013937 3.281250 0.044842 FPGA_VCCINT 0.006969 1.093750 0.007474
12433 234 FPGA_VCCAUX 0.013937 3.281250 0.044842 FPGA_VCCINT 0.006969 1.093750 0.007474
12487 235 FPGA_VCCAUX 0.013937 3.281250 0.044842 FPGA_VCCINT 0.006969 1.093750 0.007474
12538 236 FPGA_VCCAUX 0.013937 3.281250 0.044842 FPGA_VCCINT 0.006969 1.093750 0.007474
12591 237 FPGA_VCCAUX 0.013937 3.281250 0.044842 FPGA_VCCINT 0.006969 1.093750 0.007474
12643 238 FPGA_VCCAUX 0.013937 3.281250 0.044842 FPGA_VCCINT 0.006969 1.093750 0.007474
12696 239 FPGA_VCCAUX 0.013937 3.281250 0.044842 FPGA_VCCINT 0.006969 1.093750 0.007474
12748 240 FPGA_VCCAUX 0.013937 3.281250 0.044842 FPGA_VCCINT 0.006969 1.093750 0.007474
12801 241 FPGA_VCCAUX 0.013937 3.281250 0.044842 FPGA_VCCINT 0.006969 1.093750 0.007474
12852 242 FPGA_VCCAUX 0.013937 3.281250 0.044842 FPGA_VCCINT 0.006969 1.093750 0.007474
12906 243 FPGA_VCCAUX 0.013937 3.281250 0.044842 FPGA_VCCINT 0.006969 1.093750 0.007474
12957 244 FPGA_VCCAUX 0.013937 3.281250 0.044842 FPGA_VCCINT 0.006969 1.093750 0.007474
13011 245 FPGA_VCCAUX 0.013937 3.281250 0.044842 FPGA_VCCINT 0.006969 1.093750 0.007474
13062 246 FPGA_VCCAUX 0.013937 3.281250 0.044842 FPGA_VCCINT 0.006969 1.093750 0.007474
13115 247 FPGA_VCCAUX 0.013937 3.281250 0.044842 FPGA_VCCINT 0.006969 1.093750 0.007474
13166 248 FPGA_VCCAUX 0.013937 3.281250 0.044842 FPGA_VCCINT 0.006969 1.093750 0.007474
13220 249 FPGA_VCCAUX 0.013937 3.281250 0.044842 FPGA_VCCINT 0.006969 1.093750 0.007474
13271 250 FPGA_VCCAUX 0.013937 3.281250 0.044842 FPGA_VCCINT 0.006969 1.093750 0.007474
13325 251 FPGA_VCCAUX 0.013937 3.281250 0.044842 FPGA_VCCINT 0.006969 1.093750 0.007474
13376 252 FPGA_VCCAUX 0.013937 3.281250 0.044842 FPGA_VCCINT 0.006969 1.093750 0.007474
13430 253 FPGA_VCCAUX 0.013937 3.281250 0.044842 FPGA_VCCINT 0.006969 1.093750 0.007474
13483 254 FPGA_VCCAUX 0.013937 3.281250 0.044842 FPGA_VCCINT 0.006969 1.093750 0.007474
13535 255 FPGA_VCCAUX 0.013937 3.281250 0.044842 FPGA_VCCINT 0.006969 1.093750 0.007474
13586 256 FPGA_VCCAUX 0.013937 3.281250 0.044842 FPGA_VCCINT 0.006969 1.093750 0.007474
13640 257 FPGA_VCCAUX 0.013937 3.281250 0.044842 FPGA_VCCINT 0.006969 1.093750 0.007474
13691 258 FPGA_VCCAUX 0.013937 3.281250 0.044842 FPGA_VCCINT 0.006969 1.093750 0.007474
13744 259 FPGA_VCCAUX 0.013937 3.281250 0.044842 FPGA_VCCINT 0.006969 1.093750 0.007474
13796 260 FPGA_VCCAUX 0.013937 3.281250 0.044842 FPGA_VCCINT 0.006969 1.093750 0.007474
13850 261 FPGA_VCCAUX 0.013937 3.281250 0.044842 FPGA_VCCINT 0.006969 1.093750 0.007474
13901 262 FPGA_VCCAUX 0.013937 3.281250 0.044842 FPGA_VCCINT 0.006969 1.093750 0.007474
13955 263 FPGA_VCCAUX 0.013937 3.281250 0.044842 FPGA_VCCINT 0.006969 1.093750 0.007474
14006 264 FPGA_VCCAUX 0.013937 3.281250 0.044842 FPGA_VCCINT 0.006969 1.093750 0.007474
14059 265 FPGA_VCCAUX 0.013937 3.281250 0.044842 FPGA_VCCINT 0.006969 1.093750 0.007474
14110 266 FPGA_VCCAUX 0.013937 3.281250 0.044842 FPGA_VCCINT 0.006969 1.093750 0.007474
14164 267 FPGA_VCCAUX 0.013937 3.281250 0.044842 FPGA_VCCINT 0.006969 1.093750 0.007474
14215 268 FPGA_VCCAUX 0.013937 3.281250 0.044842 FPGA_VCCINT 0.006969 1.093750 0.007474
14269 269 FPGA_VCCAUX 0.013937 3.281250 0.044842 FPGA_VCCINT 0.006969 1.093750 0.007474
14320 270 FPGA_VCCAUX 0.013937 3.281250 0.044842 FPGA_VCCINT 0.006969 1.093750 0.007474
14374 271 FPGA_VCCAUX 0.013937 3.281250 0.044842 FPGA_VCCINT 0.006969 1.093750 0.007474
14427 272 FPGA_VCCAUX 0.013937 3.281250 0.044842 FPGA_VCCINT 0.006969 1.093750 0.007474
14479 273 FPGA_VCCAUX 0.013937 3.281250 0.044842 FPGA_VCCINT 0.006969 1.093750 0.007474
14532 274 FPGA_VCCAUX 0.013937 3.281250 0.044842 FPGA_VCCINT 0.006969 1.093750 0.007474
14584 275 FPGA_VCCAUX 0.013937 3.281250 0.044842 FPGA_VCCINT 0.006969 1.093750 0.007474
14690 276 FPGA_VCCAUX 0.013937 3.281250 0.044842 FPGA_VCCINT 0.006969 1.093750 0.007474
14741 277 FPGA_VCCAUX 0.013937 3.281250 0.044842 FPGA_VCCINT 0.006969 1.093750 0.007474
14794 278 FPGA_VCCAUX 0.013937 3.281250 0.044842 FPGA_VCCINT 0.006969 1.093750 0.007474
14845 279 FPGA_VCCAUX 0.013937 3.281250 0.044842 FPGA_VCCINT 0.006969 1.093750 0.007474
14899 280 FPGA_VCCAUX 0.013937 3.281250 0.044842 FPGA_VCCINT 0.006969 1.093750 0.007474
14950 281 FPGA_VCCAUX 0.013937 3.281250 0.044842 FPGA_VCCINT 0.006969 1.093750 0.007474
15004 282 FPGA_VCCAUX 0.013937 3.281250 0.044842 FPGA_VCCINT 0.006969 1.093750 0.007474
15055 283 FPGA_VCCAUX 0.013937 3.281250 0.044842 FPGA_VCCINT 0.006969 1.093750 0.007474
15109 284 FPGA_VCCAUX 0.013937 3.281250 0.044842 FPGA_VCCINT 0.006969 1.093750 0.007474
15160 285 FPGA_VCCAUX 0.013937 3.281250 0.044842 FPGA_VCCINT 0.006969 1.093750 0.007474
15214 286 FPGA_VCCAUX 0.013937 3.281250 0.044842 FPGA_VCCINT 0.006969 1.093750 0.007474
15265 287 FPGA_VCCAUX 0.013937 3.281250 0.044842 FPGA_VCCINT 0.006969 1.093750 0.007474
15318 288 FPGA_VCCAUX 0.013937 3.281250 0.044842 FPGA_VCCINT 0.006969 1.093750 0.007474
15369 289 FPGA_VCCAUX 0.013937 3.281250 0.044842 FPGA_VCCINT 0.006969 1.093750 0.007474
15423 290 FPGA_VCCAUX 0.013937 3.281250 0.044842 FPGA_VCCINT 0.006969 1.093750 0.007474
15474 291 FPGA_VCCAUX 0.013937 3.281250 0.044842 FPGA_VCCINT 0.006969 1.093750 0.007474
15528 292 FPGA_VCCAUX 0.013937 3.281250 0.044842 FPGA_VCCINT 0.006969 1.093750 0.007474
15582 293 FPGA_VCCAUX 0.013937 3.281250 0.044842 FPGA_VCCINT 0.006969 1.093750 0.007474
