13 1 FPGA_VCCAUX 0.009679 3.281250 0.031140 FPGA_VCCINT 0.004646 1.250000 0.005694
47 2 FPGA_VCCAUX 0.009679 3.281250 0.031140 FPGA_VCCINT 0.004646 1.250000 0.005694
88 3 FPGA_VCCAUX 0.009679 3.281250 0.031140 FPGA_VCCINT 0.004646 1.250000 0.005694
141 4 FPGA_VCCAUX 0.009679 3.281250 0.031140 FPGA_VCCINT 0.004646 1.250000 0.005694
245 5 FPGA_VCCAUX 0.009679 3.281250 0.031140 FPGA_VCCINT 0.004646 1.250000 0.005694
298 6 FPGA_VCCAUX 0.009679 3.281250 0.031140 FPGA_VCCINT 0.004646 1.250000 0.005694
377 7 FPGA_VCCAUX 0.009679 3.281250 0.031140 FPGA_VCCINT 0.004646 1.250000 0.005694
482 8 FPGA_VCCAUX 0.009679 3.281250 0.031140 FPGA_VCCINT 0.004646 1.250000 0.005694
534 9 FPGA_VCCAUX 0.009679 3.281250 0.031140 FPGA_VCCINT 0.004646 1.250000 0.005694
639 10 FPGA_VCCAUX 0.009679 3.281250 0.031140 FPGA_VCCINT 0.004646 1.250000 0.005694
692 11 FPGA_VCCAUX 0.009679 3.281250 0.031140 FPGA_VCCINT 0.004646 1.250000 0.005694
744 12 FPGA_VCCAUX 0.009679 3.281250 0.031140 FPGA_VCCINT 0.004646 1.250000 0.005694
797 13 FPGA_VCCAUX 0.009679 3.281250 0.031140 FPGA_VCCINT 0.004646 1.250000 0.005694
849 14 FPGA_VCCAUX 0.009679 3.281250 0.031140 FPGA_VCCINT 0.004646 1.250000 0.005694
902 15 FPGA_VCCAUX 0.009679 3.281250 0.031140 FPGA_VCCINT 0.004646 1.093750 0.004982
955 16 FPGA_VCCAUX 0.009679 3.281250 0.031140 FPGA_VCCINT 0.004646 1.093750 0.004982
1007 17 FPGA_VCCAUX 0.009679 3.281250 0.031140 FPGA_VCCINT 0.004646 1.093750 0.004982
1061 18 FPGA_VCCAUX 0.009679 3.281250 0.031140 FPGA_VCCINT 0.004646 1.093750 0.004982
1114 19 FPGA_VCCAUX 0.009679 3.281250 0.031140 FPGA_VCCINT 0.004646 1.093750 0.004982
1164 20 FPGA_VCCAUX 0.009679 3.281250 0.031140 FPGA_VCCINT 0.004646 1.093750 0.004982
1218 21 FPGA_VCCAUX 0.009679 3.281250 0.031140 FPGA_VCCINT 0.004646 1.093750 0.004982
1270 22 FPGA_VCCAUX 0.009679 3.281250 0.031140 FPGA_VCCINT 0.004646 1.250000 0.005694
1323 23 FPGA_VCCAUX 0.009679 3.281250 0.031140 FPGA_VCCINT 0.004646 1.250000 0.005694
1376 24 FPGA_VCCAUX 0.009679 3.281250 0.031140 FPGA_VCCINT 0.004646 1.250000 0.005694
1429 25 FPGA_VCCAUX 0.009679 3.281250 0.031140 FPGA_VCCINT 0.004646 1.250000 0.005694
1481 26 FPGA_VCCAUX 0.009679 3.281250 0.031140 FPGA_VCCINT 0.004646 1.250000 0.005694
1532 27 FPGA_VCCAUX 0.009679 3.281250 0.031140 FPGA_VCCINT 0.004646 1.250000 0.005694
1585 28 FPGA_VCCAUX 0.009679 3.281250 0.031140 FPGA_VCCINT 0.004646 1.250000 0.005694
1638 29 FPGA_VCCAUX 0.009679 3.281250 0.031140 FPGA_VCCINT 0.004646 1.250000 0.005694
1691 30 FPGA_VCCAUX 0.024390 3.281250 0.079675 FPGA_VCCINT 0.006194 1.250000 0.007592
1744 31 FPGA_VCCAUX 0.024390 3.281250 0.079675 FPGA_VCCINT 0.006194 1.250000 0.007592
1794 32 FPGA_VCCAUX 0.024390 3.281250 0.079675 FPGA_VCCINT 0.006194 1.093750 0.006643
1847 33 FPGA_VCCAUX 0.024390 3.281250 0.079675 FPGA_VCCINT 0.006194 1.093750 0.006643
1901 34 FPGA_VCCAUX 0.024390 3.281250 0.079675 FPGA_VCCINT 0.006194 1.093750 0.006643
1954 35 FPGA_VCCAUX 0.024390 3.281250 0.079675 FPGA_VCCINT 0.006194 1.093750 0.006643
2004 36 FPGA_VCCAUX 0.024390 3.281250 0.079675 FPGA_VCCINT 0.006194 1.093750 0.006643
2057 37 FPGA_VCCAUX 0.024390 3.281250 0.079675 FPGA_VCCINT 0.006194 1.093750 0.006643
2110 38 FPGA_VCCAUX 0.024390 3.281250 0.079675 FPGA_VCCINT 0.006194 1.250000 0.007592
2163 39 FPGA_VCCAUX 0.024390 3.281250 0.079675 FPGA_VCCINT 0.006194 1.250000 0.007592
2266 40 FPGA_VCCAUX 0.024390 3.281250 0.079675 FPGA_VCCINT 0.006194 1.250000 0.007592
2319 41 FPGA_VCCAUX 0.024390 3.281250 0.079675 FPGA_VCCINT 0.006194 1.250000 0.007592
2372 42 FPGA_VCCAUX 0.024390 3.281250 0.079675 FPGA_VCCINT 0.006194 1.250000 0.007592
2425 43 FPGA_VCCAUX 0.024390 3.281250 0.079675 FPGA_VCCINT 0.006194 1.250000 0.007592
2478 44 FPGA_VCCAUX 0.024390 3.281250 0.079675 FPGA_VCCINT 0.006194 1.250000 0.007592
2531 45 FPGA_VCCAUX 0.024390 3.281250 0.079675 FPGA_VCCINT 0.006194 1.250000 0.007592
2582 46 FPGA_VCCAUX 0.024390 3.281250 0.079675 FPGA_VCCINT 0.006194 1.250000 0.007592
2635 47 FPGA_VCCAUX 0.024390 3.281250 0.079675 FPGA_VCCINT 0.006194 1.250000 0.007592
2687 48 FPGA_VCCAUX 0.024390 3.281250 0.079675 FPGA_VCCINT 0.006194 1.250000 0.007592
2740 49 FPGA_VCCAUX 0.024390 3.281250 0.079675 FPGA_VCCINT 0.006194 1.250000 0.007592
2793 50 FPGA_VCCAUX 0.024390 3.281250 0.079675 FPGA_VCCINT 0.006194 1.250000 0.007592
2844 51 FPGA_VCCAUX 0.024390 3.281250 0.079675 FPGA_VCCINT 0.006194 1.250000 0.007592
2897 52 FPGA_VCCAUX 0.024390 3.281250 0.079675 FPGA_VCCINT 0.006194 1.250000 0.007592
2950 53 FPGA_VCCAUX 0.024390 3.281250 0.079675 FPGA_VCCINT 0.006194 1.093750 0.006643
3003 54 FPGA_VCCAUX 0.024390 3.281250 0.079675 FPGA_VCCINT 0.006194 1.093750 0.006643
3056 55 FPGA_VCCAUX 0.024390 3.281250 0.079675 FPGA_VCCINT 0.006194 1.093750 0.006643
3106 56 FPGA_VCCAUX 0.024390 3.281250 0.079675 FPGA_VCCINT 0.006194 1.093750 0.006643
3159 57 FPGA_VCCAUX 0.024390 3.281250 0.079675 FPGA_VCCINT 0.006194 1.093750 0.006643
3213 58 FPGA_VCCAUX 0.024390 3.281250 0.079675 FPGA_VCCINT 0.006194 1.093750 0.006643
3266 59 FPGA_VCCAUX 0.024390 3.281250 0.079675 FPGA_VCCINT 0.006194 1.093750 0.006643
3316 60 FPGA_VCCAUX 0.024390 3.281250 0.079675 FPGA_VCCINT 0.006194 1.093750 0.006643
3369 61 FPGA_VCCAUX 0.024390 3.281250 0.079675 FPGA_VCCINT 0.006194 1.093750 0.006643
3423 62 FPGA_VCCAUX 0.024390 3.281250 0.079675 FPGA_VCCINT 0.006194 1.093750 0.006643
3526 63 FPGA_VCCAUX 0.024390 3.281250 0.079675 FPGA_VCCINT 0.006194 1.250000 0.007592
3579 64 FPGA_VCCAUX 0.024390 3.281250 0.079675 FPGA_VCCINT 0.006194 1.250000 0.007592
3632 65 FPGA_VCCAUX 0.024390 3.281250 0.079675 FPGA_VCCINT 0.006194 1.250000 0.007592
3685 66 FPGA_VCCAUX 0.024390 3.281250 0.079675 FPGA_VCCINT 0.006194 1.250000 0.007592
3738 67 FPGA_VCCAUX 0.024390 3.281250 0.079675 FPGA_VCCINT 0.006194 1.093750 0.006643
3789 68 FPGA_VCCAUX 0.024390 3.281250 0.079675 FPGA_VCCINT 0.006194 1.093750 0.006643
3842 69 FPGA_VCCAUX 0.024390 3.281250 0.079675 FPGA_VCCINT 0.006194 1.093750 0.006643
3895 70 FPGA_VCCAUX 0.024390 3.281250 0.079675 FPGA_VCCINT 0.006194 1.093750 0.006643
3948 71 FPGA_VCCAUX 0.024390 3.281250 0.079675 FPGA_VCCINT 0.006194 1.250000 0.007592
3999 72 FPGA_VCCAUX 0.024390 3.281250 0.079675 FPGA_VCCINT 0.006194 1.250000 0.007592
4052 73 FPGA_VCCAUX 0.024390 3.281250 0.079675 FPGA_VCCINT 0.006194 1.250000 0.007592
4105 74 FPGA_VCCAUX 0.024390 3.281250 0.079675 FPGA_VCCINT 0.006194 1.250000 0.007592
4158 75 FPGA_VCCAUX 0.024390 3.281250 0.079675 FPGA_VCCINT 0.006194 1.093750 0.006643
4211 76 FPGA_VCCAUX 0.024390 3.281250 0.079675 FPGA_VCCINT 0.006194 1.093750 0.006643
4262 77 FPGA_VCCAUX 0.024390 3.281250 0.079675 FPGA_VCCINT 0.006194 1.093750 0.006643
4315 78 FPGA_VCCAUX 0.024390 3.281250 0.079675 FPGA_VCCINT 0.006194 1.250000 0.007592
4368 79 FPGA_VCCAUX 0.024390 3.281250 0.079675 FPGA_VCCINT 0.006194 1.250000 0.007592
4421 80 FPGA_VCCAUX 0.024390 3.281250 0.079675 FPGA_VCCINT 0.006194 1.250000 0.007592
4471 81 FPGA_VCCAUX 0.024390 3.281250 0.079675 FPGA_VCCINT 0.006194 1.250000 0.007592
4524 82 FPGA_VCCAUX 0.024390 3.281250 0.079675 FPGA_VCCINT 0.006194 1.250000 0.007592
4577 83 FPGA_VCCAUX 0.024390 3.281250 0.079675 FPGA_VCCINT 0.006194 1.250000 0.007592
4631 84 FPGA_VCCAUX 0.024390 3.281250 0.079675 FPGA_VCCINT 0.006194 1.250000 0.007592
4681 85 FPGA_VCCAUX 0.024390 3.281250 0.079675 FPGA_VCCINT 0.006194 1.250000 0.007592
4734 86 FPGA_VCCAUX 0.024390 3.281250 0.079675 FPGA_VCCINT 0.006194 1.250000 0.007592
4787 87 FPGA_VCCAUX 0.024390 3.281250 0.079675 FPGA_VCCINT 0.006194 1.250000 0.007592
4840 88 FPGA_VCCAUX 0.024390 3.281250 0.079675 FPGA_VCCINT 0.006194 1.250000 0.007592
4893 89 FPGA_VCCAUX 0.024390 3.281250 0.079675 FPGA_VCCINT 0.006194 1.250000 0.007592
4943 90 FPGA_VCCAUX 0.024390 3.281250 0.079675 FPGA_VCCINT 0.006194 1.250000 0.007592
4996 91 FPGA_VCCAUX 0.024390 3.281250 0.079675 FPGA_VCCINT 0.006194 1.250000 0.007592
5049 92 FPGA_VCCAUX 0.024390 3.281250 0.079675 FPGA_VCCINT 0.006194 1.250000 0.007592
5102 93 FPGA_VCCAUX 0.024390 3.281250 0.079675 FPGA_VCCINT 0.006194 1.250000 0.007592
5156 94 FPGA_VCCAUX 0.024390 3.281250 0.079675 FPGA_VCCINT 0.006194 1.250000 0.007592
5314 95 FPGA_VCCAUX 0.024390 3.281250 0.079675 FPGA_VCCINT 0.006194 1.093750 0.006643
5364 96 FPGA_VCCAUX 0.024390 3.281250 0.079675 FPGA_VCCINT 0.006194 1.093750 0.006643
5417 97 FPGA_VCCAUX 0.024390 3.281250 0.079675 FPGA_VCCINT 0.006194 1.250000 0.007592
5470 98 FPGA_VCCAUX 0.024390 3.281250 0.079675 FPGA_VCCINT 0.006194 1.093750 0.006643
5629 99 FPGA_VCCAUX 0.024390 3.281250 0.079675 FPGA_VCCINT 0.006194 1.250000 0.007592
5679 100 FPGA_VCCAUX 0.024390 3.281250 0.079675 FPGA_VCCINT 0.006194 1.250000 0.007592
5732 101 FPGA_VCCAUX 0.024390 3.281250 0.079675 FPGA_VCCINT 0.006194 1.250000 0.007592
5785 102 FPGA_VCCAUX 0.024390 3.281250 0.079675 FPGA_VCCINT 0.006194 1.250000 0.007592
5838 103 FPGA_VCCAUX 0.024390 3.281250 0.079675 FPGA_VCCINT 0.006194 1.250000 0.007592
5889 104 FPGA_VCCAUX 0.024390 3.281250 0.079675 FPGA_VCCINT 0.006194 1.093750 0.006643
5942 105 FPGA_VCCAUX 0.024390 3.281250 0.079675 FPGA_VCCINT 0.006194 1.093750 0.006643
5996 106 FPGA_VCCAUX 0.024390 3.281250 0.079675 FPGA_VCCINT 0.006194 1.093750 0.006643
6047 107 FPGA_VCCAUX 0.024390 3.281250 0.079675 FPGA_VCCINT 0.006194 1.093750 0.006643
6100 108 FPGA_VCCAUX 0.024390 3.281250 0.079675 FPGA_VCCINT 0.006194 1.093750 0.006643
6151 109 FPGA_VCCAUX 0.024390 3.281250 0.079675 FPGA_VCCINT 0.006194 1.250000 0.007592
6204 110 FPGA_VCCAUX 0.024390 3.281250 0.079675 FPGA_VCCINT 0.006194 1.250000 0.007592
6258 111 FPGA_VCCAUX 0.024390 3.281250 0.079675 FPGA_VCCINT 0.006194 1.250000 0.007592
6361 112 FPGA_VCCAUX 0.024390 3.281250 0.079675 FPGA_VCCINT 0.006194 1.093750 0.006643
6414 113 FPGA_VCCAUX 0.024390 3.281250 0.079675 FPGA_VCCINT 0.006194 1.093750 0.006643
6468 114 FPGA_VCCAUX 0.024390 3.281250 0.079675 FPGA_VCCINT 0.006194 1.093750 0.006643
6521 115 FPGA_VCCAUX 0.024390 3.281250 0.079675 FPGA_VCCINT 0.006194 1.250000 0.007592
6572 116 FPGA_VCCAUX 0.024390 3.281250 0.079675 FPGA_VCCINT 0.006194 1.250000 0.007592
6625 117 FPGA_VCCAUX 0.024390 3.281250 0.079675 FPGA_VCCINT 0.006194 1.250000 0.007592
6678 118 FPGA_VCCAUX 0.024390 3.281250 0.079675 FPGA_VCCINT 0.006194 1.250000 0.007592
6729 119 FPGA_VCCAUX 0.024390 3.281250 0.079675 FPGA_VCCINT 0.006194 1.250000 0.007592
6782 120 FPGA_VCCAUX 0.024390 3.281250 0.079675 FPGA_VCCINT 0.006194 1.250000 0.007592
6835 121 FPGA_VCCAUX 0.024390 3.281250 0.079675 FPGA_VCCINT 0.006194 1.093750 0.006643
6889 122 FPGA_VCCAUX 0.024390 3.281250 0.079675 FPGA_VCCINT 0.006194 1.093750 0.006643
6939 123 FPGA_VCCAUX 0.024390 3.281250 0.079675 FPGA_VCCINT 0.006194 1.093750 0.006643
6993 124 FPGA_VCCAUX 0.024390 3.281250 0.079675 FPGA_VCCINT 0.006194 1.093750 0.006643
7044 125 FPGA_VCCAUX 0.024390 3.281250 0.079675 FPGA_VCCINT 0.006194 1.093750 0.006643
7097 126 FPGA_VCCAUX 0.024390 3.281250 0.079675 FPGA_VCCINT 0.006194 1.250000 0.007592
7150 127 FPGA_VCCAUX 0.024390 3.281250 0.079675 FPGA_VCCINT 0.006194 1.250000 0.007592
7204 128 FPGA_VCCAUX 0.024390 3.281250 0.079675 FPGA_VCCINT 0.006194 1.250000 0.007592
7254 129 FPGA_VCCAUX 0.024390 3.281250 0.079675 FPGA_VCCINT 0.006194 1.250000 0.007592
7308 130 FPGA_VCCAUX 0.024390 3.281250 0.079675 FPGA_VCCINT 0.006194 1.250000 0.007592
7361 131 FPGA_VCCAUX 0.024390 3.281250 0.079675 FPGA_VCCINT 0.006194 1.250000 0.007592
7411 132 FPGA_VCCAUX 0.024390 3.281250 0.079675 FPGA_VCCINT 0.006194 1.250000 0.007592
7465 133 FPGA_VCCAUX 0.024390 3.281250 0.079675 FPGA_VCCINT 0.006194 1.250000 0.007592
7518 134 FPGA_VCCAUX 0.024390 3.281250 0.079675 FPGA_VCCINT 0.006194 1.250000 0.007592
7569 135 FPGA_VCCAUX 0.024390 3.281250 0.079675 FPGA_VCCINT 0.006194 1.250000 0.007592
7622 136 FPGA_VCCAUX 0.024390 3.281250 0.079675 FPGA_VCCINT 0.006194 1.250000 0.007592
7675 137 FPGA_VCCAUX 0.024390 3.281250 0.079675 FPGA_VCCINT 0.006194 1.250000 0.007592
7728 138 FPGA_VCCAUX 0.024390 3.281250 0.079675 FPGA_VCCINT 0.006194 1.250000 0.007592
7779 139 FPGA_VCCAUX 0.024390 3.281250 0.079675 FPGA_VCCINT 0.006194 1.093750 0.006643
7832 140 FPGA_VCCAUX 0.024390 3.281250 0.079675 FPGA_VCCINT 0.006194 1.093750 0.006643
7886 141 FPGA_VCCAUX 0.024390 3.281250 0.079675 FPGA_VCCINT 0.006194 1.093750 0.006643
7937 142 FPGA_VCCAUX 0.024390 3.281250 0.079675 FPGA_VCCINT 0.006194 1.250000 0.007592
8016 143 FPGA_VCCAUX 0.024390 3.281250 0.079675 FPGA_VCCINT 0.006194 1.250000 0.007592
8070 144 FPGA_VCCAUX 0.024390 3.281250 0.079675 FPGA_VCCINT 0.006194 1.250000 0.007592
8120 145 FPGA_VCCAUX 0.024390 3.281250 0.079675 FPGA_VCCINT 0.006194 1.250000 0.007592
8174 146 FPGA_VCCAUX 0.024390 3.281250 0.079675 FPGA_VCCINT 0.006194 1.250000 0.007592
8227 147 FPGA_VCCAUX 0.024390 3.281250 0.079675 FPGA_VCCINT 0.006194 1.250000 0.007592
8277 148 FPGA_VCCAUX 0.024390 3.281250 0.079675 FPGA_VCCINT 0.006194 1.250000 0.007592
8331 149 FPGA_VCCAUX 0.024390 3.281250 0.079675 FPGA_VCCINT 0.006194 1.093750 0.006643
8384 150 FPGA_VCCAUX 0.024390 3.281250 0.079675 FPGA_VCCINT 0.006194 1.093750 0.006643
8435 151 FPGA_VCCAUX 0.024390 3.281250 0.079675 FPGA_VCCINT 0.006194 1.093750 0.006643
8488 152 FPGA_VCCAUX 0.024390 3.281250 0.079675 FPGA_VCCINT 0.006194 1.250000 0.007592
8541 153 FPGA_VCCAUX 0.024390 3.281250 0.079675 FPGA_VCCINT 0.006194 1.250000 0.007592
8595 154 FPGA_VCCAUX 0.024390 3.281250 0.079675 FPGA_VCCINT 0.006194 1.250000 0.007592
8645 155 FPGA_VCCAUX 0.024390 3.281250 0.079675 FPGA_VCCINT 0.006194 1.250000 0.007592
8698 156 FPGA_VCCAUX 0.024390 3.281250 0.079675 FPGA_VCCINT 0.006194 1.250000 0.007592
8751 157 FPGA_VCCAUX 0.024390 3.281250 0.079675 FPGA_VCCINT 0.006194 1.250000 0.007592
8857 158 FPGA_VCCAUX 0.024390 3.281250 0.079675 FPGA_VCCINT 0.006194 1.250000 0.007592
8908 159 FPGA_VCCAUX 0.024390 3.281250 0.079675 FPGA_VCCINT 0.006194 1.250000 0.007592
8961 160 FPGA_VCCAUX 0.024390 3.281250 0.079675 FPGA_VCCINT 0.006194 1.250000 0.007592
9014 161 FPGA_VCCAUX 0.024390 3.281250 0.079675 FPGA_VCCINT 0.006194 1.093750 0.006643
9065 162 FPGA_VCCAUX 0.024390 3.281250 0.079675 FPGA_VCCINT 0.006194 1.093750 0.006643
9118 163 FPGA_VCCAUX 0.024390 3.281250 0.079675 FPGA_VCCINT 0.006194 1.093750 0.006643
9172 164 FPGA_VCCAUX 0.024390 3.281250 0.079675 FPGA_VCCINT 0.006194 1.093750 0.006643
9223 165 FPGA_VCCAUX 0.024390 3.281250 0.079675 FPGA_VCCINT 0.006194 1.093750 0.006643
9276 166 FPGA_VCCAUX 0.024390 3.281250 0.079675 FPGA_VCCINT 0.006194 1.250000 0.007592
9329 167 FPGA_VCCAUX 0.024390 3.281250 0.079675 FPGA_VCCINT 0.006194 1.250000 0.007592
9380 168 FPGA_VCCAUX 0.024390 3.281250 0.079675 FPGA_VCCINT 0.006194 1.250000 0.007592
9433 169 FPGA_VCCAUX 0.024390 3.281250 0.079675 FPGA_VCCINT 0.006194 1.250000 0.007592
9486 170 FPGA_VCCAUX 0.024390 3.281250 0.079675 FPGA_VCCINT 0.006194 1.250000 0.007592
9540 171 FPGA_VCCAUX 0.024390 3.281250 0.079675 FPGA_VCCINT 0.006194 1.250000 0.007592
9590 172 FPGA_VCCAUX 0.024390 3.281250 0.079675 FPGA_VCCINT 0.006194 1.093750 0.006643
9644 173 FPGA_VCCAUX 0.024390 3.281250 0.079675 FPGA_VCCINT 0.006194 1.093750 0.006643
9697 174 FPGA_VCCAUX 0.024390 3.281250 0.079675 FPGA_VCCINT 0.006194 1.093750 0.006643
9748 175 FPGA_VCCAUX 0.024390 3.281250 0.079675 FPGA_VCCINT 0.006194 1.093750 0.006643
9801 176 FPGA_VCCAUX 0.024390 3.281250 0.079675 FPGA_VCCINT 0.006194 1.093750 0.006643
9852 177 FPGA_VCCAUX 0.024390 3.281250 0.079675 FPGA_VCCINT 0.006194 1.250000 0.007592
9905 178 FPGA_VCCAUX 0.024390 3.281250 0.079675 FPGA_VCCINT 0.006194 1.250000 0.007592
9959 179 FPGA_VCCAUX 0.024390 3.281250 0.079675 FPGA_VCCINT 0.006194 1.250000 0.007592
10012 180 FPGA_VCCAUX 0.024390 3.281250 0.079675 FPGA_VCCINT 0.006194 1.250000 0.007592
10063 181 FPGA_VCCAUX 0.024390 3.281250 0.079675 FPGA_VCCINT 0.006194 1.250000 0.007592
10116 182 FPGA_VCCAUX 0.024390 3.281250 0.079675 FPGA_VCCINT 0.006194 1.250000 0.007592
10167 183 FPGA_VCCAUX 0.024390 3.281250 0.079675 FPGA_VCCINT 0.006194 1.250000 0.007592
10221 184 FPGA_VCCAUX 0.024390 3.281250 0.079675 FPGA_VCCINT 0.006194 1.093750 0.006643
10274 185 FPGA_VCCAUX 0.024390 3.281250 0.079675 FPGA_VCCINT 0.006194 1.093750 0.006643
10326 186 FPGA_VCCAUX 0.024390 3.281250 0.079675 FPGA_VCCINT 0.006194 1.093750 0.006643
10379 187 FPGA_VCCAUX 0.024390 3.281250 0.079675 FPGA_VCCINT 0.006194 1.093750 0.006643
10430 188 FPGA_VCCAUX 0.024390 3.281250 0.079675 FPGA_VCCINT 0.006194 1.093750 0.006643
10484 189 FPGA_VCCAUX 0.024390 3.281250 0.079675 FPGA_VCCINT 0.006194 1.093750 0.006643
10535 190 FPGA_VCCAUX 0.024390 3.281250 0.079675 FPGA_VCCINT 0.006194 1.250000 0.007592
10588 191 FPGA_VCCAUX 0.024390 3.281250 0.079675 FPGA_VCCINT 0.006194 1.250000 0.007592
10642 192 FPGA_VCCAUX 0.024390 3.281250 0.079675 FPGA_VCCINT 0.006194 1.250000 0.007592
10692 193 FPGA_VCCAUX 0.024390 3.281250 0.079675 FPGA_VCCINT 0.006194 1.250000 0.007592
10746 194 FPGA_VCCAUX 0.024390 3.281250 0.079675 FPGA_VCCINT 0.006194 1.250000 0.007592
10799 195 FPGA_VCCAUX 0.024390 3.281250 0.079675 FPGA_VCCINT 0.006194 1.250000 0.007592
10850 196 FPGA_VCCAUX 0.024390 3.281250 0.079675 FPGA_VCCINT 0.006194 1.250000 0.007592
10904 197 FPGA_VCCAUX 0.024390 3.281250 0.079675 FPGA_VCCINT 0.006194 1.093750 0.006643
10957 198 FPGA_VCCAUX 0.024390 3.281250 0.079675 FPGA_VCCINT 0.006194 1.093750 0.006643
11008 199 FPGA_VCCAUX 0.024390 3.281250 0.079675 FPGA_VCCINT 0.006194 1.093750 0.006643
11062 200 FPGA_VCCAUX 0.024390 3.281250 0.079675 FPGA_VCCINT 0.006194 1.093750 0.006643
11113 201 FPGA_VCCAUX 0.024390 3.281250 0.079675 FPGA_VCCINT 0.006194 1.250000 0.007592
11166 202 FPGA_VCCAUX 0.024390 3.281250 0.079675 FPGA_VCCINT 0.006194 1.250000 0.007592
11220 203 FPGA_VCCAUX 0.024390 3.281250 0.079675 FPGA_VCCINT 0.006194 1.250000 0.007592
11271 204 FPGA_VCCAUX 0.024390 3.281250 0.079675 FPGA_VCCINT 0.006194 1.250000 0.007592
11324 205 FPGA_VCCAUX 0.024390 3.281250 0.079675 FPGA_VCCINT 0.006194 1.250000 0.007592
11427 206 FPGA_VCCAUX 0.024390 3.281250 0.079675 FPGA_VCCINT 0.006194 1.093750 0.006643
11481 207 FPGA_VCCAUX 0.024390 3.281250 0.079675 FPGA_VCCINT 0.006194 1.093750 0.006643
11534 208 FPGA_VCCAUX 0.024390 3.281250 0.079675 FPGA_VCCINT 0.006194 1.093750 0.006643
11586 209 FPGA_VCCAUX 0.024390 3.281250 0.079675 FPGA_VCCINT 0.006194 1.093750 0.006643
11639 210 FPGA_VCCAUX 0.024390 3.281250 0.079675 FPGA_VCCINT 0.006194 1.093750 0.006643
11690 211 FPGA_VCCAUX 0.024390 3.281250 0.079675 FPGA_VCCINT 0.006194 1.093750 0.006643
11744 212 FPGA_VCCAUX 0.024390 3.281250 0.079675 FPGA_VCCINT 0.006194 1.250000 0.007592
11795 213 FPGA_VCCAUX 0.024390 3.281250 0.079675 FPGA_VCCINT 0.006194 1.250000 0.007592
11848 214 FPGA_VCCAUX 0.024390 3.281250 0.079675 FPGA_VCCINT 0.006194 1.250000 0.007592
11901 215 FPGA_VCCAUX 0.024390 3.281250 0.079675 FPGA_VCCINT 0.006194 1.250000 0.007592
11952 216 FPGA_VCCAUX 0.024390 3.281250 0.079675 FPGA_VCCINT 0.006194 1.250000 0.007592
12006 217 FPGA_VCCAUX 0.024390 3.281250 0.079675 FPGA_VCCINT 0.006194 1.250000 0.007592
12059 218 FPGA_VCCAUX 0.024390 3.281250 0.079675 FPGA_VCCINT 0.006194 1.250000 0.007592
12110 219 FPGA_VCCAUX 0.024390 3.281250 0.079675 FPGA_VCCINT 0.006194 1.093750 0.006643
12163 220 FPGA_VCCAUX 0.024390 3.281250 0.079675 FPGA_VCCINT 0.006194 1.093750 0.006643
12215 221 FPGA_VCCAUX 0.024390 3.281250 0.079675 FPGA_VCCINT 0.006194 1.093750 0.006643
12268 222 FPGA_VCCAUX 0.024390 3.281250 0.079675 FPGA_VCCINT 0.006194 1.093750 0.006643
12322 223 FPGA_VCCAUX 0.024390 3.281250 0.079675 FPGA_VCCINT 0.006194 1.093750 0.006643
12373 224 FPGA_VCCAUX 0.024390 3.281250 0.079675 FPGA_VCCINT 0.006194 1.093750 0.006643
12427 225 FPGA_VCCAUX 0.024390 3.281250 0.079675 FPGA_VCCINT 0.006194 1.093750 0.006643
12478 226 FPGA_VCCAUX 0.024390 3.281250 0.079675 FPGA_VCCINT 0.006194 1.093750 0.006643
12531 227 FPGA_VCCAUX 0.024390 3.281250 0.079675 FPGA_VCCINT 0.006194 1.093750 0.006643
12582 228 FPGA_VCCAUX 0.024390 3.281250 0.079675 FPGA_VCCINT 0.006194 1.250000 0.007592
12636 229 FPGA_VCCAUX 0.024390 3.281250 0.079675 FPGA_VCCINT 0.006194 1.250000 0.007592
12689 230 FPGA_VCCAUX 0.024390 3.281250 0.079675 FPGA_VCCINT 0.006194 1.250000 0.007592
12740 231 FPGA_VCCAUX 0.024390 3.281250 0.079675 FPGA_VCCINT 0.006194 1.250000 0.007592
12793 232 FPGA_VCCAUX 0.024390 3.281250 0.079675 FPGA_VCCINT 0.006194 1.250000 0.007592
12847 233 FPGA_VCCAUX 0.024390 3.281250 0.079675 FPGA_VCCINT 0.006194 1.250000 0.007592
12898 234 FPGA_VCCAUX 0.024390 3.281250 0.079675 FPGA_VCCINT 0.006194 1.250000 0.007592
12951 235 FPGA_VCCAUX 0.024390 3.281250 0.079675 FPGA_VCCINT 0.006194 1.250000 0.007592
13004 236 FPGA_VCCAUX 0.024390 3.281250 0.079675 FPGA_VCCINT 0.006194 1.250000 0.007592
13055 237 FPGA_VCCAUX 0.024390 3.281250 0.079675 FPGA_VCCINT 0.006194 1.250000 0.007592
13109 238 FPGA_VCCAUX 0.024390 3.281250 0.079675 FPGA_VCCINT 0.006194 1.250000 0.007592
13212 239 FPGA_VCCAUX 0.024390 3.281250 0.079675 FPGA_VCCINT 0.006194 1.250000 0.007592
13265 240 FPGA_VCCAUX 0.024390 3.281250 0.079675 FPGA_VCCINT 0.006194 1.250000 0.007592
13319 241 FPGA_VCCAUX 0.024390 3.281250 0.079675 FPGA_VCCINT 0.006194 1.250000 0.007592
13370 242 FPGA_VCCAUX 0.024390 3.281250 0.079675 FPGA_VCCINT 0.006194 1.250000 0.007592
13423 243 FPGA_VCCAUX 0.024390 3.281250 0.079675 FPGA_VCCINT 0.006194 1.250000 0.007592
13477 244 FPGA_VCCAUX 0.024390 3.281250 0.079675 FPGA_VCCINT 0.006194 1.250000 0.007592
13527 245 FPGA_VCCAUX 0.024390 3.281250 0.079675 FPGA_VCCINT 0.006194 1.093750 0.006643
13581 246 FPGA_VCCAUX 0.024390 3.281250 0.079675 FPGA_VCCINT 0.006194 1.093750 0.006643
13632 247 FPGA_VCCAUX 0.024390 3.281250 0.079675 FPGA_VCCINT 0.006194 1.093750 0.006643
13686 248 FPGA_VCCAUX 0.024390 3.281250 0.079675 FPGA_VCCINT 0.006194 1.093750 0.006643
13739 249 FPGA_VCCAUX 0.024390 3.281250 0.079675 FPGA_VCCINT 0.006194 1.093750 0.006643
13790 250 FPGA_VCCAUX 0.024390 3.281250 0.079675 FPGA_VCCINT 0.006194 1.093750 0.006643
13844 251 FPGA_VCCAUX 0.024390 3.281250 0.079675 FPGA_VCCINT 0.006194 1.093750 0.006643
13895 252 FPGA_VCCAUX 0.024390 3.281250 0.079675 FPGA_VCCINT 0.006194 1.093750 0.006643
13949 253 FPGA_VCCAUX 0.024390 3.281250 0.079675 FPGA_VCCINT 0.006194 1.093750 0.006643
14000 254 FPGA_VCCAUX 0.024390 3.281250 0.079675 FPGA_VCCINT 0.006194 1.093750 0.006643
14053 255 FPGA_VCCAUX 0.024390 3.281250 0.079675 FPGA_VCCINT 0.006194 1.093750 0.006643
14104 256 FPGA_VCCAUX 0.024390 3.281250 0.079675 FPGA_VCCINT 0.006194 1.093750 0.006643
14158 257 FPGA_VCCAUX 0.024390 3.281250 0.079675 FPGA_VCCINT 0.006194 1.093750 0.006643
14262 258 FPGA_VCCAUX 0.024390 3.281250 0.079675 FPGA_VCCINT 0.006194 1.093750 0.006643
14315 259 FPGA_VCCAUX 0.024390 3.281250 0.079675 FPGA_VCCINT 0.006194 1.093750 0.006643
14369 260 FPGA_VCCAUX 0.024390 3.281250 0.079675 FPGA_VCCINT 0.006194 1.093750 0.006643
14420 261 FPGA_VCCAUX 0.024390 3.281250 0.079675 FPGA_VCCINT 0.006194 1.093750 0.006643
14474 262 FPGA_VCCAUX 0.024390 3.281250 0.079675 FPGA_VCCINT 0.006194 1.093750 0.006643
14525 263 FPGA_VCCAUX 0.024390 3.281250 0.079675 FPGA_VCCINT 0.006194 1.093750 0.006643
14578 264 FPGA_VCCAUX 0.024390 3.281250 0.079675 FPGA_VCCINT 0.006194 1.093750 0.006643
14629 265 FPGA_VCCAUX 0.024390 3.281250 0.079675 FPGA_VCCINT 0.006194 1.093750 0.006643
14683 266 FPGA_VCCAUX 0.024390 3.281250 0.079675 FPGA_VCCINT 0.006194 1.093750 0.006643
14734 267 FPGA_VCCAUX 0.024390 3.281250 0.079675 FPGA_VCCINT 0.006194 1.093750 0.006643
14788 268 FPGA_VCCAUX 0.024390 3.281250 0.079675 FPGA_VCCINT 0.006194 1.093750 0.006643
14839 269 FPGA_VCCAUX 0.024390 3.281250 0.079675 FPGA_VCCINT 0.006194 1.093750 0.006643
14893 270 FPGA_VCCAUX 0.024390 3.281250 0.079675 FPGA_VCCINT 0.006194 1.093750 0.006643
14999 271 FPGA_VCCAUX 0.024390 3.281250 0.079675 FPGA_VCCINT 0.006194 1.093750 0.006643
15050 272 FPGA_VCCAUX 0.024390 3.281250 0.079675 FPGA_VCCINT 0.006194 1.093750 0.006643
15103 273 FPGA_VCCAUX 0.024390 3.281250 0.079675 FPGA_VCCINT 0.006194 1.093750 0.006643
15154 274 FPGA_VCCAUX 0.024390 3.281250 0.079675 FPGA_VCCINT 0.006194 1.093750 0.006643
15208 275 FPGA_VCCAUX 0.024390 3.281250 0.079675 FPGA_VCCINT 0.006194 1.093750 0.006643
15259 276 FPGA_VCCAUX 0.024390 3.281250 0.079675 FPGA_VCCINT 0.006194 1.250000 0.007592
15312 277 FPGA_VCCAUX 0.024390 3.281250 0.079675 FPGA_VCCINT 0.006194 1.250000 0.007592
15366 278 FPGA_VCCAUX 0.024390 3.281250 0.079675 FPGA_VCCINT 0.006194 1.250000 0.007592
15417 279 FPGA_VCCAUX 0.024390 3.281250 0.079675 FPGA_VCCINT 0.006194 1.250000 0.007592
15470 280 FPGA_VCCAUX 0.024390 3.281250 0.079675 FPGA_VCCINT 0.006194 1.093750 0.006643
15522 281 FPGA_VCCAUX 0.024390 3.281250 0.079675 FPGA_VCCINT 0.006194 1.093750 0.006643
15575 282 FPGA_VCCAUX 0.024390 3.281250 0.079675 FPGA_VCCINT 0.006194 1.250000 0.007592
15655 283 FPGA_VCCAUX 0.024390 3.281250 0.079675 FPGA_VCCINT 0.006194 1.250000 0.007592
15706 284 FPGA_VCCAUX 0.024390 3.281250 0.079675 FPGA_VCCINT 0.006194 1.250000 0.007592
15759 285 FPGA_VCCAUX 0.024390 3.281250 0.079675 FPGA_VCCINT 0.006194 1.250000 0.007592
15810 286 FPGA_VCCAUX 0.024390 3.281250 0.079675 FPGA_VCCINT 0.006194 1.250000 0.007592
15864 287 FPGA_VCCAUX 0.024390 3.281250 0.079675 FPGA_VCCINT 0.006194 1.093750 0.006643
15917 288 FPGA_VCCAUX 0.024390 3.281250 0.079675 FPGA_VCCINT 0.006194 1.250000 0.007592
15968 289 FPGA_VCCAUX 0.024390 3.281250 0.079675 FPGA_VCCINT 0.006194 1.250000 0.007592
16021 290 FPGA_VCCAUX 0.024390 3.281250 0.079675 FPGA_VCCINT 0.006194 1.250000 0.007592
16075 291 FPGA_VCCAUX 0.024390 3.281250 0.079675 FPGA_VCCINT 0.006194 1.250000 0.007592
16126 292 FPGA_VCCAUX 0.024390 3.281250 0.079675 FPGA_VCCINT 0.006194 1.250000 0.007592
16179 293 FPGA_VCCAUX 0.024390 3.281250 0.079675 FPGA_VCCINT 0.006194 1.093750 0.006643
16232 294 FPGA_VCCAUX 0.024390 3.281250 0.079675 FPGA_VCCINT 0.006194 1.093750 0.006643
16283 295 FPGA_VCCAUX 0.024390 3.281250 0.079675 FPGA_VCCINT 0.006194 1.093750 0.006643
16337 296 FPGA_VCCAUX 0.024390 3.281250 0.079675 FPGA_VCCINT 0.006194 1.093750 0.006643
16388 297 FPGA_VCCAUX 0.024390 3.281250 0.079675 FPGA_VCCINT 0.006194 1.093750 0.006643
16442 298 FPGA_VCCAUX 0.024390 3.281250 0.079675 FPGA_VCCINT 0.006194 1.250000 0.007592
16545 299 FPGA_VCCAUX 0.024390 3.281250 0.079675 FPGA_VCCINT 0.006194 1.250000 0.007592
16599 300 FPGA_VCCAUX 0.024390 3.281250 0.079675 FPGA_VCCINT 0.006194 1.250000 0.007592
16652 301 FPGA_VCCAUX 0.024390 3.281250 0.079675 FPGA_VCCINT 0.006194 1.250000 0.007592
16703 302 FPGA_VCCAUX 0.024390 3.281250 0.079675 FPGA_VCCINT 0.006194 1.250000 0.007592
16756 303 FPGA_VCCAUX 0.024390 3.281250 0.079675 FPGA_VCCINT 0.006194 1.250000 0.007592
16810 304 FPGA_VCCAUX 0.024390 3.281250 0.079675 FPGA_VCCINT 0.006194 1.093750 0.006643
16861 305 FPGA_VCCAUX 0.024390 3.281250 0.079675 FPGA_VCCINT 0.006194 1.093750 0.006643
16914 306 FPGA_VCCAUX 0.024390 3.281250 0.079675 FPGA_VCCINT 0.006194 1.093750 0.006643
16965 307 FPGA_VCCAUX 0.024390 3.281250 0.079675 FPGA_VCCINT 0.006194 1.093750 0.006643
17019 308 FPGA_VCCAUX 0.024390 3.281250 0.079675 FPGA_VCCINT 0.006194 1.093750 0.006643
17070 309 FPGA_VCCAUX 0.024390 3.281250 0.079675 FPGA_VCCINT 0.006194 1.093750 0.006643
17124 310 FPGA_VCCAUX 0.024390 3.281250 0.079675 FPGA_VCCINT 0.006194 1.093750 0.006643
17175 311 FPGA_VCCAUX 0.024390 3.281250 0.079675 FPGA_VCCINT 0.006194 1.093750 0.006643
17228 312 FPGA_VCCAUX 0.024390 3.281250 0.079675 FPGA_VCCINT 0.006194 1.093750 0.006643
17282 313 FPGA_VCCAUX 0.024390 3.281250 0.079675 FPGA_VCCINT 0.006194 1.093750 0.006643
17333 314 FPGA_VCCAUX 0.024390 3.281250 0.079675 FPGA_VCCINT 0.006194 1.093750 0.006643
17387 315 FPGA_VCCAUX 0.024390 3.281250 0.079675 FPGA_VCCINT 0.006194 1.093750 0.006643
17438 316 FPGA_VCCAUX 0.024390 3.281250 0.079675 FPGA_VCCINT 0.006194 1.093750 0.006643
17491 317 FPGA_VCCAUX 0.024390 3.281250 0.079675 FPGA_VCCINT 0.006194 1.093750 0.006643
17543 318 FPGA_VCCAUX 0.024390 3.281250 0.079675 FPGA_VCCINT 0.006194 1.093750 0.006643
17596 319 FPGA_VCCAUX 0.024390 3.281250 0.079675 FPGA_VCCINT 0.006194 1.093750 0.006643
17647 320 FPGA_VCCAUX 0.024390 3.281250 0.079675 FPGA_VCCINT 0.006194 1.250000 0.007592
17701 321 FPGA_VCCAUX 0.024390 3.281250 0.079675 FPGA_VCCINT 0.006194 1.250000 0.007592
17754 322 FPGA_VCCAUX 0.024390 3.281250 0.079675 FPGA_VCCINT 0.006194 1.093750 0.006643
17805 323 FPGA_VCCAUX 0.024390 3.281250 0.079675 FPGA_VCCINT 0.006194 1.250000 0.007592
17859 324 FPGA_VCCAUX 0.024390 3.281250 0.079675 FPGA_VCCINT 0.006194 1.250000 0.007592
17910 325 FPGA_VCCAUX 0.024390 3.281250 0.079675 FPGA_VCCINT 0.006194 1.250000 0.007592
17963 326 FPGA_VCCAUX 0.024390 3.281250 0.079675 FPGA_VCCINT 0.006194 1.250000 0.007592
18017 327 FPGA_VCCAUX 0.024390 3.281250 0.079675 FPGA_VCCINT 0.006194 1.250000 0.007592
18068 328 FPGA_VCCAUX 0.024390 3.281250 0.079675 FPGA_VCCINT 0.006194 1.250000 0.007592
18121 329 FPGA_VCCAUX 0.024390 3.281250 0.079675 FPGA_VCCINT 0.006194 1.250000 0.007592
18174 330 FPGA_VCCAUX 0.024390 3.281250 0.079675 FPGA_VCCINT 0.006194 1.250000 0.007592
18225 331 FPGA_VCCAUX 0.024390 3.281250 0.079675 FPGA_VCCINT 0.006194 1.250000 0.007592
18279 332 FPGA_VCCAUX 0.024390 3.281250 0.079675 FPGA_VCCINT 0.006194 1.250000 0.007592
18332 333 FPGA_VCCAUX 0.024390 3.281250 0.079675 FPGA_VCCINT 0.006194 1.093750 0.006643
18383 334 FPGA_VCCAUX 0.024390 3.281250 0.079675 FPGA_VCCINT 0.006194 1.093750 0.006643
18437 335 FPGA_VCCAUX 0.024390 3.281250 0.079675 FPGA_VCCINT 0.006194 1.093750 0.006643
18488 336 FPGA_VCCAUX 0.024390 3.281250 0.079675 FPGA_VCCINT 0.006194 1.093750 0.006643
18542 337 FPGA_VCCAUX 0.024390 3.281250 0.079675 FPGA_VCCINT 0.006194 1.093750 0.006643
18593 338 FPGA_VCCAUX 0.024390 3.281250 0.079675 FPGA_VCCINT 0.006194 1.250000 0.007592
18646 339 FPGA_VCCAUX 0.024390 3.281250 0.079675 FPGA_VCCINT 0.006194 1.250000 0.007592
18700 340 FPGA_VCCAUX 0.024390 3.281250 0.079675 FPGA_VCCINT 0.006194 1.250000 0.007592
18750 341 FPGA_VCCAUX 0.024390 3.281250 0.079675 FPGA_VCCINT 0.006194 1.250000 0.007592
18804 342 FPGA_VCCAUX 0.024390 3.281250 0.079675 FPGA_VCCINT 0.006194 1.250000 0.007592
18857 343 FPGA_VCCAUX 0.024390 3.281250 0.079675 FPGA_VCCINT 0.006194 1.250000 0.007592
18908 344 FPGA_VCCAUX 0.024390 3.281250 0.079675 FPGA_VCCINT 0.006194 1.250000 0.007592
18961 345 FPGA_VCCAUX 0.024390 3.281250 0.079675 FPGA_VCCINT 0.006194 1.093750 0.006643
19065 346 FPGA_VCCAUX 0.024390 3.281250 0.079675 FPGA_VCCINT 0.006194 1.250000 0.007592
19118 347 FPGA_VCCAUX 0.024390 3.281250 0.079675 FPGA_VCCINT 0.006194 1.250000 0.007592
19172 348 FPGA_VCCAUX 0.024390 3.281250 0.079675 FPGA_VCCINT 0.006194 1.250000 0.007592
19223 349 FPGA_VCCAUX 0.024390 3.281250 0.079675 FPGA_VCCINT 0.006194 1.250000 0.007592
19276 350 FPGA_VCCAUX 0.024390 3.281250 0.079675 FPGA_VCCINT 0.006194 1.250000 0.007592
19329 351 FPGA_VCCAUX 0.024390 3.281250 0.079675 FPGA_VCCINT 0.006194 1.093750 0.006643
19380 352 FPGA_VCCAUX 0.024390 3.281250 0.079675 FPGA_VCCINT 0.006194 1.093750 0.006643
19434 353 FPGA_VCCAUX 0.024390 3.281250 0.079675 FPGA_VCCINT 0.006194 1.093750 0.006643
19485 354 FPGA_VCCAUX 0.024390 3.281250 0.079675 FPGA_VCCINT 0.006194 1.093750 0.006643
19539 355 FPGA_VCCAUX 0.024390 3.281250 0.079675 FPGA_VCCINT 0.006194 1.093750 0.006643
19590 356 FPGA_VCCAUX 0.024390 3.281250 0.079675 FPGA_VCCINT 0.006194 1.093750 0.006643
19643 357 FPGA_VCCAUX 0.024390 3.281250 0.079675 FPGA_VCCINT 0.006194 1.093750 0.006643
19697 358 FPGA_VCCAUX 0.024390 3.281250 0.079675 FPGA_VCCINT 0.006194 1.250000 0.007592
19748 359 FPGA_VCCAUX 0.024390 3.281250 0.079675 FPGA_VCCINT 0.006194 1.250000 0.007592
19801 360 FPGA_VCCAUX 0.024390 3.281250 0.079675 FPGA_VCCINT 0.006194 1.250000 0.007592
19852 361 FPGA_VCCAUX 0.024390 3.281250 0.079675 FPGA_VCCINT 0.006194 1.250000 0.007592
19906 362 FPGA_VCCAUX 0.024390 3.281250 0.079675 FPGA_VCCINT 0.006194 1.250000 0.007592
19959 363 FPGA_VCCAUX 0.024390 3.281250 0.079675 FPGA_VCCINT 0.006194 1.250000 0.007592
20010 364 FPGA_VCCAUX 0.024390 3.281250 0.079675 FPGA_VCCINT 0.006194 1.250000 0.007592
20064 365 FPGA_VCCAUX 0.024390 3.281250 0.079675 FPGA_VCCINT 0.006194 1.093750 0.006643
20117 366 FPGA_VCCAUX 0.024390 3.281250 0.079675 FPGA_VCCINT 0.006194 1.093750 0.006643
20168 367 FPGA_VCCAUX 0.024390 3.281250 0.079675 FPGA_VCCINT 0.006194 1.093750 0.006643
20222 368 FPGA_VCCAUX 0.024390 3.281250 0.079675 FPGA_VCCINT 0.006194 1.250000 0.007592
20273 369 FPGA_VCCAUX 0.024390 3.281250 0.079675 FPGA_VCCINT 0.006194 1.250000 0.007592
20326 370 FPGA_VCCAUX 0.024390 3.281250 0.079675 FPGA_VCCINT 0.006194 1.250000 0.007592
20377 371 FPGA_VCCAUX 0.024390 3.281250 0.079675 FPGA_VCCINT 0.006194 1.250000 0.007592
20431 372 FPGA_VCCAUX 0.024390 3.281250 0.079675 FPGA_VCCINT 0.006194 1.250000 0.007592
20484 373 FPGA_VCCAUX 0.024390 3.281250 0.079675 FPGA_VCCINT 0.006194 1.250000 0.007592
20535 374 FPGA_VCCAUX 0.024390 3.281250 0.079675 FPGA_VCCINT 0.006194 1.093750 0.006643
20589 375 FPGA_VCCAUX 0.024390 3.281250 0.079675 FPGA_VCCINT 0.006194 1.093750 0.006643
20747 376 FPGA_VCCAUX 0.024390 3.281250 0.079675 FPGA_VCCINT 0.006194 1.250000 0.007592
20798 377 FPGA_VCCAUX 0.024390 3.281250 0.079675 FPGA_VCCINT 0.006194 1.250000 0.007592
20851 378 FPGA_VCCAUX 0.024390 3.281250 0.079675 FPGA_VCCINT 0.006194 1.250000 0.007592
20955 379 FPGA_VCCAUX 0.024390 3.281250 0.079675 FPGA_VCCINT 0.006194 1.250000 0.007592
21008 380 FPGA_VCCAUX 0.024390 3.281250 0.079675 FPGA_VCCINT 0.006194 1.093750 0.006643
21062 381 FPGA_VCCAUX 0.024390 3.281250 0.079675 FPGA_VCCINT 0.006194 1.093750 0.006643
21113 382 FPGA_VCCAUX 0.024390 3.281250 0.079675 FPGA_VCCINT 0.006194 1.093750 0.006643
21166 383 FPGA_VCCAUX 0.024390 3.281250 0.079675 FPGA_VCCINT 0.006194 1.250000 0.007592
21220 384 FPGA_VCCAUX 0.024390 3.281250 0.079675 FPGA_VCCINT 0.006194 1.250000 0.007592
21270 385 FPGA_VCCAUX 0.024390 3.281250 0.079675 FPGA_VCCINT 0.006194 1.250000 0.007592
21324 386 FPGA_VCCAUX 0.024390 3.281250 0.079675 FPGA_VCCINT 0.006194 1.250000 0.007592
21377 387 FPGA_VCCAUX 0.024390 3.281250 0.079675 FPGA_VCCINT 0.006194 1.093750 0.006643
21428 388 FPGA_VCCAUX 0.024390 3.281250 0.079675 FPGA_VCCINT 0.006194 1.250000 0.007592
21482 389 FPGA_VCCAUX 0.024390 3.281250 0.079675 FPGA_VCCINT 0.006194 1.250000 0.007592
21532 390 FPGA_VCCAUX 0.024390 3.281250 0.079675 FPGA_VCCINT 0.006194 1.250000 0.007592
21586 391 FPGA_VCCAUX 0.024390 3.281250 0.079675 FPGA_VCCINT 0.006194 1.250000 0.007592
21640 392 FPGA_VCCAUX 0.024390 3.281250 0.079675 FPGA_VCCINT 0.006194 1.093750 0.006643
21690 393 FPGA_VCCAUX 0.024390 3.281250 0.079675 FPGA_VCCINT 0.006194 1.093750 0.006643
21744 394 FPGA_VCCAUX 0.024390 3.281250 0.079675 FPGA_VCCINT 0.006194 1.093750 0.006643
21795 395 FPGA_VCCAUX 0.024390 3.281250 0.079675 FPGA_VCCINT 0.006194 1.250000 0.007592
21848 396 FPGA_VCCAUX 0.024390 3.281250 0.079675 FPGA_VCCINT 0.006194 1.250000 0.007592
21902 397 FPGA_VCCAUX 0.024390 3.281250 0.079675 FPGA_VCCINT 0.006194 1.250000 0.007592
21953 398 FPGA_VCCAUX 0.024390 3.281250 0.079675 FPGA_VCCINT 0.006194 1.250000 0.007592
22006 399 FPGA_VCCAUX 0.024390 3.281250 0.079675 FPGA_VCCINT 0.006194 1.250000 0.007592
22060 400 FPGA_VCCAUX 0.024390 3.281250 0.079675 FPGA_VCCINT 0.006194 1.250000 0.007592
22110 401 FPGA_VCCAUX 0.024390 3.281250 0.079675 FPGA_VCCINT 0.006194 1.250000 0.007592
22164 402 FPGA_VCCAUX 0.024390 3.281250 0.079675 FPGA_VCCINT 0.006194 1.250000 0.007592
22215 403 FPGA_VCCAUX 0.024390 3.281250 0.079675 FPGA_VCCINT 0.006194 1.250000 0.007592
22268 404 FPGA_VCCAUX 0.024390 3.281250 0.079675 FPGA_VCCINT 0.006194 1.250000 0.007592
22321 405 FPGA_VCCAUX 0.024390 3.281250 0.079675 FPGA_VCCINT 0.006194 1.250000 0.007592
22372 406 FPGA_VCCAUX 0.024390 3.281250 0.079675 FPGA_VCCINT 0.006194 1.250000 0.007592
22426 407 FPGA_VCCAUX 0.024390 3.281250 0.079675 FPGA_VCCINT 0.006194 1.250000 0.007592
22479 408 FPGA_VCCAUX 0.024390 3.281250 0.079675 FPGA_VCCINT 0.006194 1.250000 0.007592
22530 409 FPGA_VCCAUX 0.024390 3.281250 0.079675 FPGA_VCCINT 0.006194 1.250000 0.007592
22584 410 FPGA_VCCAUX 0.024390 3.281250 0.079675 FPGA_VCCINT 0.006194 1.250000 0.007592
22637 411 FPGA_VCCAUX 0.024390 3.281250 0.079675 FPGA_VCCINT 0.006194 1.093750 0.006643
22688 412 FPGA_VCCAUX 0.024390 3.281250 0.079675 FPGA_VCCINT 0.006194 1.250000 0.007592
22742 413 FPGA_VCCAUX 0.024390 3.281250 0.079675 FPGA_VCCINT 0.006194 1.250000 0.007592
22793 414 FPGA_VCCAUX 0.024390 3.281250 0.079675 FPGA_VCCINT 0.006194 1.250000 0.007592
22846 415 FPGA_VCCAUX 0.024390 3.281250 0.079675 FPGA_VCCINT 0.006194 1.250000 0.007592
22897 416 FPGA_VCCAUX 0.024390 3.281250 0.079675 FPGA_VCCINT 0.006194 1.250000 0.007592
22950 417 FPGA_VCCAUX 0.024390 3.281250 0.079675 FPGA_VCCINT 0.006194 1.093750 0.006643
23004 418 FPGA_VCCAUX 0.024390 3.281250 0.079675 FPGA_VCCINT 0.006194 1.093750 0.006643
23055 419 FPGA_VCCAUX 0.024390 3.281250 0.079675 FPGA_VCCINT 0.006194 1.093750 0.006643
23109 420 FPGA_VCCAUX 0.024390 3.281250 0.079675 FPGA_VCCINT 0.006194 1.093750 0.006643
23160 421 FPGA_VCCAUX 0.024390 3.281250 0.079675 FPGA_VCCINT 0.006194 1.250000 0.007592
23213 422 FPGA_VCCAUX 0.024390 3.281250 0.079675 FPGA_VCCINT 0.006194 1.250000 0.007592
23293 423 FPGA_VCCAUX 0.024390 3.281250 0.079675 FPGA_VCCINT 0.006194 1.250000 0.007592
23344 424 FPGA_VCCAUX 0.024390 3.281250 0.079675 FPGA_VCCINT 0.006194 1.250000 0.007592
23397 425 FPGA_VCCAUX 0.024390 3.281250 0.079675 FPGA_VCCINT 0.006194 1.250000 0.007592
23448 426 FPGA_VCCAUX 0.024390 3.281250 0.079675 FPGA_VCCINT 0.006194 1.250000 0.007592
23502 427 FPGA_VCCAUX 0.024390 3.281250 0.079675 FPGA_VCCINT 0.006194 1.250000 0.007592
23555 428 FPGA_VCCAUX 0.024390 3.281250 0.079675 FPGA_VCCINT 0.006194 1.250000 0.007592
23606 429 FPGA_VCCAUX 0.024390 3.281250 0.079675 FPGA_VCCINT 0.006194 1.093750 0.006643
23659 430 FPGA_VCCAUX 0.024390 3.281250 0.079675 FPGA_VCCINT 0.006194 1.093750 0.006643
23713 431 FPGA_VCCAUX 0.024390 3.281250 0.079675 FPGA_VCCINT 0.006194 1.093750 0.006643
23764 432 FPGA_VCCAUX 0.024390 3.281250 0.079675 FPGA_VCCINT 0.006194 1.093750 0.006643
23818 433 FPGA_VCCAUX 0.024390 3.281250 0.079675 FPGA_VCCINT 0.006194 1.093750 0.006643
23869 434 FPGA_VCCAUX 0.024390 3.281250 0.079675 FPGA_VCCINT 0.006194 1.093750 0.006643
23923 435 FPGA_VCCAUX 0.024390 3.281250 0.079675 FPGA_VCCINT 0.006194 1.250000 0.007592
23974 436 FPGA_VCCAUX 0.024390 3.281250 0.079675 FPGA_VCCINT 0.006194 1.250000 0.007592
24027 437 FPGA_VCCAUX 0.024390 3.281250 0.079675 FPGA_VCCINT 0.006194 1.250000 0.007592
24081 438 FPGA_VCCAUX 0.024390 3.281250 0.079675 FPGA_VCCINT 0.006194 1.093750 0.006643
24132 439 FPGA_VCCAUX 0.024390 3.281250 0.079675 FPGA_VCCINT 0.006194 1.250000 0.007592
24185 440 FPGA_VCCAUX 0.024390 3.281250 0.079675 FPGA_VCCINT 0.006194 1.250000 0.007592
24236 441 FPGA_VCCAUX 0.024390 3.281250 0.079675 FPGA_VCCINT 0.006194 1.250000 0.007592
24289 442 FPGA_VCCAUX 0.024390 3.281250 0.079675 FPGA_VCCINT 0.006194 1.093750 0.006643
24343 443 FPGA_VCCAUX 0.024390 3.281250 0.079675 FPGA_VCCINT 0.006194 1.093750 0.006643
24394 444 FPGA_VCCAUX 0.024390 3.281250 0.079675 FPGA_VCCINT 0.006194 1.093750 0.006643
24448 445 FPGA_VCCAUX 0.024390 3.281250 0.079675 FPGA_VCCINT 0.006194 1.093750 0.006643
24499 446 FPGA_VCCAUX 0.024390 3.281250 0.079675 FPGA_VCCINT 0.006194 1.093750 0.006643
24552 447 FPGA_VCCAUX 0.024390 3.281250 0.079675 FPGA_VCCINT 0.006194 1.093750 0.006643
24603 448 FPGA_VCCAUX 0.024390 3.281250 0.079675 FPGA_VCCINT 0.006194 1.093750 0.006643
24657 449 FPGA_VCCAUX 0.024390 3.281250 0.079675 FPGA_VCCINT 0.006194 1.093750 0.006643
24708 450 FPGA_VCCAUX 0.024390 3.281250 0.079675 FPGA_VCCINT 0.006194 1.093750 0.006643
24762 451 FPGA_VCCAUX 0.024390 3.281250 0.079675 FPGA_VCCINT 0.006194 1.093750 0.006643
24815 452 FPGA_VCCAUX 0.024390 3.281250 0.079675 FPGA_VCCINT 0.006194 1.093750 0.006643
24866 453 FPGA_VCCAUX 0.024390 3.281250 0.079675 FPGA_VCCINT 0.006194 1.093750 0.006643
24920 454 FPGA_VCCAUX 0.024390 3.281250 0.079675 FPGA_VCCINT 0.006194 1.093750 0.006643
24971 455 FPGA_VCCAUX 0.024390 3.281250 0.079675 FPGA_VCCINT 0.006194 1.093750 0.006643
25024 456 FPGA_VCCAUX 0.024390 3.281250 0.079675 FPGA_VCCINT 0.006194 1.093750 0.006643
25075 457 FPGA_VCCAUX 0.024390 3.281250 0.079675 FPGA_VCCINT 0.006194 1.093750 0.006643
25129 458 FPGA_VCCAUX 0.024390 3.281250 0.079675 FPGA_VCCINT 0.006194 1.093750 0.006643
25180 459 FPGA_VCCAUX 0.024390 3.281250 0.079675 FPGA_VCCINT 0.006194 1.093750 0.006643
25234 460 FPGA_VCCAUX 0.024390 3.281250 0.079675 FPGA_VCCINT 0.006194 1.093750 0.006643
25288 461 FPGA_VCCAUX 0.024390 3.281250 0.079675 FPGA_VCCINT 0.006194 1.093750 0.006643
25338 462 FPGA_VCCAUX 0.024390 3.281250 0.079675 FPGA_VCCINT 0.006194 1.093750 0.006643
25392 463 FPGA_VCCAUX 0.024390 3.281250 0.079675 FPGA_VCCINT 0.006194 1.093750 0.006643
25443 464 FPGA_VCCAUX 0.024390 3.281250 0.079675 FPGA_VCCINT 0.006194 1.093750 0.006643
25497 465 FPGA_VCCAUX 0.024390 3.281250 0.079675 FPGA_VCCINT 0.006194 1.093750 0.006643
25548 466 FPGA_VCCAUX 0.024390 3.281250 0.079675 FPGA_VCCINT 0.006194 1.093750 0.006643
25601 467 FPGA_VCCAUX 0.024390 3.281250 0.079675 FPGA_VCCINT 0.006194 1.093750 0.006643
25653 468 FPGA_VCCAUX 0.024390 3.281250 0.079675 FPGA_VCCINT 0.006194 1.093750 0.006643
25706 469 FPGA_VCCAUX 0.024390 3.281250 0.079675 FPGA_VCCINT 0.006194 1.093750 0.006643
25760 470 FPGA_VCCAUX 0.024390 3.281250 0.079675 FPGA_VCCINT 0.006194 1.093750 0.006643
25811 471 FPGA_VCCAUX 0.024390 3.281250 0.079675 FPGA_VCCINT 0.006194 1.093750 0.006643
25865 472 FPGA_VCCAUX 0.024390 3.281250 0.079675 FPGA_VCCINT 0.006194 1.093750 0.006643
25916 473 FPGA_VCCAUX 0.024390 3.281250 0.079675 FPGA_VCCINT 0.006194 1.250000 0.007592
25969 474 FPGA_VCCAUX 0.024390 3.281250 0.079675 FPGA_VCCINT 0.006194 1.250000 0.007592
26020 475 FPGA_VCCAUX 0.024390 3.281250 0.079675 FPGA_VCCINT 0.006194 1.250000 0.007592
26074 476 FPGA_VCCAUX 0.024390 3.281250 0.079675 FPGA_VCCINT 0.006194 1.250000 0.007592
26127 477 FPGA_VCCAUX 0.024390 3.281250 0.079675 FPGA_VCCINT 0.006194 1.250000 0.007592
26178 478 FPGA_VCCAUX 0.024390 3.281250 0.079675 FPGA_VCCINT 0.006194 1.250000 0.007592
26231 479 FPGA_VCCAUX 0.024390 3.281250 0.079675 FPGA_VCCINT 0.006194 1.250000 0.007592
26285 480 FPGA_VCCAUX 0.024390 3.281250 0.079675 FPGA_VCCINT 0.006194 1.250000 0.007592
26336 481 FPGA_VCCAUX 0.024390 3.281250 0.079675 FPGA_VCCINT 0.006194 1.250000 0.007592
26389 482 FPGA_VCCAUX 0.024390 3.281250 0.079675 FPGA_VCCINT 0.006194 1.250000 0.007592
26495 483 FPGA_VCCAUX 0.024390 3.281250 0.079675 FPGA_VCCINT 0.006194 1.250000 0.007592
26546 484 FPGA_VCCAUX 0.024390 3.281250 0.079675 FPGA_VCCINT 0.006194 1.250000 0.007592
26599 485 FPGA_VCCAUX 0.024390 3.281250 0.079675 FPGA_VCCINT 0.006194 1.250000 0.007592
26650 486 FPGA_VCCAUX 0.024390 3.281250 0.079675 FPGA_VCCINT 0.006194 1.250000 0.007592
26703 487 FPGA_VCCAUX 0.024390 3.281250 0.079675 FPGA_VCCINT 0.006194 1.250000 0.007592
26757 488 FPGA_VCCAUX 0.024390 3.281250 0.079675 FPGA_VCCINT 0.006194 1.093750 0.006643
26808 489 FPGA_VCCAUX 0.024390 3.281250 0.079675 FPGA_VCCINT 0.006194 1.093750 0.006643
26861 490 FPGA_VCCAUX 0.024390 3.281250 0.079675 FPGA_VCCINT 0.006194 1.093750 0.006643
26915 491 FPGA_VCCAUX 0.024390 3.281250 0.079675 FPGA_VCCINT 0.006194 1.093750 0.006643
26966 492 FPGA_VCCAUX 0.024390 3.281250 0.079675 FPGA_VCCINT 0.006194 1.093750 0.006643
27019 493 FPGA_VCCAUX 0.024390 3.281250 0.079675 FPGA_VCCINT 0.006194 1.250000 0.007592
27070 494 FPGA_VCCAUX 0.024390 3.281250 0.079675 FPGA_VCCINT 0.006194 1.250000 0.007592
27124 495 FPGA_VCCAUX 0.024390 3.281250 0.079675 FPGA_VCCINT 0.006194 1.250000 0.007592
27177 496 FPGA_VCCAUX 0.024390 3.281250 0.079675 FPGA_VCCINT 0.006194 1.250000 0.007592
27228 497 FPGA_VCCAUX 0.024390 3.281250 0.079675 FPGA_VCCINT 0.006194 1.250000 0.007592
27282 498 FPGA_VCCAUX 0.024390 3.281250 0.079675 FPGA_VCCINT 0.006194 1.250000 0.007592
27335 499 FPGA_VCCAUX 0.024390 3.281250 0.079675 FPGA_VCCINT 0.006194 1.250000 0.007592
27386 500 FPGA_VCCAUX 0.024390 3.281250 0.079675 FPGA_VCCINT 0.006194 1.250000 0.007592
27439 501 FPGA_VCCAUX 0.024390 3.281250 0.079675 FPGA_VCCINT 0.006194 1.093750 0.006643
27490 502 FPGA_VCCAUX 0.024390 3.281250 0.079675 FPGA_VCCINT 0.006194 1.093750 0.006643
27544 503 FPGA_VCCAUX 0.024390 3.281250 0.079675 FPGA_VCCINT 0.006194 1.093750 0.006643
27597 504 FPGA_VCCAUX 0.024390 3.281250 0.079675 FPGA_VCCINT 0.006194 1.093750 0.006643
27648 505 FPGA_VCCAUX 0.024390 3.281250 0.079675 FPGA_VCCINT 0.006194 1.093750 0.006643
27702 506 FPGA_VCCAUX 0.024390 3.281250 0.079675 FPGA_VCCINT 0.006194 1.093750 0.006643
27753 507 FPGA_VCCAUX 0.024390 3.281250 0.079675 FPGA_VCCINT 0.006194 1.093750 0.006643
27807 508 FPGA_VCCAUX 0.024390 3.281250 0.079675 FPGA_VCCINT 0.006194 1.250000 0.007592
27858 509 FPGA_VCCAUX 0.024390 3.281250 0.079675 FPGA_VCCINT 0.006194 1.250000 0.007592
27911 510 FPGA_VCCAUX 0.024390 3.281250 0.079675 FPGA_VCCINT 0.006194 1.250000 0.007592
27965 511 FPGA_VCCAUX 0.024390 3.281250 0.079675 FPGA_VCCINT 0.006194 1.250000 0.007592
28016 512 FPGA_VCCAUX 0.024390 3.281250 0.079675 FPGA_VCCINT 0.006194 1.250000 0.007592
28069 513 FPGA_VCCAUX 0.024390 3.281250 0.079675 FPGA_VCCINT 0.006194 1.250000 0.007592
28120 514 FPGA_VCCAUX 0.024390 3.281250 0.079675 FPGA_VCCINT 0.006194 1.250000 0.007592
28173 515 FPGA_VCCAUX 0.024390 3.281250 0.079675 FPGA_VCCINT 0.006194 1.093750 0.006643
28227 516 FPGA_VCCAUX 0.024390 3.281250 0.079675 FPGA_VCCINT 0.006194 1.093750 0.006643
28278 517 FPGA_VCCAUX 0.024390 3.281250 0.079675 FPGA_VCCINT 0.006194 1.093750 0.006643
28332 518 FPGA_VCCAUX 0.024390 3.281250 0.079675 FPGA_VCCINT 0.006194 1.093750 0.006643
28383 519 FPGA_VCCAUX 0.024390 3.281250 0.079675 FPGA_VCCINT 0.006194 1.093750 0.006643
28437 520 FPGA_VCCAUX 0.024390 3.281250 0.079675 FPGA_VCCINT 0.006194 1.093750 0.006643
28488 521 FPGA_VCCAUX 0.024390 3.281250 0.079675 FPGA_VCCINT 0.006194 1.093750 0.006643
28541 522 FPGA_VCCAUX 0.024390 3.281250 0.079675 FPGA_VCCINT 0.006194 1.093750 0.006643
28592 523 FPGA_VCCAUX 0.024390 3.281250 0.079675 FPGA_VCCINT 0.006194 1.093750 0.006643
28646 524 FPGA_VCCAUX 0.024390 3.281250 0.079675 FPGA_VCCINT 0.006194 1.093750 0.006643
28700 525 FPGA_VCCAUX 0.024390 3.281250 0.079675 FPGA_VCCINT 0.006194 1.093750 0.006643
28751 526 FPGA_VCCAUX 0.024390 3.281250 0.079675 FPGA_VCCINT 0.006194 1.093750 0.006643
28804 527 FPGA_VCCAUX 0.024390 3.281250 0.079675 FPGA_VCCINT 0.006194 1.250000 0.007592
28855 528 FPGA_VCCAUX 0.024390 3.281250 0.079675 FPGA_VCCINT 0.006194 1.250000 0.007592
28909 529 FPGA_VCCAUX 0.024390 3.281250 0.079675 FPGA_VCCINT 0.006194 1.250000 0.007592
28962 530 FPGA_VCCAUX 0.024390 3.281250 0.079675 FPGA_VCCINT 0.006194 1.250000 0.007592
29013 531 FPGA_VCCAUX 0.024390 3.281250 0.079675 FPGA_VCCINT 0.006194 1.250000 0.007592
29066 532 FPGA_VCCAUX 0.024390 3.281250 0.079675 FPGA_VCCINT 0.006194 1.250000 0.007592
29117 533 FPGA_VCCAUX 0.024390 3.281250 0.079675 FPGA_VCCINT 0.006194 1.250000 0.007592
29171 534 FPGA_VCCAUX 0.024390 3.281250 0.079675 FPGA_VCCINT 0.006194 1.250000 0.007592
29224 535 FPGA_VCCAUX 0.024390 3.281250 0.079675 FPGA_VCCINT 0.006194 1.250000 0.007592
29275 536 FPGA_VCCAUX 0.024390 3.281250 0.079675 FPGA_VCCINT 0.006194 1.250000 0.007592
29328 537 FPGA_VCCAUX 0.024390 3.281250 0.079675 FPGA_VCCINT 0.006194 1.250000 0.007592
29382 538 FPGA_VCCAUX 0.024390 3.281250 0.079675 FPGA_VCCINT 0.006194 1.250000 0.007592
29432 539 FPGA_VCCAUX 0.024390 3.281250 0.079675 FPGA_VCCINT 0.006194 1.093750 0.006643
29486 540 FPGA_VCCAUX 0.024390 3.281250 0.079675 FPGA_VCCINT 0.006194 1.093750 0.006643
29537 541 FPGA_VCCAUX 0.024390 3.281250 0.079675 FPGA_VCCINT 0.006194 1.093750 0.006643
29591 542 FPGA_VCCAUX 0.024390 3.281250 0.079675 FPGA_VCCINT 0.006194 1.093750 0.006643
29644 543 FPGA_VCCAUX 0.024390 3.281250 0.079675 FPGA_VCCINT 0.006194 1.093750 0.006643
29695 544 FPGA_VCCAUX 0.024390 3.281250 0.079675 FPGA_VCCINT 0.006194 1.093750 0.006643
29749 545 FPGA_VCCAUX 0.024390 3.281250 0.079675 FPGA_VCCINT 0.006194 1.093750 0.006643
29800 546 FPGA_VCCAUX 0.024390 3.281250 0.079675 FPGA_VCCINT 0.006194 1.093750 0.006643
29854 547 FPGA_VCCAUX 0.024390 3.281250 0.079675 FPGA_VCCINT 0.006194 1.093750 0.006643
29905 548 FPGA_VCCAUX 0.024390 3.281250 0.079675 FPGA_VCCINT 0.006194 1.093750 0.006643
29959 549 FPGA_VCCAUX 0.024390 3.281250 0.079675 FPGA_VCCINT 0.006194 1.093750 0.006643
30009 550 FPGA_VCCAUX 0.024390 3.281250 0.079675 FPGA_VCCINT 0.006194 1.093750 0.006643
30063 551 FPGA_VCCAUX 0.024390 3.281250 0.079675 FPGA_VCCINT 0.006194 1.093750 0.006643
30167 552 FPGA_VCCAUX 0.024390 3.281250 0.079675 FPGA_VCCINT 0.006194 1.093750 0.006643
30220 553 FPGA_VCCAUX 0.024390 3.281250 0.079675 FPGA_VCCINT 0.006194 1.093750 0.006643
30274 554 FPGA_VCCAUX 0.024390 3.281250 0.079675 FPGA_VCCINT 0.006194 1.093750 0.006643
30325 555 FPGA_VCCAUX 0.024390 3.281250 0.079675 FPGA_VCCINT 0.006194 1.093750 0.006643
30379 556 FPGA_VCCAUX 0.024390 3.281250 0.079675 FPGA_VCCINT 0.006194 1.093750 0.006643
30430 557 FPGA_VCCAUX 0.024390 3.281250 0.079675 FPGA_VCCINT 0.006194 1.093750 0.006643
30483 558 FPGA_VCCAUX 0.024390 3.281250 0.079675 FPGA_VCCINT 0.006194 1.093750 0.006643
30535 559 FPGA_VCCAUX 0.024390 3.281250 0.079675 FPGA_VCCINT 0.006194 1.093750 0.006643
30588 560 FPGA_VCCAUX 0.024390 3.281250 0.079675 FPGA_VCCINT 0.006194 1.093750 0.006643
30639 561 FPGA_VCCAUX 0.024390 3.281250 0.079675 FPGA_VCCINT 0.006194 1.093750 0.006643
30693 562 FPGA_VCCAUX 0.024390 3.281250 0.079675 FPGA_VCCINT 0.006194 1.093750 0.006643
30746 563 FPGA_VCCAUX 0.024390 3.281250 0.079675 FPGA_VCCINT 0.006194 1.093750 0.006643
30798 564 FPGA_VCCAUX 0.024390 3.281250 0.079675 FPGA_VCCINT 0.006194 1.093750 0.006643
30851 565 FPGA_VCCAUX 0.024390 3.281250 0.079675 FPGA_VCCINT 0.006194 1.093750 0.006643
30928 566 FPGA_VCCAUX 0.024390 3.281250 0.079675 FPGA_VCCINT 0.006194 1.093750 0.006643
30982 567 FPGA_VCCAUX 0.024390 3.281250 0.079675 FPGA_VCCINT 0.006194 1.093750 0.006643
31033 568 FPGA_VCCAUX 0.024390 3.281250 0.079675 FPGA_VCCINT 0.006194 1.250000 0.007592
31086 569 FPGA_VCCAUX 0.024390 3.281250 0.079675 FPGA_VCCINT 0.006194 1.250000 0.007592
31140 570 FPGA_VCCAUX 0.024390 3.281250 0.079675 FPGA_VCCINT 0.006194 1.250000 0.007592
31191 571 FPGA_VCCAUX 0.024390 3.281250 0.079675 FPGA_VCCINT 0.006194 1.250000 0.007592
