10 1 RC_100Ohm_1mF 0.000000 10.000001 0.000000 FPGA_VCCINT -0.001549 0.000000 0.000000
45 2 RC_100Ohm_1mF 0.000000 10.000001 0.000000 FPGA_VCCINT -0.001549 0.000000 0.000000
80 3 RC_100Ohm_1mF 0.000000 10.000001 0.000000 FPGA_VCCINT -0.001549 0.000000 0.000000
116 4 RC_100Ohm_1mF 0.000000 10.000001 0.000000 FPGA_VCCINT -0.001549 0.000000 0.000000
151 5 RC_100Ohm_1mF 0.000000 10.000001 0.000000 FPGA_VCCINT -0.001549 0.000000 0.000000
187 6 RC_100Ohm_1mF 0.000000 10.000001 0.000000 FPGA_VCCINT -0.001549 0.000000 0.000000
223 7 RC_100Ohm_1mF 0.000000 10.000001 0.000000 FPGA_VCCINT -0.001549 0.000000 0.000000
258 8 RC_100Ohm_1mF 0.000000 10.000001 0.000000 FPGA_VCCINT -0.001549 0.000000 0.000000
294 9 RC_100Ohm_1mF 0.000000 10.000001 0.000000 FPGA_VCCINT -0.001549 0.000000 0.000000
329 10 RC_100Ohm_1mF 0.000000 10.000001 0.000000 FPGA_VCCINT -0.001549 0.000000 0.000000
365 11 RC_100Ohm_1mF 0.000000 10.000001 0.000000 FPGA_VCCINT -0.001549 0.000000 0.000000
401 12 RC_100Ohm_1mF 0.000000 10.000001 0.000000 FPGA_VCCINT -0.001549 0.000000 0.000000
437 13 RC_100Ohm_1mF 0.000000 10.000001 0.000000 FPGA_VCCINT -0.001549 0.000000 0.000000
473 14 RC_100Ohm_1mF 0.000000 10.000001 0.000000 FPGA_VCCINT -0.001549 0.000000 0.000000
509 15 RC_100Ohm_1mF 0.000000 10.000001 0.000000 FPGA_VCCINT -0.001549 0.000000 0.000000
545 16 RC_100Ohm_1mF 0.000000 10.000001 0.000000 FPGA_VCCINT -0.001549 0.000000 0.000000
581 17 RC_100Ohm_1mF 0.000000 10.000001 0.000000 FPGA_VCCINT -0.001549 0.000000 0.000000
617 18 RC_100Ohm_1mF 0.000000 10.000001 0.000000 FPGA_VCCINT -0.001549 0.000000 0.000000
653 19 RC_100Ohm_1mF 0.000000 10.000001 0.000000 FPGA_VCCINT -0.001549 0.000000 0.000000
689 20 RC_100Ohm_1mF 0.000000 10.000001 0.000000 FPGA_VCCINT -0.001549 0.000000 0.000000
724 21 RC_100Ohm_1mF 0.000000 10.000001 0.000000 FPGA_VCCINT -0.001549 0.000000 0.000000
760 22 RC_100Ohm_1mF 0.000000 10.000001 0.000000 FPGA_VCCINT -0.001549 0.000000 0.000000
796 23 RC_100Ohm_1mF 0.000000 10.000001 0.000000 FPGA_VCCINT -0.001549 0.000000 0.000000
832 24 RC_100Ohm_1mF 0.000000 10.000001 0.000000 FPGA_VCCINT -0.001549 0.000000 0.000000
868 25 RC_100Ohm_1mF 0.000000 10.000001 0.000000 FPGA_VCCINT -0.001549 0.000000 0.000000
904 26 RC_100Ohm_1mF 0.000000 10.000001 0.000000 FPGA_VCCINT -0.001549 0.000000 0.000000
940 27 RC_100Ohm_1mF 0.000000 10.000001 0.000000 FPGA_VCCINT -0.001549 0.000000 0.000000
976 28 RC_100Ohm_1mF 0.000000 10.000001 0.000000 FPGA_VCCINT -0.001549 0.000000 0.000000
1012 29 RC_100Ohm_1mF 0.000000 10.000001 0.000000 FPGA_VCCINT -0.001549 0.000000 0.000000
1048 30 RC_100Ohm_1mF 0.000000 10.000001 0.000000 FPGA_VCCINT -0.001549 0.000000 0.000000
1084 31 RC_100Ohm_1mF 0.000000 10.000001 0.000000 FPGA_VCCINT -0.001549 0.000000 0.000000
1120 32 RC_100Ohm_1mF 0.000000 10.000001 0.000000 FPGA_VCCINT -0.001549 0.000000 0.000000
1157 33 RC_100Ohm_1mF 0.000000 10.000001 0.000000 FPGA_VCCINT -0.001549 0.000000 0.000000
1193 34 RC_100Ohm_1mF 0.000000 10.000001 0.000000 FPGA_VCCINT -0.001549 0.000000 0.000000
1229 35 RC_100Ohm_1mF 0.000000 10.000001 0.000000 FPGA_VCCINT -0.001549 0.000000 0.000000
1265 36 RC_100Ohm_1mF 0.000000 10.000001 0.000000 FPGA_VCCINT -0.001549 0.000000 0.000000
1301 37 RC_100Ohm_1mF 0.000000 10.000001 0.000000 FPGA_VCCINT -0.001549 0.000000 0.000000
1338 38 RC_100Ohm_1mF 0.000000 10.000001 0.000000 FPGA_VCCINT -0.001549 0.000000 0.000000
1374 39 RC_100Ohm_1mF 0.000000 10.000001 0.000000 FPGA_VCCINT -0.001549 0.000000 0.000000
1410 40 RC_100Ohm_1mF 0.000000 10.000001 0.000000 FPGA_VCCINT -0.001549 0.000000 0.000000
1446 41 RC_100Ohm_1mF 0.000000 10.000001 0.000000 FPGA_VCCINT -0.001549 0.000000 0.000000
1482 42 RC_100Ohm_1mF 0.000000 10.000001 0.000000 FPGA_VCCINT -0.001549 0.000000 0.000000
1518 43 RC_100Ohm_1mF 0.000000 10.000001 0.000000 FPGA_VCCINT -0.001549 0.000000 0.000000
1554 44 RC_100Ohm_1mF 0.000000 10.000001 0.000000 FPGA_VCCINT -0.001549 0.000000 0.000000
1591 45 RC_100Ohm_1mF 0.000000 10.000001 0.000000 FPGA_VCCINT -0.001549 0.000000 0.000000
1627 46 RC_100Ohm_1mF 0.000000 10.000001 0.000000 FPGA_VCCINT -0.001549 0.000000 0.000000
1663 47 RC_100Ohm_1mF 0.000000 10.000001 0.000000 FPGA_VCCINT -0.001549 0.000000 0.000000
1699 48 RC_100Ohm_1mF 0.000000 10.000001 0.000000 FPGA_VCCINT -0.001549 0.000000 0.000000
1736 49 RC_100Ohm_1mF 0.000000 10.000001 0.000000 FPGA_VCCINT -0.001549 0.000000 0.000000
1772 50 RC_100Ohm_1mF 0.000000 10.000001 0.000000 FPGA_VCCINT -0.001549 0.000000 0.000000
1808 51 RC_100Ohm_1mF 0.000000 10.000001 0.000000 FPGA_VCCINT -0.001549 0.000000 0.000000
1844 52 RC_100Ohm_1mF 0.000000 10.000001 0.000000 FPGA_VCCINT -0.001549 0.000000 0.000000
1880 53 RC_100Ohm_1mF 0.000000 10.000001 0.000000 FPGA_VCCINT -0.001549 0.000000 0.000000
1916 54 RC_100Ohm_1mF 0.000000 10.000001 0.000000 FPGA_VCCINT -0.001549 0.000000 0.000000
1953 55 RC_100Ohm_1mF 0.000000 10.000001 0.000000 FPGA_VCCINT -0.001549 0.000000 0.000000
1989 56 RC_100Ohm_1mF 0.000000 10.000001 0.000000 FPGA_VCCINT -0.001549 0.000000 0.000000
2025 57 RC_100Ohm_1mF 0.000000 10.000001 0.000000 FPGA_VCCINT -0.001549 0.000000 0.000000
2061 58 RC_100Ohm_1mF 0.000000 10.000001 0.000000 FPGA_VCCINT -0.001549 0.000000 0.000000
2098 59 RC_100Ohm_1mF 0.000000 10.000001 0.000000 FPGA_VCCINT -0.001549 0.000000 0.000000
2134 60 RC_100Ohm_1mF 0.000000 10.000001 0.000000 FPGA_VCCINT -0.001549 0.000000 0.000000
2170 61 RC_100Ohm_1mF 0.000000 10.000001 0.000000 FPGA_VCCINT -0.001549 0.000000 0.000000
2206 62 RC_100Ohm_1mF 0.000000 10.000001 0.000000 FPGA_VCCINT -0.001549 0.000000 0.000000
2242 63 RC_100Ohm_1mF 0.000000 10.000001 0.000000 FPGA_VCCINT -0.001549 0.000000 0.000000
2279 64 RC_100Ohm_1mF 0.000000 10.000001 0.000000 FPGA_VCCINT -0.001549 0.000000 0.000000
2315 65 RC_100Ohm_1mF 0.000000 10.000001 0.000000 FPGA_VCCINT -0.001549 0.000000 0.000000
2351 66 RC_100Ohm_1mF 0.000000 10.000001 0.000000 FPGA_VCCINT -0.001549 0.000000 0.000000
2387 67 RC_100Ohm_1mF 0.000000 10.000001 0.000000 FPGA_VCCINT -0.001549 0.000000 0.000000
2423 68 RC_100Ohm_1mF 0.000000 10.000001 0.046693 FPGA_VCCINT -0.001549 0.000000 0.000000
2461 69 RC_100Ohm_1mF 0.004762 10.000001 0.046693 FPGA_VCCINT -0.001549 0.000000 0.000000
2499 70 RC_100Ohm_1mF 0.000000 10.000001 0.000000 FPGA_VCCINT -0.001549 0.000000 0.000000
2535 71 RC_100Ohm_1mF 0.000000 10.000001 0.000000 FPGA_VCCINT -0.001549 0.000000 0.000000
2571 72 RC_100Ohm_1mF 0.000000 10.000001 0.000000 FPGA_VCCINT -0.001549 0.000000 0.000000
2607 73 RC_100Ohm_1mF 0.000000 10.000001 0.000000 FPGA_VCCINT -0.001549 0.000000 0.000000
2643 74 RC_100Ohm_1mF 0.000000 10.000001 0.000000 FPGA_VCCINT -0.001549 0.000000 0.000000
2679 75 RC_100Ohm_1mF 0.000000 10.000001 0.000000 FPGA_VCCINT -0.001549 0.000000 0.000000
2716 76 RC_100Ohm_1mF 0.000000 10.000001 0.000000 FPGA_VCCINT -0.001549 0.000000 0.000000
2752 77 RC_100Ohm_1mF 0.000000 10.000001 0.000000 FPGA_VCCINT -0.001549 0.000000 0.000000
2788 78 RC_100Ohm_1mF 0.000000 10.000001 0.000000 FPGA_VCCINT -0.001549 0.000000 0.000000
2825 79 RC_100Ohm_1mF 0.000000 10.000001 0.000000 FPGA_VCCINT -0.001549 0.000000 0.000000
2861 80 RC_100Ohm_1mF 0.000000 10.000001 0.000000 FPGA_VCCINT -0.001549 0.000000 0.000000
2897 81 RC_100Ohm_1mF 0.000000 10.000001 0.000000 FPGA_VCCINT -0.001549 0.000000 0.000000
2933 82 RC_100Ohm_1mF 0.000000 10.000001 0.000000 FPGA_VCCINT -0.001549 0.000000 0.000000
2969 83 RC_100Ohm_1mF 0.000000 10.000001 0.000000 FPGA_VCCINT -0.001549 0.000000 0.000000
3005 84 RC_100Ohm_1mF 0.000000 10.000001 0.000000 FPGA_VCCINT -0.001549 0.000000 0.000000
3041 85 RC_100Ohm_1mF 0.000000 10.000001 0.000000 FPGA_VCCINT -0.001549 0.000000 0.000000
3077 86 RC_100Ohm_1mF 0.000000 10.000001 0.000000 FPGA_VCCINT -0.001549 0.000000 0.000000
3114 87 RC_100Ohm_1mF 0.000000 10.000001 0.000000 FPGA_VCCINT -0.001549 0.000000 0.000000
3150 88 RC_100Ohm_1mF 0.000000 10.000001 0.000000 FPGA_VCCINT -0.001549 0.000000 0.000000
3186 89 RC_100Ohm_1mF 0.000000 10.000001 0.000000 FPGA_VCCINT -0.001549 0.000000 0.000000
3222 90 RC_100Ohm_1mF 0.000000 10.000001 0.000000 FPGA_VCCINT -0.001549 0.000000 0.000000
3259 91 RC_100Ohm_1mF 0.000000 10.000001 0.000000 FPGA_VCCINT -0.001549 0.000000 0.000000
3295 92 RC_100Ohm_1mF 0.000000 10.000001 0.000000 FPGA_VCCINT -0.001549 0.000000 0.000000
3331 93 RC_100Ohm_1mF 0.000000 10.000001 0.000000 FPGA_VCCINT -0.001549 0.000000 0.000000
3367 94 RC_100Ohm_1mF 0.000000 10.000001 0.000000 FPGA_VCCINT -0.001549 0.000000 0.000000
3403 95 RC_100Ohm_1mF 0.000000 10.000001 0.000000 FPGA_VCCINT -0.001549 0.000000 0.000000
3439 96 RC_100Ohm_1mF 0.000000 10.000001 0.000000 FPGA_VCCINT -0.001549 0.000000 0.000000
3475 97 RC_100Ohm_1mF 0.000000 10.000001 0.000000 FPGA_VCCINT -0.001549 0.000000 0.000000
3512 98 RC_100Ohm_1mF 0.000000 10.000001 0.000000 FPGA_VCCINT -0.001549 0.000000 0.000000
3548 99 RC_100Ohm_1mF 0.000000 10.000001 0.000000 FPGA_VCCINT -0.001549 0.000000 0.000000
3584 100 RC_100Ohm_1mF 0.000000 10.000001 0.000000 FPGA_VCCINT -0.001549 0.000000 0.000000
3621 101 RC_100Ohm_1mF 0.000000 10.000001 0.000000 FPGA_VCCINT -0.001549 0.000000 0.000000
3657 102 RC_100Ohm_1mF 0.000000 10.000001 0.000000 FPGA_VCCINT -0.001549 0.000000 0.000000
3693 103 RC_100Ohm_1mF 0.000000 10.000001 0.000000 FPGA_VCCINT -0.001549 0.000000 0.000000
3730 104 RC_100Ohm_1mF 0.000000 10.000001 0.000000 FPGA_VCCINT -0.001549 0.000000 0.000000
3766 105 RC_100Ohm_1mF 0.000000 10.000001 0.000000 FPGA_VCCINT -0.001549 0.000000 0.000000
3803 106 RC_100Ohm_1mF 0.000000 10.000001 0.000000 FPGA_VCCINT -0.001549 0.000000 0.000000
3839 107 RC_100Ohm_1mF 0.000000 10.000001 0.000000 FPGA_VCCINT -0.001549 0.000000 0.000000
3875 108 RC_100Ohm_1mF 0.000000 10.000001 0.000000 FPGA_VCCINT -0.001549 0.000000 0.000000
3912 109 RC_100Ohm_1mF 0.000000 10.000001 0.000000 FPGA_VCCINT -0.001549 0.000000 0.000000
3948 110 RC_100Ohm_1mF 0.000000 10.000001 0.000000 FPGA_VCCINT -0.001549 0.000000 0.000000
3984 111 RC_100Ohm_1mF 0.000000 10.000001 0.000000 FPGA_VCCINT -0.001549 0.000000 0.000000
4021 112 RC_100Ohm_1mF 0.000000 10.000001 0.000000 FPGA_VCCINT -0.001549 0.000000 0.000000
4057 113 RC_100Ohm_1mF 0.000000 10.000001 0.000000 FPGA_VCCINT -0.001549 0.000000 0.000000
4093 114 RC_100Ohm_1mF 0.000000 10.000001 0.000000 FPGA_VCCINT -0.001549 0.000000 0.000000
4130 115 RC_100Ohm_1mF 0.000000 10.000001 0.000000 FPGA_VCCINT -0.001549 0.000000 0.000000
4166 116 RC_100Ohm_1mF 0.000000 10.000001 0.000000 FPGA_VCCINT -0.001549 0.000000 0.000000
4203 117 RC_100Ohm_1mF 0.000000 10.000001 0.000000 FPGA_VCCINT -0.001549 0.000000 0.000000
4239 118 RC_100Ohm_1mF 0.000000 10.000001 0.000000 FPGA_VCCINT -0.001549 0.000000 0.000000
4275 119 RC_100Ohm_1mF 0.000000 10.000001 0.000000 FPGA_VCCINT -0.001549 0.000000 0.000000
4312 120 RC_100Ohm_1mF 0.000000 10.000001 0.000000 FPGA_VCCINT -0.001549 0.000000 0.000000
4348 121 RC_100Ohm_1mF 0.000000 10.000001 0.000000 FPGA_VCCINT -0.001549 0.000000 0.000000
4385 122 RC_100Ohm_1mF 0.000000 10.000001 0.000000 FPGA_VCCINT -0.001549 0.000000 0.000000
4421 123 RC_100Ohm_1mF 0.000000 10.000001 0.000000 FPGA_VCCINT -0.001549 0.000000 0.000000
4458 124 RC_100Ohm_1mF 0.000000 10.000001 0.000000 FPGA_VCCINT -0.001549 0.000000 0.000000
4494 125 RC_100Ohm_1mF 0.000000 10.000001 0.000000 FPGA_VCCINT -0.001549 0.000000 0.000000
4531 126 RC_100Ohm_1mF 0.000000 10.000001 0.000000 FPGA_VCCINT -0.001549 0.000000 0.000000
4567 127 RC_100Ohm_1mF 0.000000 10.000001 0.000000 FPGA_VCCINT -0.001549 0.000000 0.000000
4604 128 RC_100Ohm_1mF 0.000000 10.000001 0.000000 FPGA_VCCINT -0.001549 0.000000 0.000000
4640 129 RC_100Ohm_1mF 0.000000 10.000001 0.000000 FPGA_VCCINT -0.001549 0.000000 0.000000
4677 130 RC_100Ohm_1mF 0.000000 10.000001 0.000000 FPGA_VCCINT -0.001549 0.000000 0.000000
4713 131 RC_100Ohm_1mF 0.000000 10.000001 0.000000 FPGA_VCCINT -0.001549 0.000000 0.000000
4749 132 RC_100Ohm_1mF 0.000000 10.000001 0.000000 FPGA_VCCINT -0.001549 0.000000 0.000000
4786 133 RC_100Ohm_1mF 0.000000 10.000001 0.000000 FPGA_VCCINT -0.001549 0.000000 0.000000
4822 134 RC_100Ohm_1mF 0.000000 10.000001 0.000000 FPGA_VCCINT -0.001549 0.000000 0.000000
4859 135 RC_100Ohm_1mF 0.000000 10.000001 0.000000 FPGA_VCCINT -0.001549 0.000000 0.000000
4895 136 RC_100Ohm_1mF 0.000000 10.000001 0.000000 FPGA_VCCINT -0.001549 0.000000 0.000000
4932 137 RC_100Ohm_1mF 0.000000 10.000001 0.000000 FPGA_VCCINT -0.001549 0.000000 0.000000
4968 138 RC_100Ohm_1mF 0.000000 10.000001 0.000000 FPGA_VCCINT -0.001549 0.000000 0.000000
5005 139 RC_100Ohm_1mF 0.000000 10.000001 0.000000 FPGA_VCCINT -0.001549 0.000000 0.000000
5041 140 RC_100Ohm_1mF 0.000000 10.000001 0.000000 FPGA_VCCINT -0.001549 0.000000 0.000000
5077 141 RC_100Ohm_1mF 0.000000 10.000001 0.000000 FPGA_VCCINT -0.001549 0.000000 0.000000
5114 142 RC_100Ohm_1mF 0.000000 10.000001 0.000000 FPGA_VCCINT -0.001549 0.000000 0.000000
5150 143 RC_100Ohm_1mF 0.000000 10.000001 0.000000 FPGA_VCCINT -0.001549 0.000000 0.000000
5187 144 RC_100Ohm_1mF 0.000000 10.000001 0.000000 FPGA_VCCINT -0.001549 0.000000 0.000000
5223 145 RC_100Ohm_1mF 0.000000 10.000001 0.000000 FPGA_VCCINT -0.001549 0.000000 0.000000
5260 146 RC_100Ohm_1mF 0.000000 10.000001 0.000000 FPGA_VCCINT -0.001549 0.000000 0.000000
5296 147 RC_100Ohm_1mF 0.000000 10.000001 0.000000 FPGA_VCCINT -0.001549 0.000000 0.000000
5333 148 RC_100Ohm_1mF 0.000000 10.000001 0.000000 FPGA_VCCINT -0.001549 0.000000 0.000000
5369 149 RC_100Ohm_1mF 0.000000 10.000001 0.000000 FPGA_VCCINT -0.001549 0.000000 0.000000
5406 150 RC_100Ohm_1mF 0.000000 10.000001 0.000000 FPGA_VCCINT -0.001549 0.000000 0.000000
5442 151 RC_100Ohm_1mF 0.000000 10.000001 0.000000 FPGA_VCCINT -0.001549 0.000000 0.000000
5478 152 RC_100Ohm_1mF 0.000000 10.000001 0.000000 FPGA_VCCINT -0.001549 0.000000 0.000000
5515 153 RC_100Ohm_1mF 0.000000 10.000001 0.000000 FPGA_VCCINT -0.001549 0.000000 0.000000
5552 154 RC_100Ohm_1mF 0.000000 10.000001 0.000000 FPGA_VCCINT -0.001549 0.000000 0.000000
5588 155 RC_100Ohm_1mF 0.000000 10.000001 0.000000 FPGA_VCCINT -0.001549 0.000000 0.000000
5624 156 RC_100Ohm_1mF 0.000000 10.000001 0.000000 FPGA_VCCINT -0.001549 0.000000 0.000000
5661 157 RC_100Ohm_1mF 0.000000 10.000001 0.000000 FPGA_VCCINT -0.001549 0.000000 0.000000
5697 158 RC_100Ohm_1mF 0.000000 10.000001 0.000000 FPGA_VCCINT -0.001549 0.000000 0.000000
5734 159 RC_100Ohm_1mF 0.000000 10.000001 0.000000 FPGA_VCCINT -0.001549 0.000000 0.000000
5770 160 RC_100Ohm_1mF 0.000000 10.000001 0.000000 FPGA_VCCINT -0.001549 0.000000 0.000000
5807 161 RC_100Ohm_1mF 0.000000 10.000001 0.000000 FPGA_VCCINT -0.001549 0.000000 0.000000
5843 162 RC_100Ohm_1mF 0.000000 10.000001 0.000000 FPGA_VCCINT -0.001549 0.000000 0.000000
5880 163 RC_100Ohm_1mF 0.000000 10.000001 0.000000 FPGA_VCCINT -0.001549 0.000000 0.000000
5916 164 RC_100Ohm_1mF 0.000000 10.000001 0.000000 FPGA_VCCINT -0.001549 0.000000 0.000000
5953 165 RC_100Ohm_1mF 0.000000 10.000001 0.000000 FPGA_VCCINT -0.001549 0.000000 0.000000
5989 166 RC_100Ohm_1mF 0.000000 10.000001 0.000000 FPGA_VCCINT -0.001549 0.000000 0.000000
6025 167 RC_100Ohm_1mF 0.000000 10.000001 0.000000 FPGA_VCCINT -0.001549 0.000000 0.000000
6062 168 RC_100Ohm_1mF 0.000000 10.000001 0.000000 FPGA_VCCINT -0.001549 0.000000 0.000000
6098 169 RC_100Ohm_1mF 0.000000 10.000001 0.000000 FPGA_VCCINT -0.001549 0.000000 0.000000
6135 170 RC_100Ohm_1mF 0.000000 10.000001 0.000000 FPGA_VCCINT -0.001549 0.000000 0.000000
6171 171 RC_100Ohm_1mF 0.000000 10.000001 0.000000 FPGA_VCCINT -0.001549 0.000000 0.000000
6208 172 RC_100Ohm_1mF 0.000000 10.000001 0.000000 FPGA_VCCINT -0.001549 0.000000 0.000000
6244 173 RC_100Ohm_1mF 0.000000 10.000001 0.000000 FPGA_VCCINT -0.001549 0.000000 0.000000
6280 174 RC_100Ohm_1mF 0.000000 10.000001 0.000000 FPGA_VCCINT -0.001549 0.000000 0.000000
6317 175 RC_100Ohm_1mF 0.000000 10.000001 0.000000 FPGA_VCCINT -0.001549 0.000000 0.000000
6353 176 RC_100Ohm_1mF 0.000000 10.000001 0.000000 FPGA_VCCINT -0.001549 0.000000 0.000000
6390 177 RC_100Ohm_1mF 0.000000 10.000001 0.000000 FPGA_VCCINT -0.001549 0.000000 0.000000
6427 178 RC_100Ohm_1mF 0.000000 10.000001 0.000000 FPGA_VCCINT -0.001549 0.000000 0.000000
6463 179 RC_100Ohm_1mF 0.000000 10.000001 0.000000 FPGA_VCCINT -0.001549 0.000000 0.000000
6499 180 RC_100Ohm_1mF 0.000000 10.000001 0.000000 FPGA_VCCINT -0.001549 0.000000 0.000000
6536 181 RC_100Ohm_1mF 0.000000 10.000001 0.000000 FPGA_VCCINT -0.001549 0.000000 0.000000
6572 182 RC_100Ohm_1mF 0.000000 10.000001 0.000000 FPGA_VCCINT -0.001549 0.000000 0.000000
6609 183 RC_100Ohm_1mF 0.000000 10.000001 0.000000 FPGA_VCCINT -0.001549 0.000000 0.000000
6645 184 RC_100Ohm_1mF 0.000000 10.000001 0.000000 FPGA_VCCINT -0.001549 0.000000 0.000000
6682 185 RC_100Ohm_1mF 0.000000 10.000001 0.000000 FPGA_VCCINT -0.001549 0.000000 0.000000
6718 186 RC_100Ohm_1mF 0.000000 10.000001 0.000000 FPGA_VCCINT -0.001549 0.000000 0.000000
6755 187 RC_100Ohm_1mF 0.000000 10.000001 0.000000 FPGA_VCCINT -0.001549 0.000000 0.000000
6791 188 RC_100Ohm_1mF 0.000000 10.000001 0.000000 FPGA_VCCINT -0.001549 0.000000 0.000000
6827 189 RC_100Ohm_1mF 0.000000 10.000001 0.000000 FPGA_VCCINT -0.001549 0.000000 0.000000
6864 190 RC_100Ohm_1mF 0.000000 10.000001 0.000000 FPGA_VCCINT -0.001549 0.000000 0.000000
6900 191 RC_100Ohm_1mF 0.000000 10.000001 0.000000 FPGA_VCCINT -0.001549 0.000000 0.000000
6937 192 RC_100Ohm_1mF 0.000000 10.000001 0.000000 FPGA_VCCINT -0.001549 0.000000 0.000000
6973 193 RC_100Ohm_1mF 0.000000 10.000001 0.000000 FPGA_VCCINT -0.001549 0.000000 0.000000
7010 194 RC_100Ohm_1mF 0.000000 10.000001 0.000000 FPGA_VCCINT -0.001549 0.000000 0.000000
7046 195 RC_100Ohm_1mF 0.000000 10.000001 0.000000 FPGA_VCCINT -0.001549 0.000000 0.000000
7083 196 RC_100Ohm_1mF 0.000000 10.000001 0.000000 FPGA_VCCINT -0.001549 0.000000 0.000000
7119 197 RC_100Ohm_1mF 0.000000 10.000001 0.000000 FPGA_VCCINT -0.001549 0.000000 0.000000
7155 198 RC_100Ohm_1mF 0.000000 10.000001 0.000000 FPGA_VCCINT -0.001549 0.000000 0.000000
7192 199 RC_100Ohm_1mF 0.000000 10.000001 0.000000 FPGA_VCCINT -0.001549 0.000000 0.000000
7228 200 RC_100Ohm_1mF 0.000000 10.000001 0.000000 FPGA_VCCINT -0.001549 0.000000 0.000000
7265 201 RC_100Ohm_1mF 0.000000 10.000001 0.000000 FPGA_VCCINT -0.001549 0.000000 0.000000
7302 202 RC_100Ohm_1mF 0.000000 10.000001 0.000000 FPGA_VCCINT -0.001549 0.000000 0.000000
7338 203 RC_100Ohm_1mF 0.000000 10.000001 0.000000 FPGA_VCCINT -0.001549 0.000000 0.000000
7374 204 RC_100Ohm_1mF 0.000000 10.000001 0.000000 FPGA_VCCINT -0.001549 0.000000 0.000000
7411 205 RC_100Ohm_1mF 0.000000 10.000001 0.000000 FPGA_VCCINT -0.001549 0.000000 0.000000
7447 206 RC_100Ohm_1mF 0.000000 10.000001 0.000000 FPGA_VCCINT -0.001549 0.000000 0.000000
7484 207 RC_100Ohm_1mF 0.000000 10.000001 0.000000 FPGA_VCCINT -0.001549 0.000000 0.000000
7520 208 RC_100Ohm_1mF 0.000000 10.000001 0.000000 FPGA_VCCINT -0.001549 0.000000 0.000000
7557 209 RC_100Ohm_1mF 0.000000 10.000001 0.000000 FPGA_VCCINT -0.001549 0.000000 0.000000
7593 210 RC_100Ohm_1mF 0.000000 10.000001 0.000000 FPGA_VCCINT -0.001549 0.000000 0.000000
7630 211 RC_100Ohm_1mF 0.000000 10.000001 0.000000 FPGA_VCCINT -0.001549 0.000000 0.000000
7666 212 RC_100Ohm_1mF 0.000000 10.000001 0.000000 FPGA_VCCINT -0.001549 0.000000 0.000000
7703 213 RC_100Ohm_1mF 0.000000 10.000001 0.000000 FPGA_VCCINT -0.001549 0.000000 0.000000
7739 214 RC_100Ohm_1mF 0.000000 10.000001 0.000000 FPGA_VCCINT -0.001549 0.000000 0.000000
7775 215 