1 WIRELESS_VCC 0.001355 3.281250 0.004360 MCU_VCC 0.010066 3.281250 0.032386
2 WIRELESS_VCC 0.001355 3.281250 0.004360 MCU_VCC 0.010066 3.281250 0.032386
3 WIRELESS_VCC 0.001355 3.281250 0.004360 MCU_VCC 0.010066 3.281250 0.032386
4 WIRELESS_VCC 0.001355 3.281250 0.004360 MCU_VCC 0.010066 3.281250 0.032386
5 WIRELESS_VCC 0.001355 3.281250 0.004360 MCU_VCC 0.010066 3.281250 0.032386
6 WIRELESS_VCC 0.001355 3.281250 0.004360 MCU_VCC 0.010066 3.281250 0.032386
7 WIRELESS_VCC 0.001355 3.281250 0.004360 MCU_VCC 0.010066 3.281250 0.032386
8 WIRELESS_VCC 0.001355 3.281250 0.004360 MCU_VCC 0.010066 3.281250 0.032386
9 WIRELESS_VCC 0.001355 3.281250 0.004360 MCU_VCC 0.010066 3.281250 0.032386
10 WIRELESS_VCC 0.001355 3.281250 0.004360 MCU_VCC 0.010066 3.281250 0.032386
11 WIRELESS_VCC 0.001355 3.281250 0.004360 MCU_VCC 0.010066 3.281250 0.032386
12 WIRELESS_VCC 0.001355 3.281250 0.004360 MCU_VCC 0.010066 3.281250 0.032386
13 WIRELESS_VCC 0.001355 3.281250 0.004360 MCU_VCC 0.010066 3.281250 0.032386
14 WIRELESS_VCC 0.001355 3.281250 0.004360 MCU_VCC 0.010066 3.281250 0.032386
15 WIRELESS_VCC 0.001355 3.281250 0.004360 MCU_VCC 0.010066 3.281250 0.032386
16 WIRELESS_VCC 0.001355 3.281250 0.004360 MCU_VCC 0.010066 3.281250 0.032386
17 WIRELESS_VCC 0.001355 3.281250 0.004360 MCU_VCC 0.010066 3.281250 0.032386
18 WIRELESS_VCC 0.001355 3.281250 0.004360 MCU_VCC 0.010066 3.281250 0.032386
19 WIRELESS_VCC 0.001355 3.281250 0.004360 MCU_VCC 0.010066 3.281250 0.032386
20 WIRELESS_VCC 0.001355 3.281250 0.004360 MCU_VCC 0.010066 3.281250 0.032386
21 WIRELESS_VCC 0.001355 3.281250 0.004360 MCU_VCC 0.010066 3.281250 0.032386
22 WIRELESS_VCC 0.001355 3.281250 0.004360 MCU_VCC 0.010066 3.281250 0.032386
23 WIRELESS_VCC 0.001355 3.281250 0.004360 MCU_VCC 0.010066 3.281250 0.032386
24 WIRELESS_VCC 0.001355 3.281250 0.004360 MCU_VCC 0.010066 3.281250 0.032386
25 WIRELESS_VCC 0.001355 3.281250 0.004360 MCU_VCC 0.010066 3.281250 0.032386
26 WIRELESS_VCC 0.001355 3.281250 0.004360 MCU_VCC 0.010066 3.281250 0.032386
27 WIRELESS_VCC 0.001355 3.281250 0.004360 MCU_VCC 0.010066 3.281250 0.032386
28 WIRELESS_VCC 0.001355 3.281250 0.004360 MCU_VCC 0.010066 3.281250 0.032386
29 WIRELESS_VCC 0.001355 3.281250 0.004360 MCU_VCC 0.010066 3.281250 0.032386
30 WIRELESS_VCC 0.001355 3.281250 0.004360 MCU_VCC 0.010066 3.281250 0.032386
31 WIRELESS_VCC 0.001355 3.281250 0.004360 MCU_VCC 0.010066 3.281250 0.032386
32 WIRELESS_VCC 0.001355 3.281250 0.004360 MCU_VCC 0.010066 3.281250 0.032386
33 WIRELESS_VCC 0.001355 3.281250 0.004360 MCU_VCC 0.010066 3.281250 0.032386
34 WIRELESS_VCC 0.001355 3.281250 0.004360 MCU_VCC 0.010066 3.281250 0.032386
35 WIRELESS_VCC 0.001355 3.281250 0.004360 MCU_VCC 0.010066 3.281250 0.032386
36 WIRELESS_VCC 0.001355 3.281250 0.004360 MCU_VCC 0.010066 3.281250 0.032386
37 WIRELESS_VCC 0.001355 3.281250 0.004360 MCU_VCC 0.010066 3.281250 0.032386
38 WIRELESS_VCC 0.001355 3.281250 0.004360 MCU_VCC 0.010066 3.281250 0.032386
39 WIRELESS_VCC 0.001355 3.281250 0.004360 MCU_VCC 0.010066 3.281250 0.032386
40 WIRELESS_VCC 0.001355 3.281250 0.004360 MCU_VCC 0.010066 3.281250 0.032386
41 WIRELESS_VCC 0.001355 3.281250 0.004360 MCU_VCC 0.010066 3.281250 0.032386
42 WIRELESS_VCC 0.012195 3.281250 0.039837 MCU_VCC 0.011034 3.281250 0.035500
43 WIRELESS_VCC 0.012195 3.281250 0.039837 MCU_VCC 0.010453 3.281250 0.033631
44 WIRELESS_VCC 0.007162 3.281250 0.023044 MCU_VCC 0.010259 3.281250 0.033009
45 WIRELESS_VCC 0.004259 3.281250 0.013702 MCU_VCC 0.010066 3.281250 0.032386
46 WIRELESS_VCC 0.002904 3.281250 0.009342 MCU_VCC 0.010066 3.281250 0.032386
47 WIRELESS_VCC 0.002129 3.281250 0.006851 MCU_VCC 0.010066 3.281250 0.032386
48 WIRELESS_VCC 0.001742 3.281250 0.005605 MCU_VCC 0.010066 3.281250 0.032386
49 WIRELESS_VCC 0.001355 3.281250 0.004360 MCU_VCC 0.010066 3.281250 0.032386
50 WIRELESS_VCC 0.001355 3.281250 0.004360 MCU_VCC 0.010066 3.281250 0.032386
51 WIRELESS_VCC 0.001161 3.281250 0.003737 MCU_VCC 0.010066 3.281250 0.032386
52 WIRELESS_VCC 0.001161 3.281250 0.003737 MCU_VCC 0.010066 3.281250 0.032386
53 WIRELESS_VCC 0.001161 3.281250 0.003737 MCU_VCC 0.010066 3.281250 0.032386
54 WIRELESS_VCC 0.001161 3.281250 0.003737 MCU_VCC 0.010066 3.281250 0.032386
55 WIRELESS_VCC 0.001161 3.281250 0.003737 MCU_VCC 0.010066 3.281250 0.032386
56 WIRELESS_VCC 0.001161 3.281250 0.003737 MCU_VCC 0.010066 3.281250 0.032386
57 WIRELESS_VCC 0.001161 3.281250 0.003737 MCU_VCC 0.010066 3.281250 0.032386
58 WIRELESS_VCC 0.001161 3.281250 0.003737 MCU_VCC 0.010066 3.281250 0.032386
59 WIRELESS_VCC 0.001161 3.281250 0.003737 MCU_VCC 0.010066 3.281250 0.032386
60 WIRELESS_VCC 0.001161 3.281250 0.003737 MCU_VCC 0.010066 3.281250 0.032386
61 WIRELESS_VCC 0.001161 3.281250 0.003737 MCU_VCC 0.010066 3.281250 0.032386
62 WIRELESS_VCC 0.001161 3.281250 0.003737 MCU_VCC 0.010066 3.281250 0.032386
63 WIRELESS_VCC 0.001161 3.281250 0.003737 MCU_VCC 0.010066 3.281250 0.032386
64 WIRELESS_VCC 0.001161 3.281250 0.003737 MCU_VCC 0.010066 3.281250 0.032386
65 WIRELESS_VCC 0.001161 3.281250 0.003737 MCU_VCC 0.010066 3.281250 0.032386
66 WIRELESS_VCC 0.001161 3.281250 0.003737 MCU_VCC 0.010066 3.281250 0.032386
67 WIRELESS_VCC 0.001161 3.281250 0.003737 MCU_VCC 0.010066 3.281250 0.032386
68 WIRELESS_VCC 0.001161 3.281250 0.003737 MCU_VCC 0.010066 3.281250 0.032386
69 WIRELESS_VCC 0.001161 3.281250 0.003737 MCU_VCC 0.010066 3.281250 0.032386
70 WIRELESS_VCC 0.001161 3.281250 0.003737 MCU_VCC 0.010066 3.281250 0.032386
71 WIRELESS_VCC 0.001161 3.281250 0.003737 MCU_VCC 0.010066 3.281250 0.032386
72 WIRELESS_VCC 0.001161 3.281250 0.003737 MCU_VCC 0.010066 3.281250 0.032386
73 WIRELESS_VCC 0.001161 3.281250 0.003737 MCU_VCC 0.010066 3.281250 0.032386
74 WIRELESS_VCC 0.001161 3.281250 0.003737 MCU_VCC 0.010066 3.281250 0.032386
75 WIRELESS_VCC 0.001161 3.281250 0.003737 MCU_VCC 0.010066 3.281250 0.032386
76 WIRELESS_VCC 0.001161 3.281250 0.003737 MCU_VCC 0.010066 3.281250 0.032386
77 WIRELESS_VCC 0.001161 3.281250 0.003737 MCU_VCC 0.010066 3.281250 0.032386
78 WIRELESS_VCC 0.001161 3.281250 0.003737 MCU_VCC 0.010066 3.281250 0.032386
79 WIRELESS_VCC 0.001161 3.281250 0.003737 MCU_VCC 0.010066 3.281250 0.032386
80 WIRELESS_VCC 0.001161 3.281250 0.003737 MCU_VCC 0.010066 3.281250 0.032386
81 WIRELESS_VCC 0.001161 3.281250 0.003737 MCU_VCC 0.010066 3.281250 0.032386
82 WIRELESS_VCC 0.001161 3.281250 0.003737 MCU_VCC 0.010066 3.281250 0.032386
83 WIRELESS_VCC 0.001161 3.281250 0.003737 MCU_VCC 0.010066 3.281250 0.032386
84 WIRELESS_VCC 0.001161 3.281250 0.003737 MCU_VCC 0.010066 3.281250 0.032386
85 WIRELESS_VCC 0.001161 3.281250 0.003737 MCU_VCC 0.010066 3.281250 0.032386
86 WIRELESS_VCC 0.001161 3.281250 0.003737 MCU_VCC 0.010066 3.281250 0.032386
87 WIRELESS_VCC 0.001161 3.281250 0.003737 MCU_VCC 0.010066 3.281250 0.032386
88 WIRELESS_VCC 0.001161 3.281250 0.003737 MCU_VCC 0.010066 3.281250 0.032386
89 WIRELESS_VCC 0.001161 3.281250 0.003737 MCU_VCC 0.010066 3.281250 0.032386
90 WIRELESS_VCC 0.001161 3.281250 0.003737 MCU_VCC 0.010066 3.281250 0.032386
91 WIRELESS_VCC 0.001161 3.281250 0.003737 MCU_VCC 0.010066 3.281250 0.032386
92 WIRELESS_VCC 0.001161 3.281250 0.003737 MCU_VCC 0.010066 3.281250 0.032386
93 WIRELESS_VCC 0.001161 3.281250 0.003737 MCU_VCC 0.010066 3.281250 0.032386
94 WIRELESS_VCC 0.001161 3.281250 0.003737 MCU_VCC 0.010066 3.281250 0.032386
95 WIRELESS_VCC 0.001161 3.281250 0.003737 MCU_VCC 0.010066 3.281250 0.032386
96 WIRELESS_VCC 0.001161 3.281250 0.003737 MCU_VCC 0.010066 3.281250 0.032386
97 WIRELESS_VCC 0.001161 3.281250 0.003737 MCU_VCC 0.010066 3.281250 0.032386
98 WIRELESS_VCC 0.001161 3.281250 0.003737 MCU_VCC 0.010066 3.281250 0.032386
99 WIRELESS_VCC 0.001161 3.281250 0.003737 MCU_VCC 0.010066 3.281250 0.032386
100 WIRELESS_VCC 0.001161 3.281250 0.003737 MCU_VCC 0.010066 3.281250 0.032386
101 WIRELESS_VCC 0.001161 3.281250 0.003737 MCU_VCC 0.010066 3.281250 0.032386
102 WIRELESS_VCC 0.001161 3.281250 0.003737 MCU_VCC 0.010066 3.281250 0.032386
103 WIRELESS_VCC 0.001161 3.281250 0.003737 MCU_VCC 0.010066 3.281250 0.032386
104 WIRELESS_VCC 0.001161 3.281250 0.003737 MCU_VCC 0.010066 3.281250 0.032386
105 WIRELESS_VCC 0.001161 3.281250 0.003737 MCU_VCC 0.010066 3.281250 0.032386
106 WIRELESS_VCC 0.001161 3.281250 0.003737 MCU_VCC 0.010066 3.281250 0.032386
107 WIRELESS_VCC 0.001161 3.281250 0.003737 MCU_VCC 0.010066 3.281250 0.032386
108 WIRELESS_VCC 0.001161 3.281250 0.003737 MCU_VCC 0.010066 3.281250 0.032386
109 WIRELESS_VCC 0.001161 3.281250 0.003737 MCU_VCC 0.010066 3.281250 0.032386
110 WIRELESS_VCC 0.001161 3.281250 0.003737 MCU_VCC 0.010066 3.281250 0.032386
111 WIRELESS_VCC 0.001161 3.281250 0.003737 MCU_VCC 0.010066 3.281250 0.032386
112 WIRELESS_VCC 0.001161 3.281250 0.003737 MCU_VCC 0.010066 3.281250 0.032386
113 WIRELESS_VCC 0.001161 3.281250 0.003737 MCU_VCC 0.010066 3.281250 0.032386
114 WIRELESS_VCC 0.001161 3.281250 0.003737 MCU_VCC 0.010066 3.281250 0.032386
115 WIRELESS_VCC 0.001161 3.281250 0.003737 MCU_VCC 0.010066 3.281250 0.032386
116 WIRELESS_VCC 0.001161 3.281250 0.003737 MCU_VCC 0.010066 3.281250 0.032386
117 WIRELESS_VCC 0.001161 3.281250 0.003737 MCU_VCC 0.010066 3.281250 0.032386
118 WIRELESS_VCC 0.001161 3.281250 0.003737 MCU_VCC 0.010066 3.281250 0.032386
119 WIRELESS_VCC 0.001161 3.281250 0.003737 MCU_VCC 0.010066 3.281250 0.032386
120 WIRELESS_VCC 0.001161 3.281250 0.003737 MCU_VCC 0.010066 3.281250 0.032386
121 WIRELESS_VCC 0.001161 3.281250 0.003737 MCU_VCC 0.010066 3.281250 0.032386
122 WIRELESS_VCC 0.001161 3.281250 0.003737 MCU_VCC 0.010066 3.281250 0.032386
123 WIRELESS_VCC 0.001161 3.281250 0.003737 MCU_VCC 0.010066 3.281250 0.032386
124 WIRELESS_VCC 0.001161 3.281250 0.003737 MCU_VCC 0.010066 3.281250 0.032386
125 WIRELESS_VCC 0.001161 3.281250 0.003737 MCU_VCC 0.010066 3.281250 0.032386
126 WIRELESS_VCC 0.001161 3.281250 0.003737 MCU_VCC 0.010066 3.281250 0.032386
127 WIRELESS_VCC 0.001161 3.281250 0.003737 MCU_VCC 0.010066 3.281250 0.032386
128 WIRELESS_VCC 0.001161 3.281250 0.003737 MCU_VCC 0.010066 3.281250 0.032386
129 WIRELESS_VCC 0.001161 3.281250 0.003737 MCU_VCC 0.010066 3.281250 0.032386
130 WIRELESS_VCC 0.001161 3.281250 0.003737 MCU_VCC 0.010066 3.281250 0.032386
131 WIRELESS_VCC 0.001161 3.281250 0.003737 MCU_VCC 0.010066 3.281250 0.032386
132 WIRELESS_VCC 0.001161 3.281250 0.003737 MCU_VCC 0.010066 3.281250 0.032386
133 WIRELESS_VCC 0.001161 3.281250 0.003737 MCU_VCC 0.010066 3.281250 0.032386
134 WIRELESS_VCC 0.001161 3.281250 0.003737 MCU_VCC 0.010066 3.281250 0.032386
135 WIRELESS_VCC 0.001161 3.281250 0.003737 MCU_VCC 0.010066 3.281250 0.032386
136 WIRELESS_VCC 0.001161 3.281250 0.003737 MCU_VCC 0.010066 3.281250 0.032386
137 WIRELESS_VCC 0.001161 3.281250 0.003737 MCU_VCC 0.010066 3.281250 0.032386
138 WIRELESS_VCC 0.001161 3.281250 0.003737 MCU_VCC 0.010066 3.281250 0.032386
139 WIRELESS_VCC 0.001161 3.281250 0.003737 MCU_VCC 0.010066 3.281250 0.032386
140 WIRELESS_VCC 0.001161 3.281250 0.003737 MCU_VCC 0.010066 3.281250 0.032386
141 WIRELESS_VCC 0.001161 3.281250 0.003737 MCU_VCC 0.010066 3.281250 0.032386
142 WIRELESS_VCC 0.001161 3.281250 0.003737 MCU_VCC 0.010066 3.281250 0.032386
143 WIRELESS_VCC 0.001161 3.281250 0.003737 MCU_VCC 0.010066 3.281250 0.032386
144 WIRELESS_VCC 0.001161 3.281250 0.003737 MCU_VCC 0.010066 3.281250 0.032386
145 WIRELESS_VCC 0.001161 3.281250 0.003737 MCU_VCC 0.010066 3.281250 0.032386
146 WIRELESS_VCC 0.001161 3.281250 0.003737 MCU_VCC 0.010066 3.281250 0.032386
147 WIRELESS_VCC 0.001161 3.281250 0.003737 MCU_VCC 0.010066 3.281250 0.032386
148 WIRELESS_VCC 0.001161 3.281250 0.003737 MCU_VCC 0.010066 3.281250 0.032386
149 WIRELESS_VCC 0.001161 3.281250 0.003737 MCU_VCC 0.010066 3.281250 0.032386
150 WIRELESS_VCC 0.001161 3.281250 0.003737 MCU_VCC 0.010066 3.281250 0.032386
