WIRELESS_VCC 0.001049 3.320313 0.003452 MCU_VCC 0.006969 3.281250 0.022473
51 241 WIRELESS_VCC 0.001049 3.320313 0.003452 MCU_VCC 0.006969 3.281250 0.022473
153 242 WIRELESS_VCC 0.001049 3.320313 0.003452 MCU_VCC 0.006969 3.281250 0.022473
255 243 WIRELESS_VCC 0.001049 3.320313 0.003452 MCU_VCC 0.006969 3.281250 0.022473
356 244 WIRELESS_VCC 0.001049 3.320313 0.003452 MCU_VCC 0.006969 3.281250 0.022473
458 245 WIRELESS_VCC 0.001049 3.320313 0.003452 MCU_VCC 0.006969 3.281250 0.022473
560 246 WIRELESS_VCC 0.003098 3.320313 0.010237 MCU_VCC 0.007162 3.281250 0.023096
662 247 WIRELESS_VCC 0.001811 3.320313 0.005952 MCU_VCC 0.006969 3.281250 0.022473
763 248 WIRELESS_VCC 0.001334 3.320313 0.004404 MCU_VCC 0.006969 3.281250 0.022473
946 249 WIRELESS_VCC 0.001096 3.320313 0.003631 MCU_VCC 0.006969 3.281250 0.022473
1048 250 WIRELESS_VCC 0.001096 3.320313 0.003631 MCU_VCC 0.006969 3.281250 0.022473
1150 251 WIRELESS_VCC 0.001049 3.320313 0.003452 MCU_VCC 0.006969 3.281250 0.022473
1251 252 WIRELESS_VCC 0.001049 3.320313 0.003452 MCU_VCC 0.006969 3.281250 0.022473
1353 253 WIRELESS_VCC 0.001049 3.320313 0.003452 MCU_VCC 0.006969 3.281250 0.022473
1455 254 WIRELESS_VCC 0.001049 3.320313 0.003452 MCU_VCC 0.006969 3.281250 0.022473
1556 255 WIRELESS_VCC 0.001049 3.320313 0.003452 MCU_VCC 0.006969 3.281250 0.022473
1658 256 WIRELESS_VCC 0.001049 3.320313 0.003452 MCU_VCC 0.006969 3.281250 0.022473
1760 257 WIRELESS_VCC 0.001049 3.320313 0.003452 MCU_VCC 0.006969 3.281250 0.022473
1943 258 WIRELESS_VCC 0.001049 3.320313 0.003452 MCU_VCC 0.006969 3.281250 0.022473
