2 1 WIRELESS_VCC 0.001025 3.320313 0.003393 MCU_VCC 0.006969 3.281250 0.022473
125 2 WIRELESS_VCC 0.001025 3.320313 0.003393 MCU_VCC 0.006969 3.281250 0.022473
227 3 WIRELESS_VCC 0.001025 3.320313 0.003393 MCU_VCC 0.006969 3.281250 0.022473
329 4 WIRELESS_VCC 0.001025 3.320313 0.003393 MCU_VCC 0.006969 3.281250 0.022473
430 5 WIRELESS_VCC 0.010009 3.320313 0.033196 MCU_VCC 0.006969 3.281250 0.022473
532 6 WIRELESS_VCC 0.007924 3.320313 0.026277 MCU_VCC 0.007356 3.281250 0.023719
634 7 WIRELESS_VCC 0.005993 3.320313 0.019879 MCU_VCC 0.007162 3.281250 0.023096
736 8 WIRELESS_VCC 0.004623 3.320313 0.015326 MCU_VCC 0.007162 3.281250 0.023096
837 9 WIRELESS_VCC 0.003646 3.320313 0.012082 MCU_VCC 0.007162 3.281250 0.023096
939 10 WIRELESS_VCC 0.002931 3.320313 0.009716 MCU_VCC 0.007162 3.281250 0.023096
1122 11 WIRELESS_VCC 0.002121 3.320313 0.007023 MCU_VCC 0.006969 3.281250 0.022473
1224 12 WIRELESS_VCC 0.001835 3.320313 0.006086 MCU_VCC 0.006969 3.281250 0.022473
1326 13 WIRELESS_VCC 0.001632 3.320313 0.005401 MCU_VCC 0.006969 3.281250 0.022473
1428 14 WIRELESS_VCC 0.001477 3.320313 0.004895 MCU_VCC 0.006969 3.281250 0.022473
1529 15 WIRELESS_VCC 0.001370 3.320313 0.004538 MCU_VCC 0.006969 3.281250 0.022473
1631 16 WIRELESS_VCC 0.001287 3.320313 0.004256 MCU_VCC 0.006969 3.281250 0.022473
1733 17 WIRELESS_VCC 0.001227 3.320313 0.004062 MCU_VCC 0.006969 3.281250 0.022473
1835 18 WIRELESS_VCC 0.001180 3.320313 0.003898 MCU_VCC 0.006969 3.281250 0.022473
1936 19 WIRELESS_VCC 0.001144 3.320313 0.003794 MCU_VCC 0.006969 3.281250 0.022473
2119 20 WIRELESS_VCC 0.001108 3.320313 0.003675 MCU_VCC 0.006969 3.281250 0.022473
2221 21 WIRELESS_VCC 0.001084 3.320313 0.003586 MCU_VCC 0.006969 3.281250 0.022473
2323 22 WIRELESS_VCC 0.001072 3.320313 0.003556 MCU_VCC 0.006969 3.281250 0.022473
2425 23 WIRELESS_VCC 0.001072 3.320313 0.003556 MCU_VCC 0.006969 3.281250 0.022473
2526 24 WIRELESS_VCC 0.001060 3.320313 0.003512 MCU_VCC 0.006969 3.281250 0.022473
2628 25 WIRELESS_VCC 0.001060 3.320313 0.003512 MCU_VCC 0.006969 3.281250 0.022473
2730 26 WIRELESS_VCC 0.001049 3.320313 0.003467 MCU_VCC 0.006969 3.281250 0.022473
2832 27 WIRELESS_VCC 0.001049 3.320313 0.003467 MCU_VCC 0.006969 3.281250 0.022473
