1 1 WIRELESS_VCC 0.001161 3.320313 0.003794 MCU_VCC 0.007162 3.281250 0.023044
6 2 WIRELESS_VCC 0.001161 3.320313 0.003794 MCU_VCC 0.007162 3.281250 0.023044
29 3 WIRELESS_VCC 0.001161 3.320313 0.003794 MCU_VCC 0.007162 3.281250 0.023044
53 4 WIRELESS_VCC 0.001161 3.320313 0.003794 MCU_VCC 0.007162 3.281250 0.023044
77 5 WIRELESS_VCC 0.001161 3.320313 0.003794 MCU_VCC 0.007162 3.281250 0.023044
101 6 WIRELESS_VCC 0.001161 3.320313 0.003794 MCU_VCC 0.007162 3.281250 0.023044
125 7 WIRELESS_VCC 0.001161 3.320313 0.003794 MCU_VCC 0.007162 3.281250 0.023044
149 8 WIRELESS_VCC 0.001161 3.320313 0.003794 MCU_VCC 0.007162 3.281250 0.023044
173 9 WIRELESS_VCC 0.001161 3.320313 0.003794 MCU_VCC 0.007162 3.281250 0.023044
197 10 WIRELESS_VCC 0.001161 3.320313 0.003794 MCU_VCC 0.007162 3.281250 0.023044
221 11 WIRELESS_VCC 0.001161 3.320313 0.003794 MCU_VCC 0.007162 3.281250 0.023044
245 12 WIRELESS_VCC 0.001161 3.320313 0.003794 MCU_VCC 0.007162 3.281250 0.023044
269 13 WIRELESS_VCC 0.001161 3.320313 0.003794 MCU_VCC 0.007162 3.281250 0.023044
293 14 WIRELESS_VCC 0.001161 3.320313 0.003794 MCU_VCC 0.007162 3.281250 0.023044
318 15 WIRELESS_VCC 0.011614 3.320313 0.037943 MCU_VCC 0.007549 3.281250 0.024289
342 16 WIRELESS_VCC 0.010840 3.320313 0.035413 MCU_VCC 0.007549 3.281250 0.024289
366 17 WIRELESS_VCC 0.010066 3.320313 0.032884 MCU_VCC 0.007549 3.281250 0.024289
390 18 WIRELESS_VCC 0.009679 3.320313 0.031619 MCU_VCC 0.007549 3.281250 0.024289
414 19 WIRELESS_VCC 0.008904 3.320313 0.029090 MCU_VCC 0.007549 3.281250 0.024289
438 20 WIRELESS_VCC 0.008130 3.320313 0.026560 MCU_VCC 0.007356 3.281250 0.023667
462 21 WIRELESS_VCC 0.007743 3.320313 0.025295 MCU_VCC 0.007356 3.281250 0.023667
486 22 WIRELESS_VCC 0.007356 3.320313 0.024031 MCU_VCC 0.007356 3.281250 0.023667
510 23 WIRELESS_VCC 0.006969 3.320313 0.022766 MCU_VCC 0.007356 3.281250 0.023667
534 24 WIRELESS_VCC 0.006581 3.320313 0.021501 MCU_VCC 0.007356 3.281250 0.023667
558 25 WIRELESS_VCC 0.006194 3.320313 0.020236 MCU_VCC 0.007356 3.281250 0.023667
583 26 WIRELESS_VCC 0.005807 3.320313 0.018971 MCU_VCC 0.007356 3.281250 0.023667
607 27 WIRELESS_VCC 0.005420 3.320313 0.017707 MCU_VCC 0.007356 3.281250 0.023667
634 28 WIRELESS_VCC 0.005033 3.320313 0.016442 MCU_VCC 0.007356 3.281250 0.023667
658 29 WIRELESS_VCC 0.004646 3.320313 0.015177 MCU_VCC 0.007356 3.281250 0.023667
682 30 WIRELESS_VCC 0.004646 3.320313 0.015177 MCU_VCC 0.007356 3.281250 0.023667
706 31 WIRELESS_VCC 0.004259 3.320313 0.013912 MCU_VCC 0.007356 3.281250 0.023667
730 32 WIRELESS_VCC 0.003871 3.320313 0.012648 MCU_VCC 0.007356 3.281250 0.023667
779 33 WIRELESS_VCC 0.003484 3.320313 0.011383 MCU_VCC 0.007356 3.281250 0.023667
803 34 WIRELESS_VCC 0.003484 3.320313 0.011383 MCU_VCC 0.007356 3.281250 0.023667
827 35 WIRELESS_VCC 0.003484 3.320313 0.011383 MCU_VCC 0.007356 3.281250 0.023667
851 36 WIRELESS_VCC 0.003097 3.320313 0.010118 MCU_VCC 0.007356 3.281250 0.023667
875 37 WIRELESS_VCC 0.003097 3.320313 0.010118 MCU_VCC 0.007356 3.281250 0.023667
899 38 WIRELESS_VCC 0.002710 3.320313 0.008853 MCU_VCC 0.007356 3.281250 0.023667
923 39 WIRELESS_VCC 0.002710 3.320313 0.008853 MCU_VCC 0.007356 3.281250 0.023667
947 40 WIRELESS_VCC 0.002710 3.320313 0.008853 MCU_VCC 0.007162 3.281250 0.023044
971 41 WIRELESS_VCC 0.002710 3.320313 0.008853 MCU_VCC 0.007162 3.281250 0.023044
995 42 WIRELESS_VCC 0.002323 3.320313 0.007589 MCU_VCC 0.007162 3.281250 0.023044
1019 43 WIRELESS_VCC 0.002323 3.320313 0.007589 MCU_VCC 0.007162 3.281250 0.023044
1044 44 WIRELESS_VCC 0.002323 3.320313 0.007589 MCU_VCC 0.007162 3.281250 0.023044
1068 45 WIRELESS_VCC 0.002323 3.320313 0.007589 MCU_VCC 0.007162 3.281250 0.023044
1092 46 WIRELESS_VCC 0.002323 3.320313 0.007589 MCU_VCC 0.007162 3.281250 0.023044
1116 47 WIRELESS_VCC 0.001936 3.320313 0.006324 MCU_VCC 0.007162 3.281250 0.023044
1140 48 WIRELESS_VCC 0.001936 3.320313 0.006324 MCU_VCC 0.007162 3.281250 0.023044
1164 49 WIRELESS_VCC 0.001936 3.320313 0.006324 MCU_VCC 0.007162 3.281250 0.023044
1188 50 WIRELESS_VCC 0.001936 3.320313 0.006324 MCU_VCC 0.007162 3.281250 0.023044
1212 51 WIRELESS_VCC 0.001936 3.320313 0.006324 MCU_VCC 0.007162 3.281250 0.023044
1236 52 WIRELESS_VCC 0.001936 3.320313 0.006324 MCU_VCC 0.007162 3.281250 0.023044
1260 53 WIRELESS_VCC 0.001936 3.320313 0.006324 MCU_VCC 0.007162 3.281250 0.023044
1309 54 WIRELESS_VCC 0.001549 3.320313 0.005059 MCU_VCC 0.007162 3.281250 0.023044
1333 55 WIRELESS_VCC 0.001549 3.320313 0.005059 MCU_VCC 0.007162 3.281250 0.023044
1357 56 WIRELESS_VCC 0.001549 3.320313 0.005059 MCU_VCC 0.007162 3.281250 0.023044
1381 57 WIRELESS_VCC 0.001549 3.320313 0.005059 MCU_VCC 0.007162 3.281250 0.023044
1405 58 WIRELESS_VCC 0.001549 3.320313 0.005059 MCU_VCC 0.007162 3.281250 0.023044
1429 59 WIRELESS_VCC 0.001549 3.320313 0.005059 MCU_VCC 0.007162 3.281250 0.023044
1453 60 WIRELESS_VCC 0.001549 3.320313 0.005059 MCU_VCC 0.007162 3.281250 0.023044
1477 61 WIRELESS_VCC 0.001549 3.320313 0.005059 MCU_VCC 0.007162 3.281250 0.023044
1501 62 WIRELESS_VCC 0.001549 3.320313 0.005059 MCU_VCC 0.007162 3.281250 0.023044
1525 63 WIRELESS_VCC 0.001549 3.320313 0.005059 MCU_VCC 0.007162 3.281250 0.023044
1550 64 WIRELESS_VCC 0.001549 3.320313 0.005059 MCU_VCC 0.007162 3.281250 0.023044
1574 65 WIRELESS_VCC 0.001549 3.320313 0.005059 MCU_VCC 0.007162 3.281250 0.023044
1601 66 WIRELESS_VCC 0.001549 3.320313 0.005059 MCU_VCC 0.007162 3.281250 0.023044
1625 67 WIRELESS_VCC 0.001549 3.320313 0.005059 MCU_VCC 0.007162 3.281250 0.023044
1649 68 WIRELESS_VCC 0.001549 3.320313 0.005059 MCU_VCC 0.007162 3.281250 0.023044
1673 69 WIRELESS_VCC 0.001549 3.320313 0.005059 MCU_VCC 0.007162 3.281250 0.023044
1698 70 WIRELESS_VCC 0.001549 3.320313 0.005059 MCU_VCC 0.007162 3.281250 0.023044
1722 71 WIRELESS_VCC 0.001549 3.320313 0.005059 MCU_VCC 0.007162 3.281250 0.023044
1746 72 WIRELESS_VCC 0.001549 3.320313 0.005059 MCU_VCC 0.007162 3.281250 0.023044
1770 73 WIRELESS_VCC 0.001549 3.320313 0.005059 MCU_VCC 0.007162 3.281250 0.023044
1794 74 WIRELESS_VCC 0.001161 3.320313 0.003794 MCU_VCC 0.007162 3.281250 0.023044
1818 75 WIRELESS_VCC 0.001161 3.320313 0.003794 MCU_VCC 0.007162 3.281250 0.023044
1842 76 WIRELESS_VCC 0.001161 3.320313 0.003794 MCU_VCC 0.007162 3.281250 0.023044
1890 77 WIRELESS_VCC 0.001161 3.320313 0.003794 MCU_VCC 0.007162 3.281250 0.023044
1914 78 WIRELESS_VCC 0.001161 3.320313 0.003794 MCU_VCC 0.007162 3.281250 0.023044
1938 79 WIRELESS_VCC 0.001161 3.320313 0.003794 MCU_VCC 0.007162 3.281250 0.023044
1963 80 WIRELESS_VCC 0.001161 3.320313 0.003794 MCU_VCC 0.007162 3.281250 0.023044
1987 81 WIRELESS_VCC 0.001161 3.320313 0.003794 MCU_VCC 0.007162 3.281250 0.023044
2011 82 WIRELESS_VCC 0.001161 3.320313 0.003794 MCU_VCC 0.007162 3.281250 0.023044
2035 83 WIRELESS_VCC 0.001161 3.320313 0.003794 MCU_VCC 0.007162 3.281250 0.023044
2059 84 WIRELESS_VCC 0.001161 3.320313 0.003794 MCU_VCC 0.007162 3.281250 0.023044
2083 85 WIRELESS_VCC 0.001161 3.320313 0.003794 MCU_VCC 0.007162 3.281250 0.023044
2107 86 WIRELESS_VCC 0.001161 3.320313 0.003794 MCU_VCC 0.007162 3.281250 0.023044
2131 87 WIRELESS_VCC 0.001161 3.320313 0.003794 MCU_VCC 0.007162 3.281250 0.023044
2155 88 WIRELESS_VCC 0.001161 3.320313 0.003794 MCU_VCC 0.007162 3.281250 0.023044
2179 89 WIRELESS_VCC 0.001161 3.320313 0.003794 MCU_VCC 0.007162 3.281250 0.023044
2203 90 WIRELESS_VCC 0.001161 3.320313 0.003794 MCU_VCC 0.007162 3.281250 0.023044
2228 91 WIRELESS_VCC 0.001161 3.320313 0.003794 MCU_VCC 0.007162 3.281250 0.023044
2252 92 WIRELESS_VCC 0.001161 3.320313 0.003794 MCU_VCC 0.007162 3.281250 0.023044
2276 93 WIRELESS_VCC 0.001161 3.320313 0.003794 MCU_VCC 0.007162 3.281250 0.023044
2300 94 WIRELESS_VCC 0.001161 3.320313 0.003794 MCU_VCC 0.007162 3.281250 0.023044
2324 95 WIRELESS_VCC 0.001161 3.320313 0.003794 MCU_VCC 0.007162 3.281250 0.023044
2348 96 WIRELESS_VCC 0.001161 3.320313 0.003794 MCU_VCC 0.007162 3.281250 0.023044
2372 97 WIRELESS_VCC 0.001161 3.320313 0.003794 MCU_VCC 0.007162 3.281250 0.023044
2396 98 WIRELESS_VCC 0.001161 3.320313 0.003794 MCU_VCC 0.007162 3.281250 0.023044
2420 99 WIRELESS_VCC 0.001161 3.320313 0.003794 MCU_VCC 0.007162 3.281250 0.023044
2444 100 WIRELESS_VCC 0.001161 3.320313 0.003794 MCU_VCC 0.007162 3.281250 0.023044
2468 101 WIRELESS_VCC 0.001161 3.320313 0.003794 MCU_VCC 0.007162 3.281250 0.023044
2492 102 WIRELESS_VCC 0.001161 3.320313 0.003794 MCU_VCC 0.007162 3.281250 0.023044
2516 103 WIRELESS_VCC 0.001161 3.320313 0.003794 MCU_VCC 0.007162 3.281250 0.023044
2541 104 WIRELESS_VCC 0.001161 3.320313 0.003794 MCU_VCC 0.007162 3.281250 0.023044
2565 105 WIRELESS_VCC 0.001161 3.320313 0.003794 MCU_VCC 0.007162 3.281250 0.023044
2592 106 WIRELESS_VCC 0.001161 3.320313 0.003794 MCU_VCC 0.007162 3.281250 0.023044
2616 107 WIRELESS_VCC 0.001161 3.320313 0.003794 MCU_VCC 0.007162 3.281250 0.023044
2640 108 WIRELESS_VCC 0.001161 3.320313 0.003794 MCU_VCC 0.007162 3.281250 0.023044
2664 109 WIRELESS_VCC 0.001161 3.320313 0.003794 MCU_VCC 0.007162 3.281250 0.023044
2689 110 WIRELESS_VCC 0.001161 3.320313 0.003794 MCU_VCC 0.007162 3.281250 0.023044
2713 111 WIRELESS_VCC 0.001161 3.320313 0.003794 MCU_VCC 0.007162 3.281250 0.023044
2737 112 WIRELESS_VCC 0.001161 3.320313 0.003794 MCU_VCC 0.007162 3.281250 0.023044
2761 113 WIRELESS_VCC 0.001161 3.320313 0.003794 MCU_VCC 0.007162 3.281250 0.023044
2785 114 WIRELESS_VCC 0.001161 3.320313 0.003794 MCU_VCC 0.007162 3.281250 0.023044
2809 115 WIRELESS_VCC 0.001161 3.320313 0.003794 MCU_VCC 0.007162 3.281250 0.023044
2833 116 WIRELESS_VCC 0.001161 3.320313 0.003794 MCU_VCC 0.007162 3.281250 0.023044
2857 117 WIRELESS_VCC 0.001161 3.320313 0.003794 MCU_VCC 0.007162 3.281250 0.023044
2882 118 WIRELESS_VCC 0.001161 3.320313 0.003794 MCU_VCC 0.007162 3.281250 0.023044
2906 119 WIRELESS_VCC 0.001161 3.320313 0.003794 MCU_VCC 0.007162 3.281250 0.023044
2930 120 WIRELESS_VCC 0.001161 3.320313 0.003794 MCU_VCC 0.007162 3.281250 0.023044
2954 121 WIRELESS_VCC 0.001161 3.320313 0.003794 MCU_VCC 0.007162 3.281250 0.023044
2978 122 WIRELESS_VCC 0.001161 3.320313 0.003794 MCU_VCC 0.007162 3.281250 0.023044
