2 1 WIRELESS_VCC 0.000968 3.320313 0.003162 MCU_VCC 0.007162 3.281250 0.023044
11 2 WIRELESS_VCC 0.000968 3.320313 0.003162 MCU_VCC 0.007162 3.281250 0.023044
35 3 WIRELESS_VCC 0.000968 3.320313 0.003162 MCU_VCC 0.007162 3.281250 0.023044
59 4 WIRELESS_VCC 0.000968 3.320313 0.003162 MCU_VCC 0.007162 3.281250 0.023044
84 5 WIRELESS_VCC 0.000968 3.320313 0.003162 MCU_VCC 0.007162 3.281250 0.023044
108 6 WIRELESS_VCC 0.000968 3.320313 0.003162 MCU_VCC 0.007162 3.281250 0.023044
132 7 WIRELESS_VCC 0.000968 3.320313 0.003162 MCU_VCC 0.007162 3.281250 0.023044
156 8 WIRELESS_VCC 0.000968 3.320313 0.003162 MCU_VCC 0.007162 3.281250 0.023044
180 9 WIRELESS_VCC 0.000968 3.320313 0.003162 MCU_VCC 0.007162 3.281250 0.023044
204 10 WIRELESS_VCC 0.000968 3.320313 0.003162 MCU_VCC 0.007162 3.281250 0.023044
228 11 WIRELESS_VCC 0.000968 3.320313 0.003162 MCU_VCC 0.007162 3.281250 0.023044
252 12 WIRELESS_VCC 0.000968 3.320313 0.003162 MCU_VCC 0.007162 3.281250 0.023044
277 13 WIRELESS_VCC 0.000968 3.320313 0.003162 MCU_VCC 0.007162 3.281250 0.023044
300 14 WIRELESS_VCC 0.011421 3.320313 0.037311 MCU_VCC 0.007549 3.281250 0.024289
349 15 WIRELESS_VCC 0.009872 3.320313 0.032251 MCU_VCC 0.007549 3.281250 0.024289
373 16 WIRELESS_VCC 0.009098 3.320313 0.029722 MCU_VCC 0.007549 3.281250 0.024289
397 17 WIRELESS_VCC 0.008517 3.320313 0.027825 MCU_VCC 0.007549 3.281250 0.024289
425 18 WIRELESS_VCC 0.007937 3.320313 0.025928 MCU_VCC 0.007356 3.281250 0.023667
449 19 WIRELESS_VCC 0.007356 3.320313 0.024031 MCU_VCC 0.007356 3.281250 0.023667
473 20 WIRELESS_VCC 0.006969 3.320313 0.022766 MCU_VCC 0.007356 3.281250 0.023667
497 21 WIRELESS_VCC 0.006388 3.320313 0.020869 MCU_VCC 0.007356 3.281250 0.023667
521 22 WIRELESS_VCC 0.006001 3.320313 0.019604 MCU_VCC 0.007356 3.281250 0.023667
545 23 WIRELESS_VCC 0.005614 3.320313 0.018339 MCU_VCC 0.007356 3.281250 0.023667
569 24 WIRELESS_VCC 0.005226 3.320313 0.017074 MCU_VCC 0.007356 3.281250 0.023667
593 25 WIRELESS_VCC 0.005033 3.320313 0.016442 MCU_VCC 0.007356 3.281250 0.023667
617 26 WIRELESS_VCC 0.004646 3.320313 0.015177 MCU_VCC 0.007356 3.281250 0.023667
641 27 WIRELESS_VCC 0.004452 3.320313 0.014545 MCU_VCC 0.007356 3.281250 0.023667
665 28 WIRELESS_VCC 0.004259 3.320313 0.013912 MCU_VCC 0.007356 3.281250 0.023667
689 29 WIRELESS_VCC 0.003871 3.320313 0.012648 MCU_VCC 0.007356 3.281250 0.023667
714 30 WIRELESS_VCC 0.003678 3.320313 0.012015 MCU_VCC 0.007356 3.281250 0.023667
738 31 WIRELESS_VCC 0.003484 3.320313 0.011383 MCU_VCC 0.007356 3.281250 0.023667
762 32 WIRELESS_VCC 0.003291 3.320313 0.010750 MCU_VCC 0.007356 3.281250 0.023667
786 33 WIRELESS_VCC 0.003097 3.320313 0.010118 MCU_VCC 0.007356 3.281250 0.023667
810 34 WIRELESS_VCC 0.003097 3.320313 0.010118 MCU_VCC 0.007356 3.281250 0.023667
834 35 WIRELESS_VCC 0.002904 3.320313 0.009486 MCU_VCC 0.007356 3.281250 0.023667
858 36 WIRELESS_VCC 0.002710 3.320313 0.008853 MCU_VCC 0.007356 3.281250 0.023667
882 37 WIRELESS_VCC 0.002516 3.320313 0.008221 MCU_VCC 0.007356 3.281250 0.023667
906 38 WIRELESS_VCC 0.002516 3.320313 0.008221 MCU_VCC 0.007356 3.281250 0.023667
930 39 WIRELESS_VCC 0.002323 3.320313 0.007589 MCU_VCC 0.007356 3.281250 0.023667
955 40 WIRELESS_VCC 0.002323 3.320313 0.007589 MCU_VCC 0.007356 3.281250 0.023667
979 41 WIRELESS_VCC 0.002129 3.320313 0.006956 MCU_VCC 0.007356 3.281250 0.023667
1003 42 WIRELESS_VCC 0.002129 3.320313 0.006956 MCU_VCC 0.007162 3.281250 0.023044
1027 43 WIRELESS_VCC 0.001936 3.320313 0.006324 MCU_VCC 0.007356 3.281250 0.023667
1051 44 WIRELESS_VCC 0.001936 3.320313 0.006324 MCU_VCC 0.007162 3.281250 0.023044
1099 45 WIRELESS_VCC 0.001742 3.320313 0.005691 MCU_VCC 0.007162 3.281250 0.023044
1123 46 WIRELESS_VCC 0.001742 3.320313 0.005691 MCU_VCC 0.007162 3.281250 0.023044
1147 47 WIRELESS_VCC 0.001742 3.320313 0.005691 MCU_VCC 0.007162 3.281250 0.023044
1171 48 WIRELESS_VCC 0.001742 3.320313 0.005691 MCU_VCC 0.007162 3.281250 0.023044
1195 49 WIRELESS_VCC 0.001549 3.320313 0.005059 MCU_VCC 0.007162 3.281250 0.023044
1219 50 WIRELESS_VCC 0.001549 3.320313 0.005059 MCU_VCC 0.007162 3.281250 0.023044
1243 51 WIRELESS_VCC 0.001549 3.320313 0.005059 MCU_VCC 0.007162 3.281250 0.023044
1267 52 WIRELESS_VCC 0.001549 3.320313 0.005059 MCU_VCC 0.007162 3.281250 0.023044
1292 53 WIRELESS_VCC 0.001549 3.320313 0.005059 MCU_VCC 0.007162 3.281250 0.023044
1316 54 WIRELESS_VCC 0.001355 3.320313 0.004427 MCU_VCC 0.007162 3.281250 0.023044
1340 55 WIRELESS_VCC 0.001355 3.320313 0.004427 MCU_VCC 0.007162 3.281250 0.023044
1364 56 WIRELESS_VCC 0.001355 3.320313 0.004427 MCU_VCC 0.007162 3.281250 0.023044
1391 57 WIRELESS_VCC 0.001355 3.320313 0.004427 MCU_VCC 0.007162 3.281250 0.023044
1415 58 WIRELESS_VCC 0.001355 3.320313 0.004427 MCU_VCC 0.007162 3.281250 0.023044
1439 59 WIRELESS_VCC 0.001355 3.320313 0.004427 MCU_VCC 0.007162 3.281250 0.023044
1463 60 WIRELESS_VCC 0.001355 3.320313 0.004427 MCU_VCC 0.007162 3.281250 0.023044
1487 61 WIRELESS_VCC 0.001161 3.320313 0.003794 MCU_VCC 0.007162 3.281250 0.023044
1511 62 WIRELESS_VCC 0.001161 3.320313 0.003794 MCU_VCC 0.007162 3.281250 0.023044
1536 63 WIRELESS_VCC 0.001161 3.320313 0.003794 MCU_VCC 0.007162 3.281250 0.023044
1560 64 WIRELESS_VCC 0.001161 3.320313 0.003794 MCU_VCC 0.007162 3.281250 0.023044
1584 65 WIRELESS_VCC 0.001161 3.320313 0.003794 MCU_VCC 0.007162 3.281250 0.023044
1608 66 WIRELESS_VCC 0.001161 3.320313 0.003794 MCU_VCC 0.007162 3.281250 0.023044
1632 67 WIRELESS_VCC 0.001161 3.320313 0.003794 MCU_VCC 0.007162 3.281250 0.023044
1656 68 WIRELESS_VCC 0.001161 3.320313 0.003794 MCU_VCC 0.007162 3.281250 0.023044
1680 69 WIRELESS_VCC 0.001161 3.320313 0.003794 MCU_VCC 0.007162 3.281250 0.023044
1704 70 WIRELESS_VCC 0.001161 3.320313 0.003794 MCU_VCC 0.007162 3.281250 0.023044
1729 71 WIRELESS_VCC 0.001161 3.320313 0.003794 MCU_VCC 0.007162 3.281250 0.023044
1753 72 WIRELESS_VCC 0.001161 3.320313 0.003794 MCU_VCC 0.007162 3.281250 0.023044
1777 73 WIRELESS_VCC 0.001161 3.320313 0.003794 MCU_VCC 0.007162 3.281250 0.023044
1801 74 WIRELESS_VCC 0.001161 3.320313 0.003794 MCU_VCC 0.007162 3.281250 0.023044
1825 75 WIRELESS_VCC 0.001161 3.320313 0.003794 MCU_VCC 0.007162 3.281250 0.023044
1849 76 WIRELESS_VCC 0.001161 3.320313 0.003794 MCU_VCC 0.007162 3.281250 0.023044
1873 77 WIRELESS_VCC 0.001161 3.320313 0.003794 MCU_VCC 0.007162 3.281250 0.023044
1897 78 WIRELESS_VCC 0.001161 3.320313 0.003794 MCU_VCC 0.007162 3.281250 0.023044
1922 79 WIRELESS_VCC 0.000968 3.320313 0.003162 MCU_VCC 0.007162 3.281250 0.023044
1946 80 WIRELESS_VCC 0.000968 3.320313 0.003162 MCU_VCC 0.007162 3.281250 0.023044
1970 81 WIRELESS_VCC 0.000968 3.320313 0.003162 MCU_VCC 0.007162 3.281250 0.023044
1994 82 WIRELESS_VCC 0.000968 3.320313 0.003162 MCU_VCC 0.007162 3.281250 0.023044
2018 83 WIRELESS_VCC 0.000968 3.320313 0.003162 MCU_VCC 0.007162 3.281250 0.023044
2042 84 WIRELESS_VCC 0.000968 3.320313 0.003162 MCU_VCC 0.007162 3.281250 0.023044
2066 85 WIRELESS_VCC 0.000968 3.320313 0.003162 MCU_VCC 0.007162 3.281250 0.023044
2090 86 WIRELESS_VCC 0.000968 3.320313 0.003162 MCU_VCC 0.007162 3.281250 0.023044
2114 87 WIRELESS_VCC 0.000968 3.320313 0.003162 MCU_VCC 0.007162 3.281250 0.023044
2138 88 WIRELESS_VCC 0.000968 3.320313 0.003162 MCU_VCC 0.007162 3.281250 0.023044
2162 89 WIRELESS_VCC 0.000968 3.320313 0.003162 MCU_VCC 0.007162 3.281250 0.023044
2187 90 WIRELESS_VCC 0.000968 3.320313 0.003162 MCU_VCC 0.007162 3.281250 0.023044
2211 91 WIRELESS_VCC 0.000968 3.320313 0.003162 MCU_VCC 0.007162 3.281250 0.023044
2235 92 WIRELESS_VCC 0.000968 3.320313 0.003162 MCU_VCC 0.007162 3.281250 0.023044
2259 93 WIRELESS_VCC 0.000968 3.320313 0.003162 MCU_VCC 0.007162 3.281250 0.023044
2283 94 WIRELESS_VCC 0.000968 3.320313 0.003162 MCU_VCC 0.007162 3.281250 0.023044
2307 95 WIRELESS_VCC 0.000968 3.320313 0.003162 MCU_VCC 0.007162 3.281250 0.023044
2331 96 WIRELESS_VCC 0.000968 3.320313 0.003162 MCU_VCC 0.007162 3.281250 0.023044
2383 97 WIRELESS_VCC 0.000968 3.320313 0.003162 MCU_VCC 0.007162 3.281250 0.023044
2407 98 WIRELESS_VCC 0.000968 3.320313 0.003162 MCU_VCC 0.007162 3.281250 0.023044
2431 99 WIRELESS_VCC 0.000968 3.320313 0.003162 MCU_VCC 0.007162 3.281250 0.023044
2479 100 WIRELESS_VCC 0.000968 3.320313 0.003162 MCU_VCC 0.007162 3.281250 0.023044
2503 101 WIRELESS_VCC 0.000968 3.320313 0.003162 MCU_VCC 0.007162 3.281250 0.023044
2527 102 WIRELESS_VCC 0.000968 3.320313 0.003162 MCU_VCC 0.007162 3.281250 0.023044
2552 103 WIRELESS_VCC 0.000968 3.320313 0.003162 MCU_VCC 0.007162 3.281250 0.023044
2576 104 WIRELESS_VCC 0.000968 3.320313 0.003162 MCU_VCC 0.007162 3.281250 0.023044
2600 105 WIRELESS_VCC 0.000968 3.320313 0.003162 MCU_VCC 0.007162 3.281250 0.023044
2624 106 WIRELESS_VCC 0.000968 3.320313 0.003162 MCU_VCC 0.007162 3.281250 0.023044
2648 107 WIRELESS_VCC 0.000968 3.320313 0.003162 MCU_VCC 0.007162 3.281250 0.023044
2672 108 WIRELESS_VCC 0.000968 3.320313 0.003162 MCU_VCC 0.007162 3.281250 0.023044
2696 109 WIRELESS_VCC 0.000968 3.320313 0.003162 MCU_VCC 0.007162 3.281250 0.023044
2720 110 WIRELESS_VCC 0.000968 3.320313 0.003162 MCU_VCC 0.007162 3.281250 0.023044
2745 111 WIRELESS_VCC 0.000968 3.320313 0.003162 MCU_VCC 0.007162 3.281250 0.023044
2769 112 WIRELESS_VCC 0.000968 3.320313 0.003162 MCU_VCC 0.007162 3.281250 0.023044
2793 113 WIRELESS_VCC 0.000968 3.320313 0.003162 MCU_VCC 0.007162 3.281250 0.023044
2817 114 WIRELESS_VCC 0.000968 3.320313 0.003162 MCU_VCC 0.007162 3.281250 0.023044
2841 115 WIRELESS_VCC 0.000968 3.320313 0.003162 MCU_VCC 0.007162 3.281250 0.023044
2865 116 WIRELESS_VCC 0.000968 3.320313 0.003162 MCU_VCC 0.007162 3.281250 0.023044
2889 117 WIRELESS_VCC 0.000968 3.320313 0.003162 MCU_VCC 0.007162 3.281250 0.023044
2913 118 WIRELESS_VCC 0.000968 3.320313 0.003162 MCU_VCC 0.007162 3.281250 0.023044
2937 119 WIRELESS_VCC 0.000968 3.320313 0.003162 MCU_VCC 0.007162 3.281250 0.023044
2961 120 WIRELESS_VCC 0.000968 3.320313 0.003162 MCU_VCC 0.007162 3.281250 0.023044
2985 121 WIRELESS_VCC 0.000968 3.320313 0.003162 MCU_VCC 0.007162 3.281250 0.023044
