WIRELESS_VCC 0.02 1 WIRELESS_VCC 0.000968 3.320313 0.003162 MCU_VCC 0.007162 3.281250 0.023044
21 2 WIRELESS_VCC 0.000968 3.320313 0.003162 MCU_VCC 0.007162 3.281250 0.023044
44 3 WIRELESS_VCC 0.000968 3.320313 0.003162 MCU_VCC 0.007162 3.281250 0.023044
69 4 WIRELESS_VCC 0.000968 3.320313 0.003162 MCU_VCC 0.007162 3.281250 0.023044
93 5 WIRELESS_VCC 0.000968 3.320313 0.003162 MCU_VCC 0.007162 3.281250 0.023044
141 6 WIRELESS_VCC 0.000968 3.320313 0.003162 MCU_VCC 0.007162 3.281250 0.023044
165 7 WIRELESS_VCC 0.000968 3.320313 0.003162 MCU_VCC 0.007162 3.281250 0.023044
189 8 WIRELESS_VCC 0.000968 3.320313 0.003162 MCU_VCC 0.007162 3.281250 0.023044
213 9 WIRELESS_VCC 0.000968 3.320313 0.003162 MCU_VCC 0.007162 3.281250 0.023044
261 10 WIRELESS_VCC 0.000968 3.320313 0.003162 MCU_VCC 0.007162 3.281250 0.023044
285 11 WIRELESS_VCC 0.000968 3.320313 0.003162 MCU_VCC 0.007162 3.281250 0.023044
309 12 WIRELESS_VCC 0.000968 3.320313 0.003162 MCU_VCC 0.007162 3.281250 0.023044
334 13 WIRELESS_VCC 0.000968 3.320313 0.003162 MCU_VCC 0.007162 3.281250 0.023044
358 14 WIRELESS_VCC 0.000968 3.320313 0.003162 MCU_VCC 0.007162 3.281250 0.023044
382 15 WIRELESS_VCC 0.000968 3.320313 0.003162 MCU_VCC 0.007162 3.281250 0.023044
406 16 WIRELESS_VCC 0.000968 3.320313 0.003162 MCU_VCC 0.007162 3.281250 0.023044
430 17 WIRELESS_VCC 0.000968 3.320313 0.003162 MCU_VCC 0.007162 3.281250 0.023044
454 18 WIRELESS_VCC 0.000968 3.320313 0.003162 MCU_VCC 0.007162 3.281250 0.023044
478 19 WIRELESS_VCC 0.000968 3.320313 0.003162 MCU_VCC 0.007162 3.281250 0.023044
502 20 WIRELESS_VCC 0.000968 3.320313 0.003162 MCU_VCC 0.007162 3.281250 0.023044
526 21 WIRELESS_VCC 0.000968 3.320313 0.003162 MCU_VCC 0.007162 3.281250 0.023044
550 22 WIRELESS_VCC 0.000968 3.320313 0.003162 MCU_VCC 0.007162 3.281250 0.023044
574 23 WIRELESS_VCC 0.000968 3.320313 0.003162 MCU_VCC 0.007162 3.281250 0.023044
599 24 WIRELESS_VCC 0.000968 3.320313 0.003162 MCU_VCC 0.007162 3.281250 0.023044
623 25 WIRELESS_VCC 0.000968 3.320313 0.003162 MCU_VCC 0.007162 3.281250 0.023044
647 26 WIRELESS_VCC 0.000968 3.320313 0.003162 MCU_VCC 0.007162 3.281250 0.023044
671 27 WIRELESS_VCC 0.000968 3.320313 0.003162 MCU_VCC 0.007162 3.281250 0.023044
695 28 WIRELESS_VCC 0.000968 3.320313 0.003162 MCU_VCC 0.007162 3.281250 0.023044
719 29 WIRELESS_VCC 0.000968 3.320313 0.003162 MCU_VCC 0.007162 3.281250 0.023044
743 30 WIRELESS_VCC 0.000968 3.320313 0.003162 MCU_VCC 0.007162 3.281250 0.023044
767 31 WIRELESS_VCC 0.001549 3.320313 0.005059 MCU_VCC 0.007162 3.281250 0.023044
791 32 WIRELESS_VCC 0.003871 3.320313 0.012648 MCU_VCC 0.007356 3.281250 0.023667
815 33 WIRELESS_VCC 0.003291 3.320313 0.010750 MCU_VCC 0.007356 3.281250 0.023667
839 34 WIRELESS_VCC 0.002710 3.320313 0.008853 MCU_VCC 0.007356 3.281250 0.023667
863 35 WIRELESS_VCC 0.002323 3.320313 0.007589 MCU_VCC 0.007356 3.281250 0.023667
888 36 WIRELESS_VCC 0.002129 3.320313 0.006956 MCU_VCC 0.007162 3.281250 0.023044
912 37 WIRELESS_VCC 0.001742 3.320313 0.005691 MCU_VCC 0.007162 3.281250 0.023044
939 38 WIRELESS_VCC 0.001549 3.320313 0.005059 MCU_VCC 0.007162 3.281250 0.023044
963 39 WIRELESS_VCC 0.001549 3.320313 0.005059 MCU_VCC 0.007162 3.281250 0.023044
987 40 WIRELESS_VCC 0.001355 3.320313 0.004427 MCU_VCC 0.007162 3.281250 0.023044
1011 41 WIRELESS_VCC 0.001355 3.320313 0.004427 MCU_VCC 0.007162 3.281250 0.023044
1035 42 WIRELESS_VCC 0.001161 3.320313 0.003794 MCU_VCC 0.007162 3.281250 0.023044
1059 43 WIRELESS_VCC 0.001161 3.320313 0.003794 MCU_VCC 0.007162 3.281250 0.023044
1083 44 WIRELESS_VCC 0.001161 3.320313 0.003794 MCU_VCC 0.007162 3.281250 0.023044
1108 45 WIRELESS_VCC 0.001161 3.320313 0.003794 MCU_VCC 0.007162 3.281250 0.023044
1132 46 WIRELESS_VCC 0.000968 3.320313 0.003162 MCU_VCC 0.007162 3.281250 0.023044
1156 47 WIRELESS_VCC 0.000968 3.320313 0.003162 MCU_VCC 0.007162 3.281250 0.023044
1180 48 WIRELESS_VCC 0.000968 3.320313 0.003162 MCU_VCC 0.007162 3.281250 0.023044
1204 49 WIRELESS_VCC 0.000968 3.320313 0.003162 MCU_VCC 0.007162 3.281250 0.023044
1228 50 WIRELESS_VCC 0.000968 3.320313 0.003162 MCU_VCC 0.007162 3.281250 0.023044
1252 51 WIRELESS_VCC 0.000968 3.320313 0.003162 MCU_VCC 0.007162 3.281250 0.023044
1276 52 WIRELESS_VCC 0.000968 3.320313 0.003162 MCU_VCC 0.007162 3.281250 0.023044
1300 53 WIRELESS_VCC 0.000968 3.320313 0.003162 MCU_VCC 0.007162 3.281250 0.023044
1324 54 WIRELESS_VCC 0.000968 3.320313 0.003162 MCU_VCC 0.007162 3.281250 0.023044
1348 55 WIRELESS_VCC 0.000968 3.320313 0.003162 MCU_VCC 0.007162 3.281250 0.023044
1373 56 WIRELESS_VCC 0.000968 3.320313 0.003162 MCU_VCC 0.007162 3.281250 0.023044
1397 57 WIRELESS_VCC 0.000968 3.320313 0.003162 MCU_VCC 0.007162 3.281250 0.023044
1421 58 WIRELESS_VCC 0.000968 3.320313 0.003162 MCU_VCC 0.007162 3.281250 0.023044
1445 59 WIRELESS_VCC 0.000968 3.320313 0.003162 MCU_VCC 0.007162 3.281250 0.023044
1469 60 WIRELESS_VCC 0.000968 3.320313 0.003162 MCU_VCC 0.007162 3.281250 0.023044
1493 61 WIRELESS_VCC 0.000968 3.320313 0.003162 MCU_VCC 0.007162 3.281250 0.023044
1517 62 WIRELESS_VCC 0.000968 3.320313 0.003162 MCU_VCC 0.007162 3.281250 0.023044
1541 63 WIRELESS_VCC 0.000968 3.320313 0.003162 MCU_VCC 0.007162 3.281250 0.023044
1565 64 WIRELESS_VCC 0.000968 3.320313 0.003162 MCU_VCC 0.007162 3.281250 0.023044
1589 65 WIRELESS_VCC 0.000968 3.320313 0.003162 MCU_VCC 0.007162 3.281250 0.023044
1638 66 WIRELESS_VCC 0.000968 3.320313 0.003162 MCU_VCC 0.007162 3.281250 0.023044
1662 67 WIRELESS_VCC 0.000968 3.320313 0.003162 MCU_VCC 0.007162 3.281250 0.023044
1686 68 WIRELESS_VCC 0.000968 3.320313 0.003162 MCU_VCC 0.007162 3.281250 0.023044
1710 69 WIRELESS_VCC 0.000968 3.320313 0.003162 MCU_VCC 0.007162 3.281250 0.023044
1734 70 WIRELESS_VCC 0.000968 3.320313 0.003162 MCU_VCC 0.007162 3.281250 0.023044
1758 71 WIRELESS_VCC 0.000968 3.320313 0.003162 MCU_VCC 0.007162 3.281250 0.023044
1782 72 WIRELESS_VCC 0.000968 3.320313 0.003162 MCU_VCC 0.007162 3.281250 0.023044
1806 73 WIRELESS_VCC 0.000968 3.320313 0.003162 MCU_VCC 0.007162 3.281250 0.023044
1830 74 WIRELESS_VCC 0.000968 3.320313 0.003162 MCU_VCC 0.007162 3.281250 0.023044
1854 75 WIRELESS_VCC 0.000968 3.320313 0.003162 MCU_VCC 0.007162 3.281250 0.023044
1903 76 WIRELESS_VCC 0.000968 3.320313 0.003162 MCU_VCC 0.007162 3.281250 0.023044
1930 77 WIRELESS_VCC 0.000968 3.320313 0.003162 MCU_VCC 0.007162 3.281250 0.023044
1954 78 WIRELESS_VCC 0.000968 3.320313 0.003162 MCU_VCC 0.007162 3.281250 0.023044
1978 79 WIRELESS_VCC 0.000968 3.320313 0.003162 MCU_VCC 0.007162 3.281250 0.023044
