1 1 WIRELESS_VCC 0.001002 3.320313 0.003318 MCU_VCC 0.006969 3.281250 0.022495
6 2 WIRELESS_VCC 0.001002 3.320313 0.003318 MCU_VCC 0.006969 3.281250 0.022495
44 3 WIRELESS_VCC 0.001002 3.320313 0.003318 MCU_VCC 0.006969 3.281250 0.022495
85 4 WIRELESS_VCC 0.001002 3.320313 0.003318 MCU_VCC 0.006969 3.281250 0.022495
127 5 WIRELESS_VCC 0.001002 3.320313 0.003318 MCU_VCC 0.006969 3.281250 0.022495
169 6 WIRELESS_VCC 0.001002 3.320313 0.003318 MCU_VCC 0.006969 3.281250 0.022495
210 7 WIRELESS_VCC 0.001002 3.320313 0.003318 MCU_VCC 0.006969 3.281250 0.022495
252 8 WIRELESS_VCC 0.001002 3.320313 0.003318 MCU_VCC 0.006969 3.281250 0.022495
294 9 WIRELESS_VCC 0.001002 3.320313 0.003318 MCU_VCC 0.006969 3.281250 0.022495
356 10 WIRELESS_VCC 0.001002 3.320313 0.003318 MCU_VCC 0.006969 3.281250 0.022495
398 11 WIRELESS_VCC 0.001002 3.320313 0.003318 MCU_VCC 0.006969 3.281250 0.022495
439 12 WIRELESS_VCC 0.001002 3.320313 0.003318 MCU_VCC 0.006969 3.281250 0.022495
481 13 WIRELESS_VCC 0.001002 3.320313 0.003318 MCU_VCC 0.006969 3.281250 0.022495
523 14 WIRELESS_VCC 0.001002 3.320313 0.003318 MCU_VCC 0.006969 3.281250 0.022495
564 15 WIRELESS_VCC 0.011169 3.320313 0.036991 MCU_VCC 0.007356 3.281250 0.023741
606 16 WIRELESS_VCC 0.009832 3.320313 0.032557 MCU_VCC 0.007356 3.281250 0.023741
648 17 WIRELESS_VCC 0.008735 3.320313 0.028926 MCU_VCC 0.007356 3.281250 0.023741
689 18 WIRELESS_VCC 0.007732 3.320313 0.025608 MCU_VCC 0.007162 3.281250 0.023118
731 19 WIRELESS_VCC 0.006921 3.320313 0.022915 MCU_VCC 0.007162 3.281250 0.023118
773 20 WIRELESS_VCC 0.006157 3.320313 0.020385 MCU_VCC 0.007162 3.281250 0.023118
814 21 WIRELESS_VCC 0.005537 3.320313 0.018332 MCU_VCC 0.007162 3.281250 0.023118
856 22 WIRELESS_VCC 0.004964 3.320313 0.016442 MCU_VCC 0.007162 3.281250 0.023118
897 23 WIRELESS_VCC 0.004487 3.320313 0.014850 MCU_VCC 0.007162 3.281250 0.023118
981 24 WIRELESS_VCC 0.003675 3.320313 0.012171 MCU_VCC 0.007162 3.281250 0.023118
1022 25 WIRELESS_VCC 0.003341 3.320313 0.011056 MCU_VCC 0.007162 3.281250 0.023118
1106 26 WIRELESS_VCC 0.002816 3.320313 0.009315 MCU_VCC 0.007162 3.281250 0.023118
1147 27 WIRELESS_VCC 0.002625 3.320313 0.008690 MCU_VCC 0.006969 3.281250 0.022495
1189 28 WIRELESS_VCC 0.002434 3.320313 0.008050 MCU_VCC 0.006969 3.281250 0.022495
1231 29 WIRELESS_VCC 0.002243 3.320313 0.007425 MCU_VCC 0.006969 3.281250 0.022495
1272 30 WIRELESS_VCC 0.002100 3.320313 0.006949 MCU_VCC 0.006969 3.281250 0.022495
1335 31 WIRELESS_VCC 0.001909 3.320313 0.006324 MCU_VCC 0.006969 3.281250 0.022495
1377 32 WIRELESS_VCC 0.001814 3.320313 0.005996 MCU_VCC 0.006969 3.281250 0.022495
1418 33 WIRELESS_VCC 0.001718 3.320313 0.005684 MCU_VCC 0.006969 3.281250 0.022495
1460 34 WIRELESS_VCC 0.001671 3.320313 0.005520 MCU_VCC 0.006969 3.281250 0.022495
1501 35 WIRELESS_VCC 0.001575 3.320313 0.005208 MCU_VCC 0.006969 3.281250 0.022495
1543 36 WIRELESS_VCC 0.001527 3.320313 0.005059 MCU_VCC 0.006969 3.281250 0.022495
1585 37 WIRELESS_VCC 0.001480 3.320313 0.004895 MCU_VCC 0.006969 3.281250 0.022495
1626 38 WIRELESS_VCC 0.001384 3.320313 0.004583 MCU_VCC 0.006969 3.281250 0.022495
1668 39 WIRELESS_VCC 0.001384 3.320313 0.004583 MCU_VCC 0.006969 3.281250 0.022495
1710 40 WIRELESS_VCC 0.001336 3.320313 0.004419 MCU_VCC 0.006969 3.281250 0.022495
1751 41 WIRELESS_VCC 0.001289 3.320313 0.004256 MCU_VCC 0.006969 3.281250 0.022495
1793 42 WIRELESS_VCC 0.001289 3.320313 0.004256 MCU_VCC 0.006969 3.281250 0.022495
1835 43 WIRELESS_VCC 0.001241 3.320313 0.004107 MCU_VCC 0.006969 3.281250 0.022495
1876 44 WIRELESS_VCC 0.001193 3.320313 0.003943 MCU_VCC 0.006969 3.281250 0.022495
1918 45 WIRELESS_VCC 0.001193 3.320313 0.003943 MCU_VCC 0.006969 3.281250 0.022495
1960 46 WIRELESS_VCC 0.001193 3.320313 0.003943 MCU_VCC 0.006969 3.281250 0.022495
2001 47 WIRELESS_VCC 0.001146 3.320313 0.003794 MCU_VCC 0.006969 3.281250 0.022495
2043 48 WIRELESS_VCC 0.001146 3.320313 0.003794 MCU_VCC 0.006969 3.281250 0.022495
2084 49 WIRELESS_VCC 0.001146 3.320313 0.003794 MCU_VCC 0.006969 3.281250 0.022495
2126 50 WIRELESS_VCC 0.001146 3.320313 0.003794 MCU_VCC 0.006969 3.281250 0.022495
2168 51 WIRELESS_VCC 0.001098 3.320313 0.003631 MCU_VCC 0.006969 3.281250 0.022495
2209 52 WIRELESS_VCC 0.001098 3.320313 0.003631 MCU_VCC 0.006969 3.281250 0.022495
2251 53 WIRELESS_VCC 0.001098 3.320313 0.003631 MCU_VCC 0.006969 3.281250 0.022495
2313 54 WIRELESS_VCC 0.001098 3.320313 0.003631 MCU_VCC 0.006969 3.281250 0.022495
2355 55 WIRELESS_VCC 0.001098 3.320313 0.003631 MCU_VCC 0.006969 3.281250 0.022495
2397 56 WIRELESS_VCC 0.001050 3.320313 0.003467 MCU_VCC 0.006969 3.281250 0.022495
2438 57 WIRELESS_VCC 0.001050 3.320313 0.003467 MCU_VCC 0.006969 3.281250 0.022495
2480 58 WIRELESS_VCC 0.001050 3.320313 0.003467 MCU_VCC 0.006969 3.281250 0.022495
2522 59 WIRELESS_VCC 0.001050 3.320313 0.003467 MCU_VCC 0.006969 3.281250 0.022495
2563 60 WIRELESS_VCC 0.001050 3.320313 0.003467 MCU_VCC 0.006969 3.281250 0.022495
2605 61 WIRELESS_VCC 0.001050 3.320313 0.003467 MCU_VCC 0.006969 3.281250 0.022495
2647 62 WIRELESS_VCC 0.001050 3.320313 0.003467 MCU_VCC 0.006969 3.281250 0.022495
2688 63 WIRELESS_VCC 0.001050 3.320313 0.003467 MCU_VCC 0.006969 3.281250 0.022495
2730 64 WIRELESS_VCC 0.001050 3.320313 0.003467 MCU_VCC 0.006969 3.281250 0.022495
2771 65 WIRELESS_VCC 0.001050 3.320313 0.003467 MCU_VCC 0.006969 3.281250 0.022495
2813 66 WIRELESS_VCC 0.001050 3.320313 0.003467 MCU_VCC 0.006969 3.281250 0.022495
2855 67 WIRELESS_VCC 0.001050 3.320313 0.003467 MCU_VCC 0.006969 3.281250 0.022495
2896 68 WIRELESS_VCC 0.001050 3.320313 0.003467 MCU_VCC 0.006969 3.281250 0.022495
2938 69 WIRELESS_VCC 0.001050 3.320313 0.003467 MCU_VCC 0.006969 3.281250 0.022495
2980 70 WIRELESS_VCC 0.001050 3.320313 0.003467 MCU_VCC 0.006969 3.281250 0.022495
