0.009485 3.281251 FPGA_VCCAUX_MON 0.009485 3.281250 0.030517 FPGA_VCCINT_MON 0.004839 1.093750 0.005190
2 FPGA_VCCAUX_MON 0.009485 3.281250 0.030517 FPGA_VCCINT_MON 0.004839 1.093750 0.005190
3 FPGA_VCCAUX_MON 0.009485 3.281250 0.030517 FPGA_VCCINT_MON 0.004839 1.093750 0.005190
4 FPGA_VCCAUX_MON 0.009485 3.281250 0.030517 FPGA_VCCINT_MON 0.004839 1.093750 0.005190
5 FPGA_VCCAUX_MON 0.009485 3.281250 0.030517 FPGA_VCCINT_MON 0.004839 1.093750 0.005190
6 FPGA_VCCAUX_MON 0.009485 3.281250 0.030517 FPGA_VCCINT_MON 0.004839 1.093750 0.005190
7 FPGA_VCCAUX_MON 0.009485 3.281250 0.030517 FPGA_VCCINT_MON 0.004839 1.093750 0.005190
8 FPGA_VCCAUX_MON 0.009485 3.281250 0.030517 FPGA_VCCINT_MON 0.004839 1.093750 0.005190
9 FPGA_VCCAUX_MON 0.009485 3.281250 0.030517 FPGA_VCCINT_MON 0.004839 1.093750 0.005190
10 FPGA_VCCAUX_MON 0.009485 3.281250 0.030517 FPGA_VCCINT_MON 0.004839 1.093750 0.005190
11 FPGA_VCCAUX_MON 0.009485 3.281250 0.030517 FPGA_VCCINT_MON 0.004839 1.093750 0.005190
12 FPGA_VCCAUX_MON 0.009485 3.281250 0.030517 FPGA_VCCINT_MON 0.004839 1.093750 0.005190
13 FPGA_VCCAUX_MON 0.009485 3.281250 0.030517 FPGA_VCCINT_MON 0.004839 1.093750 0.005190
14 FPGA_VCCAUX_MON 0.009485 3.281250 0.030517 FPGA_VCCINT_MON 0.004839 1.093750 0.005190
15 FPGA_VCCAUX_MON 0.009485 3.281250 0.030517 FPGA_VCCINT_MON 0.004839 1.093750 0.005190
16 FPGA_VCCAUX_MON 0.009485 3.281250 0.030517 FPGA_VCCINT_MON 0.004839 1.093750 0.005190
17 FPGA_VCCAUX_MON 0.009485 3.281250 0.030517 FPGA_VCCINT_MON 0.004839 1.093750 0.005190
18 FPGA_VCCAUX_MON 0.009485 3.281250 0.030517 FPGA_VCCINT_MON 0.004839 1.093750 0.005190
19 FPGA_VCCAUX_MON 0.009485 3.281250 0.030517 FPGA_VCCINT_MON 0.004839 1.093750 0.005190
20 FPGA_VCCAUX_MON 0.009485 3.281250 0.030517 FPGA_VCCINT_MON 0.004839 1.093750 0.005190
21 FPGA_VCCAUX_MON 0.009485 3.281250 0.030517 FPGA_VCCINT_MON 0.004839 1.093750 0.005190
22 FPGA_VCCAUX_MON 0.009485 3.281250 0.030517 FPGA_VCCINT_MON 0.005033 1.093750 0.005398
23 FPGA_VCCAUX_MON 0.009485 3.281250 0.030517 FPGA_VCCINT_MON 0.004839 1.093750 0.005190
24 FPGA_VCCAUX_MON 0.009485 3.281250 0.030517 FPGA_VCCINT_MON 0.004839 1.093750 0.005190
25 FPGA_VCCAUX_MON 0.009485 3.281250 0.030517 FPGA_VCCINT_MON 0.004839 1.093750 0.005190
26 FPGA_VCCAUX_MON 0.009485 3.281250 0.030517 FPGA_VCCINT_MON 0.004839 1.093750 0.005190
27 FPGA_VCCAUX_MON 0.009485 3.281250 0.030517 FPGA_VCCINT_MON 0.004839 1.093750 0.005190
28 FPGA_VCCAUX_MON 0.009485 3.281250 0.030517 FPGA_VCCINT_MON 0.004839 1.093750 0.005190
29 FPGA_VCCAUX_MON 0.009485 3.281250 0.030517 FPGA_VCCINT_MON 0.004839 1.093750 0.005190
30 FPGA_VCCAUX_MON 0.009485 3.281250 0.030517 FPGA_VCCINT_MON 0.004839 1.093750 0.005190
31 FPGA_VCCAUX_MON 0.009485 3.281250 0.030517 FPGA_VCCINT_MON 0.004839 1.093750 0.005190
32 FPGA_VCCAUX_MON 0.009485 3.281250 0.030517 FPGA_VCCINT_MON 0.004839 1.093750 0.005190
33 FPGA_VCCAUX_MON 0.009485 3.281250 0.030517 FPGA_VCCINT_MON 0.004839 1.093750 0.005190
34 FPGA_VCCAUX_MON 0.009485 3.281250 0.030517 FPGA_VCCINT_MON 0.004839 1.093750 0.005190
35 FPGA_VCCAUX_MON 0.009485 3.281250 0.030517 FPGA_VCCINT_MON 0.004839 1.093750 0.005190
36 FPGA_VCCAUX_MON 0.009485 3.281250 0.030517 FPGA_VCCINT_MON 0.004839 1.093750 0.005190
37 FPGA_VCCAUX_MON 0.009485 3.281250 0.030517 FPGA_VCCINT_MON 0.004839 1.093750 0.005190
38 FPGA_VCCAUX_MON 0.009485 3.281250 0.030517 FPGA_VCCINT_MON 0.004839 1.093750 0.005190
39 FPGA_VCCAUX_MON 0.009485 3.281250 0.030517 FPGA_VCCINT_MON 0.004839 1.093750 0.005190
40 FPGA_VCCAUX_MON 0.009485 3.281250 0.030517 FPGA_VCCINT_MON 0.004839 1.093750 0.005190
41 FPGA_VCCAUX_MON 0.009485 3.281250 0.030517 FPGA_VCCINT_MON 0.004839 1.093750 0.005190
42 FPGA_VCCAUX_MON 0.009485 3.281250 0.030517 FPGA_VCCINT_MON 0.005033 1.093750 0.005398
43 FPGA_VCCAUX_MON 0.009485 3.281250 0.030517 FPGA_VCCINT_MON 0.004839 1.093750 0.005190
44 FPGA_VCCAUX_MON 0.009485 3.281250 0.030517 FPGA_VCCINT_MON 0.004839 1.093750 0.005190
45 FPGA_VCCAUX_MON 0.009485 3.281250 0.030517 FPGA_VCCINT_MON 0.004839 1.093750 0.005190
46 FPGA_VCCAUX_MON 0.009485 3.281250 0.030517 FPGA_VCCINT_MON 0.004839 1.093750 0.005190
47 FPGA_VCCAUX_MON 0.009485 3.281250 0.030517 FPGA_VCCINT_MON 0.004839 1.093750 0.005190
48 FPGA_VCCAUX_MON 0.009485 3.281250 0.030517 FPGA_VCCINT_MON 0.004839 1.093750 0.005190
49 FPGA_VCCAUX_MON 0.009485 3.281250 0.030517 FPGA_VCCINT_MON 0.004839 1.093750 0.005190
50 FPGA_VCCAUX_MON 0.009485 3.281250 0.030517 FPGA_VCCINT_MON 0.004839 1.093750 0.005190
51 FPGA_VCCAUX_MON 0.009485 3.281250 0.030517 FPGA_VCCINT_MON 0.004839 1.093750 0.005190
52 FPGA_VCCAUX_MON 0.009485 3.281250 0.030517 FPGA_VCCINT_MON 0.004839 1.093750 0.005190
53 FPGA_VCCAUX_MON 0.009485 3.281250 0.030517 FPGA_VCCINT_MON 0.004839 1.093750 0.005190
54 FPGA_VCCAUX_MON 0.009485 3.281250 0.030517 FPGA_VCCINT_MON 0.004839 1.093750 0.005190
55 FPGA_VCCAUX_MON 0.009485 3.281250 0.030517 FPGA_VCCINT_MON 0.004839 1.093750 0.005190
56 FPGA_VCCAUX_MON 0.009485 3.281250 0.030517 FPGA_VCCINT_MON 0.004839 1.093750 0.005190
57 FPGA_VCCAUX_MON 0.009485 3.281250 0.030517 FPGA_VCCINT_MON 0.004839 1.093750 0.005190
58 FPGA_VCCAUX_MON 0.009485 3.281250 0.030517 FPGA_VCCINT_MON 0.004839 1.093750 0.005190
59 FPGA_VCCAUX_MON 0.009485 3.281250 0.030517 FPGA_VCCINT_MON 0.004839 1.093750 0.005190
60 FPGA_VCCAUX_MON 0.009485 3.281250 0.030517 FPGA_VCCINT_MON 0.004839 1.093750 0.005190
61 FPGA_VCCAUX_MON 0.009485 3.281250 0.030517 FPGA_VCCINT_MON 0.004839 1.093750 0.005190
62 FPGA_VCCAUX_MON 0.009485 3.281250 0.030517 FPGA_VCCINT_MON 0.004839 1.093750 0.005190
63 FPGA_VCCAUX_MON 0.009485 3.281250 0.030517 FPGA_VCCINT_MON 0.004839 1.093750 0.005190
64 FPGA_VCCAUX_MON 0.009485 3.281250 0.030517 FPGA_VCCINT_MON 0.004839 1.093750 0.005190
65 FPGA_VCCAUX_MON 0.009485 3.281250 0.030517 FPGA_VCCINT_MON 0.004839 1.093750 0.005190
66 FPGA_VCCAUX_MON 0.009485 3.281250 0.030517 FPGA_VCCINT_MON 0.004839 1.093750 0.005190
67 FPGA_VCCAUX_MON 0.009485 3.281250 0.030517 FPGA_VCCINT_MON 0.004839 1.093750 0.005190
68 FPGA_VCCAUX_MON 0.009485 3.281250 0.030517 FPGA_VCCINT_MON 0.004839 1.093750 0.005190
69 FPGA_VCCAUX_MON 0.009485 3.281250 0.030517 FPGA_VCCINT_MON 0.004839 1.093750 0.005190
70 FPGA_VCCAUX_MON 0.009485 3.281250 0.030517 FPGA_VCCINT_MON 0.004839 1.093750 0.005190
71 FPGA_VCCAUX_MON 0.009485 3.281250 0.030517 FPGA_VCCINT_MON 0.004839 1.093750 0.005190
72 FPGA_VCCAUX_MON 0.009485 3.281250 0.030517 FPGA_VCCINT_MON 0.004839 1.093750 0.005190
73 FPGA_VCCAUX_MON 0.009485 3.281250 0.030517 FPGA_VCCINT_MON 0.004839 1.093750 0.005190
74 FPGA_VCCAUX_MON 0.009485 3.281250 0.030517 FPGA_VCCINT_MON 0.004839 1.093750 0.005190
75 FPGA_VCCAUX_MON 0.009485 3.281250 0.030517 FPGA_VCCINT_MON 0.004839 1.093750 0.005190
76 FPGA_VCCAUX_MON 0.009485 3.281250 0.030517 FPGA_VCCINT_MON 0.004839 1.093750 0.005190
77 FPGA_VCCAUX_MON 0.009485 3.281250 0.030517 FPGA_VCCINT_MON 0.004839 1.093750 0.005190
78 FPGA_VCCAUX_MON 0.009485 3.281250 0.030517 FPGA_VCCINT_MON 0.004839 1.093750 0.005190
79 FPGA_VCCAUX_MON 0.009485 3.281250 0.030517 FPGA_VCCINT_MON 0.004839 1.093750 0.005190
80 FPGA_VCCAUX_MON 0.009485 3.281250 0.030517 FPGA_VCCINT_MON 0.004839 1.093750 0.005190
81 FPGA_VCCAUX_MON 0.009485 3.281250 0.030517 FPGA_VCCINT_MON 0.004839 1.093750 0.005190
82 FPGA_VCCAUX_MON 0.009485 3.281250 0.030517 FPGA_VCCINT_MON 0.004839 1.093750 0.005190
83 FPGA_VCCAUX_MON 0.009485 3.281250 0.030517 FPGA_VCCINT_MON 0.004839 1.093750 0.005190
84 FPGA_VCCAUX_MON 0.009485 3.281250 0.030517 FPGA_VCCINT_MON 0.004839 1.093750 0.005190
85 FPGA_VCCAUX_MON 0.009485 3.281250 0.030517 FPGA_VCCINT_MON 0.004839 1.093750 0.005190
86 FPGA_VCCAUX_MON 0.009485 3.281250 0.030517 FPGA_VCCINT_MON 0.004839 1.093750 0.005190
87 FPGA_VCCAUX_MON 0.009485 3.281250 0.030517 FPGA_VCCINT_MON 0.004839 1.093750 0.005190
88 FPGA_VCCAUX_MON 0.009485 3.281250 0.030517 FPGA_VCCINT_MON 0.004839 1.093750 0.005190
89 FPGA_VCCAUX_MON 0.009485 3.281250 0.030517 FPGA_VCCINT_MON 0.004839 1.093750 0.005190
90 FPGA_VCCAUX_MON 0.009485 3.281250 0.030517 FPGA_VCCINT_MON 0.004839 1.093750 0.005190
91 FPGA_VCCAUX_MON 0.009485 3.281250 0.030517 FPGA_VCCINT_MON 0.004839 1.093750 0.005190
92 FPGA_VCCAUX_MON 0.009485 3.281250 0.030517 FPGA_VCCINT_MON 0.004839 1.093750 0.005190
93 FPGA_VCCAUX_MON 0.009485 3.281250 0.030517 FPGA_VCCINT_MON 0.004839 1.093750 0.005190
94 FPGA_VCCAUX_MON 0.009485 3.281250 0.030517 FPGA_VCCINT_MON 0.004839 1.093750 0.005190
95 FPGA_VCCAUX_MON 0.009485 3.281250 0.030517 FPGA_VCCINT_MON 0.004839 1.093750 0.005190
96 FPGA_VCCAUX_MON 0.009485 3.281250 0.030517 FPGA_VCCINT_MON 0.004839 1.093750 0.005190
97 FPGA_VCCAUX_MON 0.009485 3.281250 0.030517 FPGA_VCCINT_MON 0.004839 1.093750 0.005190
98 FPGA_VCCAUX_MON 0.009485 3.281250 0.030517 FPGA_VCCINT_MON 0.004839 1.093750 0.005190
99 FPGA_VCCAUX_MON 0.009485 3.281250 0.030517 FPGA_VCCINT_MON 0.004839 1.093750 0.005190
100 FPGA_VCCAUX_MON 0.009485 3.281250 0.030517 FPGA_VCCINT_MON 0.004839 1.093750 0.005190
101 FPGA_VCCAUX_MON 0.009485 3.281250 0.030517 FPGA_VCCINT_MON 0.004839 1.093750 0.005190
102 FPGA_VCCAUX_MON 0.009485 3.281250 0.030517 FPGA_VCCINT_MON 0.004839 1.093750 0.005190
103 FPGA_VCCAUX_MON 0.009485 3.281250 0.030517 FPGA_VCCINT_MON 0.004839 1.093750 0.005190
104 FPGA_VCCAUX_MON 0.009485 3.281250 0.030517 FPGA_VCCINT_MON 0.004839 1.093750 0.005190
105 FPGA_VCCAUX_MON 0.009485 3.281250 0.030517 FPGA_VCCINT_MON 0.004839 1.093750 0.005190
106 FPGA_VCCAUX_MON 0.009485 3.281250 0.030517 FPGA_VCCINT_MON 0.004839 1.093750 0.005190
107 FPGA_VCCAUX_MON 0.009485 3.281250 0.030517 FPGA_VCCINT_MON 0.004839 1.093750 0.005190
108 FPGA_VCCAUX_MON 0.009485 3.281250 0.030517 FPGA_VCCINT_MON 0.004839 1.093750 0.005190
109 FPGA_VCCAUX_MON 0.009485 3.281250 0.030517 FPGA_VCCINT_MON 0.004839 1.093750 0.005190
110 FPGA_VCCAUX_MON 0.009485 3.281250 0.030517 FPGA_VCCINT_MON 0.004839 1.093750 0.005190
111 FPGA_VCCAUX_MON 0.009485 3.281250 0.030517 FPGA_VCCINT_MON 0.004839 1.093750 0.005190
112 FPGA_VCCAUX_MON 0.009485 3.281250 0.030517 FPGA_VCCINT_MON 0.004839 1.093750 0.005190
113 FPGA_VCCAUX_MON 0.009485 3.281250 0.030517 FPGA_VCCINT_MON 0.004839 1.093750 0.005190
114 FPGA_VCCAUX_MON 0.009485 3.281250 0.030517 FPGA_VCCINT_MON 0.004839 1.093750 0.005190
115 FPGA_VCCAUX_MON 0.009485 3.281250 0.030517 FPGA_VCCINT_MON 0.004839 1.093750 0.005190
116 FPGA_VCCAUX_MON 0.009485 3.281250 0.030517 FPGA_VCCINT_MON 0.004839 1.093750 0.005190
117 FPGA_VCCAUX_MON 0.009485 3.281250 0.030517 FPGA_VCCINT_MON 0.004839 1.093750 0.005190
118 FPGA_VCCAUX_MON 0.009485 3.281250 0.030517 FPGA_VCCINT_MON 0.004839 1.093750 0.005190
119 FPGA_VCCAUX_MON 0.009485 3.281250 0.030517 FPGA_VCCINT_MON 0.004839 1.093750 0.005190
120 FPGA_VCCAUX_MON 0.009485 3.281250 0.030517 FPGA_VCCINT_MON 0.004839 1.093750 0.005190
121 FPGA_VCCAUX_MON 0.009485 3.281250 0.030517 FPGA_VCCINT_MON 0.004839 1.093750 0.005190
122 FPGA_VCCAUX_MON 0.009485 3.281250 0.030517 FPGA_VCCINT_MON 0.004839 1.093750 0.005190
123 FPGA_VCCAUX_MON 0.009485 3.281250 0.030517 FPGA_VCCINT_MON 0.004839 1.093750 0.005190
124 FPGA_VCCAUX_MON 0.009485 3.281250 0.030517 FPGA_VCCINT_MON 0.004839 1.093750 0.005190
125 FPGA_VCCAUX_MON 0.009485 3.281250 0.030517 FPGA_VCCINT_MON 0.004839 1.093750 0.005190
126 FPGA_VCCAUX_MON 0.009485 3.281250 0.030517 FPGA_VCCINT_MON 0.004839 1.093750 0.005190
127 FPGA_VCCAUX_MON 0.009485 3.281250 0.030517 FPGA_VCCINT_MON 0.004839 1.093750 0.005190
128 FPGA_VCCAUX_MON 0.009485 3.281250 0.030517 FPGA_VCCINT_MON 0.004839 1.093750 0.005190
129 FPGA_VCCAUX_MON 0.009485 3.281250 0.030517 FPGA_VCCINT_MON 0.004839 1.093750 0.005190
130 FPGA_VCCAUX_MON 0.009485 3.281250 0.030517 FPGA_VCCINT_MON 0.004839 1.093750 0.005190
131 FPGA_VCCAUX_MON 0.009485 3.281250 0.030517 FPGA_VCCINT_MON 0.004839 1.093750 0.005190
132 FPGA_VCCAUX_MON 0.009485 3.281250 0.030517 FPGA_VCCINT_MON 0.004839 1.093750 0.005190
133 FPGA_VCCAUX_MON 0.009485 3.281250 0.030517 FPGA_VCCINT_MON 0.004839 1.093750 0.005190
134 FPGA_VCCAUX_MON 0.009485 3.281250 0.030517 FPGA_VCCINT_MON 0.004839 1.093750 0.005190
135 FPGA_VCCAUX_MON 0.009485 3.281250 0.030517 FPGA_VCCINT_MON 0.004839 1.093750 0.005190
136 FPGA_VCCAUX_MON 0.009485 3.281250 0.030517 FPGA_VCCINT_MON 0.004839 1.093750 0.005190
137 FPGA_VCCAUX_MON 0.009485 3.281250 0.030517 FPGA_VCCINT_MON 0.004839 1.093750 0.005190
138 FPGA_VCCAUX_MON 0.009485 3.281250 0.030517 FPGA_VCCINT_MON 0.004839 1.093750 0.005190
139 FPGA_VCCAUX_MON 0.009485 3.281250 0.030517 FPGA_VCCINT_MON 0.004839 1.093750 0.005190
140 FPGA_VCCAUX_MON 0.009485 3.281250 0.030517 FPGA_VCCINT_MON 0.004839 1.093750 0.005190
141 FPGA_VCCAUX_MON 0.009485 3.281250 0.030517 FPGA_VCCINT_MON 0.004839 1.093750 0.005190
142 FPGA_VCCAUX_MON 0.009485 3.281250 0.030517 FPGA_VCCINT_MON 0.004839 1.093750 0.005190
143 FPGA_VCCAUX_MON 0.009485 3.281250 0.030517 FPGA_VCCINT_MON 0.004839 1.093750 0.005190
144 FPGA_VCCAUX_MON 0.009485 3.281250 0.030517 FPGA_VCCINT_MON 0.004839 1.093750 0.005190
145 FPGA_VCCAUX_MON 0.009485 3.281250 0.030517 FPGA_VCCINT_MON 0.004839 1.093750 0.005190
146 FPGA_VCCAUX_MON 0.009485 3.281250 0.030517 FPGA_VCCINT_MON 0.004839 1.093750 0.005190
147 FPGA_VCCAUX_MON 0.009485 3.281250 0.030517 FPGA_VCCINT_MON 0.004839 1.093750 0.005190
148 FPGA_VCCAUX_MON 0.012195 3.281250 0.039837 FPGA_VCCINT_MON 0.006194 1.093750 0.006643
149 FPGA_VCCAUX_MON 0.012195 3.281250 0.039837 FPGA_VCCINT_MON 0.006194 1.093750 0.006643
150 FPGA_VCCAUX_MON 0.012195 3.281250 0.039837 FPGA_VCCINT_MON 0.006194 1.093750 0.006643
151 FPGA_VCCAUX_MON 0.012195 3.281250 0.039837 FPGA_VCCINT_MON 0.006194 1.093750 0.006643
152 FPGA_VCCAUX_MON 0.012195 3.281250 0.039837 FPGA_VCCINT_MON 0.006194 1.093750 0.006643
153 FPGA_VCCAUX_MON 0.012195 3.281250 0.039837 FPGA_VCCINT_MON 0.006194 1.093750 0.006643
154 FPGA_VCCAUX_MON 0.012195 3.281250 0.039837 FPGA_VCCINT_MON 0.006194 1.093750 0.006643
155 FPGA_VCCAUX_MON 0.012195 3.281250 0.039837 FPGA_VCCINT_MON 0.006194 1.093750 0.006643
156 FPGA_VCCAUX_MON 0.012195 3.281250 0.039837 FPGA_VCCINT_MON 0.006194 1.093750 0.006643
157 FPGA_VCCAUX_MON 0.012195 3.281250 0.039837 FPGA_VCCINT_MON 0.006194 1.093750 0.006643
158 FPGA_VCCAUX_MON 0.012195 3.281250 0.039837 FPGA_VCCINT_MON 0.006194 1.093750 0.006643
159 FPGA_VCCAUX_MON 0.012195 3.281250 0.039837 FPGA_VCCINT_MON 0.006194 1.093750 0.006643
160 FPGA_VCCAUX_MON 0.012195 3.281250 0.039837 FPGA_VCCINT_MON 0.006194 1.093750 0.006643
161 FPGA_VCCAUX_MON 0.012195 3.281250 0.039837 FPGA_VCCINT_MON 0.006194 1.093750 0.006643
162 FPGA_VCCAUX_MON 0.012195 3.281250 0.039837 FPGA_VCCINT_MON 0.006194 1.093750 0.006643
163 FPGA_VCCAUX_MON 0.012195 3.281250 0.039837 FPGA_VCCINT_MON 0.006194 1.093750 0.006643
164 FPGA_VCCAUX_MON 0.012195 3.281250 0.039837 FPGA_VCCINT_MON 0.006194 1.093750 0.006643
165 FPGA_VCCAUX_MON 0.012195 3.281250 0.039837 FPGA_VCCINT_MON 0.006194 1.093750 0.006643
166 FPGA_VCCAUX_MON 0.012195 3.281250 0.039837 FPGA_VCCINT_MON 0.006194 1.093750 0.006643
167 FPGA_VCCAUX_MON 0.012195 3.281250 0.039837 FPGA_VCCINT_MON 0.006194 1.093750 0.006643
168 FPGA_VCCAUX_MON 0.012195 3.281250 0.039837 FPGA_VCCINT_MON 0.006194 1.093750 0.006643
169 FPGA_VCCAUX_MON 0.012195 3.281250 0.039837 FPGA_VCCINT_MON 0.006194 1.093750 0.006643
170 FPGA_VCCAUX_MON 0.012195 3.281250 0.039837 FPGA_VCCINT_MON 0.006194 1.093750 0.006643
171 FPGA_VCCAUX_MON 0.012195 3.281250 0.039837 FPGA_VCCINT_MON 0.006194 1.093750 0.006643
172 FPGA_VCCAUX_MON 0.012195 3.281250 0.039837 FPGA_VCCINT_MON 0.006194 1.093750 0.006643
173 FPGA_VCCAUX_MON 0.012195 3.281250 0.039837 FPGA_VCCINT_MON 0.006194 1.093750 0.006643
174 FPGA_VCCAUX_MON 0.012195 3.281250 0.039837 FPGA_VCCINT_MON 0.006194 1.093750 0.006643
175 FPGA_VCCAUX_MON 0.012195 3.281250 0.039837 FPGA_VCCINT_MON 0.006194 1.093750 0.006643
176 FPGA_VCCAUX_MON 0.012195 3.281250 0.039837 FPGA_VCCINT_MON 0.006194 1.093750 0.006643
177 FPGA_VCCAUX_MON 0.012195 3.281250 0.039837 FPGA_VCCINT_MON 0.006194 1.093750 0.006643
178 FPGA_VCCAUX_MON 0.012195 3.281250 0.039837 FPGA_VCCINT_MON 0.006194 1.093750 0.006643
179 FPGA_VCCAUX_MON 0.012195 3.281250 0.039837 FPGA_VCCINT_MON 0.006194 1.093750 0.006643
180 FPGA_VCCAUX_MON 0.012195 3.281250 0.039837 FPGA_VCCINT_MON 0.006194 1.093750 0.006643
181 FPGA_VCCAUX_MON 0.012195 3.281250 0.039837 FPGA_VCCINT_MON 0.006194 1.093750 0.006643
182 FPGA_VCCAUX_MON 0.012195 3.281250 0.039837 FPGA_VCCINT_MON 0.006194 1.093750 0.006643
183 FPGA_VCCAUX_MON 0.012195 3.281250 0.039837 FPGA_VCCINT_MON 0.006194 1.093750 0.006643
184 FPGA_VCCAUX_MON 0.012195 3.281250 0.039837 FPGA_VCCINT_MON 0.006194 1.093750 0.006643
185 FPGA_VCCAUX_MON 0.012195 3.281250 0.039837 FPGA_VCCINT_MON 0.006194 1.093750 0.006643
186 FPGA_VCCAUX_MON 0.012195 3.281250 0.039837 FPGA_VCCINT_MON 0.006194 1.093750 0.006643
187 FPGA_VCCAUX_MON 0.012195 3.281250 0.039837 FPGA_VCCINT_MON 0.006194 1.093750 0.006643
188 FPGA_VCCAUX_MON 0.012195 3.281250 0.039837 FPGA_VCCINT_MON 0.006194 1.093750 0.006643
189 FPGA_VCCAUX_MON 0.012195 3.281250 0.039837 FPGA_VCCINT_MON 0.006194 1.093750 0.006643
190 FPGA_VCCAUX_MON 0.012195 3.281250 0.039837 FPGA_VCCINT_MON 0.006194 1.093750 0.006643
191 FPGA_VCCAUX_MON 0.012195 3.281250 0.039837 FPGA_VCCINT_MON 0.006194 1.093750 0.006643
192 FPGA_VCCAUX_MON 0.012195 3.281250 0.039837 FPGA_VCCINT_MON 0.006194 1.093750 0.006643
193 FPGA_VCCAUX_MON 0.012195 3.281250 0.039837 FPGA_VCCINT_MON 0.006194 1.093750 0.006643
194 FPGA_VCCAUX_MON 0.012195 3.281250 0.039837 FPGA_VCCINT_MON 0.006194 1.093750 0.006643
195 FPGA_VCCAUX_MON 0.012195 3.281250 0.039837 FPGA_VCCINT_MON 0.006194 1.093750 0.006643
196 FPGA_VCCAUX_MON 0.012195 3.281250 0.039837 FPGA_VCCINT_MON 0.006194 1.093750 0.006643
197 FPGA_VCCAUX_MON 0.012195 3.281250 0.039837 FPGA_VCCINT_MON 0.006194 1.093750 0.006643
198 FPGA_VCCAUX_MON 0.012195 3.281250 0.039837 FPGA_VCCINT_MON 0.006194 1.093750 0.006643
199 FPGA_VCCAUX_MON 0.012195 3.281250 0.039837 FPGA_VCCINT_MON 0.006194 1.093750 0.006643
200 FPGA_VCCAUX_MON 0.012195 3.281250 0.039837 FPGA_VCCINT_MON 0.006194 1.093750 0.006643
201 FPGA_VCCAUX_MON 0.012195 3.281250 0.039837 FPGA_VCCINT_MON 0.006194 1.093750 0.006643
202 FPGA_VCCAUX_MON 0.012195 3.281250 0.039837 FPGA_VCCINT_MON 0.006194 1.093750 0.006643
203 FPGA_VCCAUX_MON 0.012195 3.281250 0.039837 FPGA_VCCINT_MON 0.006194 1.093750 0.006643
204 FPGA_VCCAUX_MON 0.012195 3.281250 0.039837 FPGA_VCCINT_MON 0.006194 1.093750 0.006643
205 FPGA_VCCAUX_MON 0.012195 3.281250 0.039837 FPGA_VCCINT_MON 0.006194 1.093750 0.006643
206 FPGA_VCCAUX_MON 0.012195 3.281250 0.039837 FPGA_VCCINT_MON 0.006194 1.093750 0.006643
207 FPGA_VCCAUX_MON 0.012195 3.281250 0.039837 FPGA_VCCINT_MON 0.006194 1.093750 0.006643
208 FPGA_VCCAUX_MON 0.012195 3.281250 0.039837 FPGA_VCCINT_MON 0.006194 1.093750 0.006643
209 FPGA_VCCAUX_MON 0.012195 3.281250 0.039837 FPGA_VCCINT_MON 0.006194 1.093750 0.006643
210 FPGA_VCCAUX_MON 0.012195 3.281250 0.039837 FPGA_VCCINT_MON 0.006194 1.093750 0.006643
211 FPGA_VCCAUX_MON 0.012195 3.281250 0.039837 FPGA_VCCINT_MON 0.006194 1.093750 0.006643
212 FPGA_VCCAUX_MON 0.012195 3.281250 0.039837 FPGA_VCCINT_MON 0.006194 1.093750 0.006643
213 FPGA_VCCAUX_MON 0.012195 3.281250 0.039837 FPGA_VCCINT_MON 0.006194 1.093750 0.006643
214 FPGA_VCCAUX_MON 0.012195 3.281250 0.039837 FPGA_VCCINT_MON 0.006194 1.093750 0.006643
215 FPGA_VCCAUX_MON 0.012195 3.281250 0.039837 FPGA_VCCINT_MON 0.006194 1.093750 0.006643
216 FPGA_VCCAUX_MON 0.012195 3.281250 0.039837 FPGA_VCCINT_MON 0.006194 1.093750 0.006643
217 FPGA_VCCAUX_MON 0.012195 3.281250 0.039837 FPGA_VCCINT_MON 0.006194 1.093750 0.006643
218 FPGA_VCCAUX_MON 0.012195 3.281250 0.039837 FPGA_VCCINT_MON 0.006194 1.093750 0.006643
219 FPGA_VCCAUX_MON 0.012195 3.281250 0.039837 FPGA_VCCINT_MON 0.006194 1.093750 0.006643
220 FPGA_VCCAUX_MON 0.012195 3.281250 0.039837 FPGA_VCCINT_MON 0.006194 1.093750 0.006643
221 FPGA_VCCAUX_MON 0.012195 3.281250 0.039837 FPGA_VCCINT_MON 0.006194 1.093750 0.006643
222 FPGA_VCCAUX_MON 0.012195 3.281250 0.039837 FPGA_VCCINT_MON 0.006194 1.093750 0.006643
223 FPGA_VCCAUX_MON 0.012195 3.281250 0.039837 FPGA_VCCINT_MON 0.006194 1.093750 0.006643
224 FPGA_VCCAUX_MON 0.012195 3.281250 0.039837 FPGA_VCCINT_MON 0.006194 1.093750 0.006643
225 FPGA_VCCAUX_MON 0.012195 3.281250 0.039837 FPGA_VCCINT_MON 0.006194 1.093750 0.006643
226 FPGA_VCCAUX_MON 0.012195 3.281250 0.039837 FPGA_VCCINT_MON 0.006194 1.093750 0.006643
227 FPGA_VCCAUX_MON 0.012195 3.281250 0.039837 FPGA_VCCINT_MON 0.006194 1.093750 0.006643
228 FPGA_VCCAUX_MON 0.012195 3.281250 0.039837 FPGA_VCCINT_MON 0.006194 1.093750 0.006643
229 FPGA_VCCAUX_MON 0.012195 3.281250 0.039837 FPGA_VCCINT_MON 0.006194 1.093750 0.006643
230 FPGA_VCCAUX_MON 0.012195 3.281250 0.039837 FPGA_VCCINT_MON 0.006194 1.093750 0.006643
231 FPGA_VCCAUX_MON 0.012195 3.281250 0.039837 FPGA_VCCINT_MON 0.006194 1.093750 0.006643
232 FPGA_VCCAUX_MON 0.012195 3.281250 0.039837 FPGA_VCCINT_MON 0.006194 1.093750 0.006643
233 FPGA_VCCAUX_MON 0.012195 3.281250 0.039837 FPGA_VCCINT_MON 0.006194 1.093750 0.006643
234 FPGA_VCCAUX_MON 0.012195 3.281250 0.039837 FPGA_VCCINT_MON 0.006194 1.093750 0.006643
235 FPGA_VCCAUX_MON 0.012195 3.281250 0.039837 FPGA_VCCINT_MON 0.006194 1.093750 0.006643
236 FPGA_VCCAUX_MON 0.012195 3.281250 0.039837 FPGA_VCCINT_MON 0.006194 1.093750 0.006643
237 FPGA_VCCAUX_MON 0.012195 3.281250 0.039837 FPGA_VCCINT_MON 0.006194 1.093750 0.006643
238 FPGA_VCCAUX_MON 0.012195 3.281250 0.039837 FPGA_VCCINT_MON 0.006194 1.093750 0.006643
239 FPGA_VCCAUX_MON 0.012195 3.281250 0.039837 FPGA_VCCINT_MON 0.006194 1.093750 0.006643
240 FPGA_VCCAUX_MON 0.012195 3.281250 0.039837 FPGA_VCCINT_MON 0.006194 1.093750 0.006643
241 FPGA_VCCAUX_MON 0.012195 3.281250 0.039837 FPGA_VCCINT_MON 0.006194 1.093750 0.006643
242 FPGA_VCCAUX_MON 0.012195 3.281250 0.039837 FPGA_VCCINT_MON 0.006194 1.093750 0.006643
243 FPGA_VCCAUX_MON 0.012195 3.281250 0.039837 FPGA_VCCINT_MON 0.006194 1.093750 0.006643
244 FPGA_VCCAUX_MON 0.012195 3.281250 0.039837 FPGA_VCCINT_MON 0.006194 1.093750 0.006643
245 FPGA_VCCAUX_MON 0.012195 3.281250 0.039837 FPGA_VCCINT_MON 0.006194 1.093750 0.006643
246 FPGA_VCCAUX_MON 0.012195 3.281250 0.039837 FPGA_VCCINT_MON 0.006194 1.093750 0.006643
247 FPGA_VCCAUX_MON 0.012195 3.281250 0.039837 FPGA_VCCINT_MON 0.006194 1.093750 0.006643
248 FPGA_VCCAUX_MON 0.012195 3.281250 0.039837 FPGA_VCCINT_MON 0.006194 1.093750 0.006643
249 FPGA_VCCAUX_MON 0.012195 3.281250 0.039837 FPGA_VCCINT_MON 0.006194 1.093750 0.006643
250 FPGA_VCCAUX_MON 0.012195 3.281250 0.039837 FPGA_VCCINT_MON 0.006194 1.093750 0.006643
251 FPGA_VCCAUX_MON 0.012195 3.281250 0.039837 FPGA_VCCINT_MON 0.006194 1.093750 0.006643
252 FPGA_VCCAUX_MON 0.012195 3.281250 0.039837 FPGA_VCCINT_MON 0.006194 1.093750 0.006643
253 FPGA_VCCAUX_MON 0.012195 3.281250 0.039837 FPGA_VCCINT_MON 0.006194 1.093750 0.006643
254 FPGA_VCCAUX_MON 0.012195 3.281250 0.039837 FPGA_VCCINT_MON 0.006194 1.093750 0.006643
255 FPGA_VCCAUX_MON 0.012195 3.281250 0.039837 FPGA_VCCINT_MON 0.006194 1.093750 0.006643
256 FPGA_VCCAUX_MON 0.012195 3.281250 0.039837 FPGA_VCCINT_MON 0.006194 1.093750 0.006643
257 FPGA_VCCAUX_MON 0.012195 3.281250 0.039837 FPGA_VCCINT_MON 0.006194 1.093750 0.006643
258 FPGA_VCCAUX_MON 0.012195 3.281250 0.039837 FPGA_VCCINT_MON 0.006194 1.093750 0.006643
259 FPGA_VCCAUX_MON 0.012195 3.281250 0.039837 FPGA_VCCINT_MON 0.006194 1.093750 0.006643
260 FPGA_VCCAUX_MON 0.012195 3.281250 0.039837 FPGA_VCCINT_MON 0.006194 1.093750 0.006643
261 FPGA_VCCAUX_MON 0.012195 3.281250 0.039837 FPGA_VCCINT_MON 0.006194 1.093750 0.006643
262 FPGA_VCCAUX_MON 0.012195 3.281250 0.039837 FPGA_VCCINT_MON 0.006194 1.093750 0.006643
263 FPGA_VCCAUX_MON 0.012195 3.281250 0.039837 FPGA_VCCINT_MON 0.006194 1.093750 0.006643
264 FPGA_VCCAUX_MON 0.012195 3.281250 0.039837 FPGA_VCCINT_MON 0.006194 1.093750 0.006643
265 FPGA_VCCAUX_MON 0.012195 3.281250 0.039837 FPGA_VCCINT_MON 0.006194 1.093750 0.006643
266 FPGA_VCCAUX_MON 0.012195 3.281250 0.039837 FPGA_VCCINT_MON 0.006194 1.093750 0.006643
267 FPGA_VCCAUX_MON 0.012195 3.281250 0.039837 FPGA_VCCINT_MON 0.006194 1.093750 0.006643
268 FPGA_VCCAUX_MON 0.012195 3.281250 0.039837 FPGA_VCCINT_MON 0.006194 1.093750 0.006643
269 FPGA_VCCAUX_MON 0.012195 3.281250 0.039837 FPGA_VCCINT_MON 0.006194 1.093750 0.006643
270 FPGA_VCCAUX_MON 0.012195 3.281250 0.039837 FPGA_VCCINT_MON 0.006194 1.093750 0.006643
271 FPGA_VCCAUX_MON 0.012195 3.281250 0.039837 FPGA_VCCINT_MON 0.006194 1.093750 0.006643
272 FPGA_VCCAUX_MON 0.012195 3.281250 0.039837 FPGA_VCCINT_MON 0.006194 1.093750 0.006643
273 FPGA_VCCAUX_MON 0.012195 3.281250 0.039837 FPGA_VCCINT_MON 0.006194 1.093750 0.006643
274 FPGA_VCCAUX_MON 0.012195 3.281250 0.039837 FPGA_VCCINT_MON 0.006194 1.093750 0.006643
275 FPGA_VCCAUX_MON 0.012195 3.281250 0.039837 FPGA_VCCINT_MON 0.006194 1.093750 0.006643
276 FPGA_VCCAUX_MON 0.012195 3.281250 0.039837 FPGA_VCCINT_MON 0.006194 1.093750 0.006643
277 FPGA_VCCAUX_MON 0.012195 3.281250 0.039837 FPGA_VCCINT_MON 0.006194 1.093750 0.006643
278 FPGA_VCCAUX_MON 0.012195 3.281250 0.039837 FPGA_VCCINT_MON 0.006194 1.093750 0.006643
279 FPGA_VCCAUX_MON 0.012195 3.281250 0.039837 FPGA_VCCINT_MON 0.006194 1.093750 0.006643
280 FPGA_VCCAUX_MON 0.012195 3.281250 0.039837 FPGA_VCCINT_MON 0.006194 1.093750 0.006643
281 FPGA_VCCAUX_MON 0.012195 3.281250 0.039837 FPGA_VCCINT_MON 0.006194 1.093750 0.006643
282 FPGA_VCCAUX_MON 0.012195 3.281250 0.039837 FPGA_VCCINT_MON 0.006194 1.093750 0.006643
283 FPGA_VCCAUX_MON 0.012195 3.281250 0.039837 FPGA_VCCINT_MON 0.006194 1.093750 0.006643
284 FPGA_VCCAUX_MON 0.012195 3.281250 0.039837 FPGA_VCCINT_MON 0.006194 1.093750 0.006643
285 FPGA_VCCAUX_MON 0.012195 3.281250 0.039837 FPGA_VCCINT_MON 0.006194 1.093750 0.006643
286 FPGA_VCCAUX_MON 0.012195 3.281250 0.039837 FPGA_VCCINT_MON 0.006194 1.093750 0.006643
287 FPGA_VCCAUX_MON 0.012195 3.281250 0.039837 FPGA_VCCINT_MON 0.006194 1.093750 0.006643
