13 1 FPGA_VCCAUX 0.012678 3.300781 0.041782 FPGA_VCCINT 0.006196 1.191406 0.007321
727 2 FPGA_VCCAUX 0.012678 3.300781 0.041782 FPGA_VCCINT 0.006196 1.191406 0.007321
1520 3 FPGA_VCCAUX 0.012678 3.300781 0.041782 FPGA_VCCINT 0.006196 1.191406 0.007321
2312 4 FPGA_VCCAUX 0.024736 3.300781 0.081540 FPGA_VCCINT 0.006529 1.191406 0.007737
3108 5 FPGA_VCCAUX 0.018635 3.300781 0.061423 FPGA_VCCINT 0.006244 1.191406 0.007380
3901 6 FPGA_VCCAUX 0.012678 3.300781 0.041782 FPGA_VCCINT 0.006244 1.191406 0.007380
4693 7 FPGA_VCCAUX 0.012678 3.300781 0.041782 FPGA_VCCINT 0.006196 1.191406 0.007321
5489 8 FPGA_VCCAUX 0.012678 3.300781 0.041782 FPGA_VCCINT 0.006196 1.191406 0.007321
6914 9 FPGA_VCCAUX 0.012678 3.300781 0.041782 FPGA_VCCINT 0.006196 1.191406 0.007321
7707 10 FPGA_VCCAUX 0.012678 3.300781 0.041782 FPGA_VCCINT 0.006196 1.191406 0.007321
8500 11 FPGA_VCCAUX 0.012678 3.300781 0.041782 FPGA_VCCINT 0.006196 1.191406 0.007321
9296 12 FPGA_VCCAUX 0.012678 3.300781 0.041782 FPGA_VCCINT 0.006196 1.191406 0.007321
10089 13 FPGA_VCCAUX 0.012678 3.300781 0.041782 FPGA_VCCINT 0.006196 1.191406 0.007321
10882 14 FPGA_VCCAUX 0.012678 3.300781 0.041782 FPGA_VCCINT 0.006196 1.191406 0.007321
11678 15 FPGA_VCCAUX 0.012678 3.300781 0.041782 FPGA_VCCINT 0.006196 1.191406 0.007321
12471 16 FPGA_VCCAUX 0.012678 3.300781 0.041782 FPGA_VCCINT 0.006196 1.191406 0.007321
13265 17 FPGA_VCCAUX 0.012678 3.300781 0.041782 FPGA_VCCINT 0.006196 1.191406 0.007321
14690 18 FPGA_VCCAUX 0.012678 3.300781 0.041782 FPGA_VCCINT 0.006196 1.191406 0.007321
