1 FPGA_VCCAUX_MON 0.012195 3.281250 0.039837 FPGA_VCCINT_MON 0.005614 1.093750 0.006020
2 FPGA_VCCAUX_MON 0.012195 3.281250 0.039837 FPGA_VCCINT_MON 0.005614 1.093750 0.006020
3 FPGA_VCCAUX_MON 0.012195 3.281250 0.039837 FPGA_VCCINT_MON 0.006194 1.093750 0.006643
4 FPGA_VCCAUX_MON 0.012195 3.281250 0.039837 FPGA_VCCINT_MON 0.006581 1.093750 0.007058
5 FPGA_VCCAUX_MON 0.012195 3.281250 0.039837 FPGA_VCCINT_MON 0.006001 1.093750 0.006436
6 FPGA_VCCAUX_MON 0.012195 3.281250 0.039837 FPGA_VCCINT_MON 0.006001 1.093750 0.006436
7 FPGA_VCCAUX_MON 0.012195 3.281250 0.039837 FPGA_VCCINT_MON 0.006001 1.093750 0.006436
8 FPGA_VCCAUX_MON 0.012195 3.281250 0.039837 FPGA_VCCINT_MON 0.006001 1.093750 0.006436
9 FPGA_VCCAUX_MON 0.012195 3.281250 0.039837 FPGA_VCCINT_MON 0.006001 1.093750 0.006436
10 FPGA_VCCAUX_MON 0.012195 3.281250 0.039837 FPGA_VCCINT_MON 0.006001 1.093750 0.006436
11 FPGA_VCCAUX_MON 0.012195 3.281250 0.039837 FPGA_VCCINT_MON 0.006001 1.093750 0.006436
12 FPGA_VCCAUX_MON 0.012195 3.281250 0.039837 FPGA_VCCINT_MON 0.006001 1.093750 0.006436
13 FPGA_VCCAUX_MON 0.012195 3.281250 0.039837 FPGA_VCCINT_MON 0.006001 1.093750 0.006436
14 FPGA_VCCAUX_MON 0.012195 3.281250 0.039837 FPGA_VCCINT_MON 0.006001 1.093750 0.006436
15 FPGA_VCCAUX_MON 0.012195 3.281250 0.039837 FPGA_VCCINT_MON 0.006001 1.093750 0.006436
16 FPGA_VCCAUX_MON 0.012195 3.281250 0.039837 FPGA_VCCINT_MON 0.006194 1.093750 0.006643
17 FPGA_VCCAUX_MON 0.012195 3.281250 0.039837 FPGA_VCCINT_MON 0.006194 1.093750 0.006643
18 FPGA_VCCAUX_MON 0.012195 3.281250 0.039837 FPGA_VCCINT_MON 0.006194 1.093750 0.006643
19 FPGA_VCCAUX_MON 0.012195 3.281250 0.039837 FPGA_VCCINT_MON 0.005033 1.093750 0.005398
20 FPGA_VCCAUX_MON 0.012195 3.281250 0.039837 FPGA_VCCINT_MON 0.005420 1.093750 0.005813
21 FPGA_VCCAUX_MON 0.012195 3.281250 0.039837 FPGA_VCCINT_MON 0.005614 1.093750 0.006020
22 FPGA_VCCAUX_MON 0.012195 3.281250 0.039837 FPGA_VCCINT_MON 0.005614 1.093750 0.006020
23 FPGA_VCCAUX_MON 0.012195 3.281250 0.039837 FPGA_VCCINT_MON 0.005614 1.093750 0.006020
24 FPGA_VCCAUX_MON 0.012195 3.281250 0.039837 FPGA_VCCINT_MON 0.005614 1.093750 0.006020
25 FPGA_VCCAUX_MON 0.012195 3.281250 0.039837 FPGA_VCCINT_MON 0.005614 1.093750 0.006020
26 FPGA_VCCAUX_MON 0.012195 3.281250 0.039837 FPGA_VCCINT_MON 0.005614 1.093750 0.006020
27 FPGA_VCCAUX_MON 0.012195 3.281250 0.039837 FPGA_VCCINT_MON 0.005614 1.093750 0.006020
28 FPGA_VCCAUX_MON 0.012195 3.281250 0.039837 FPGA_VCCINT_MON 0.005614 1.093750 0.006020
29 FPGA_VCCAUX_MON 0.012195 3.281250 0.039837 FPGA_VCCINT_MON 0.005614 1.093750 0.006020
30 