13 1 FPGA_VCCAUX 0.013163 3.281250 0.042351 FPGA_VCCINT 0.006581 1.093750 0.007058
47 2 FPGA_VCCAUX 0.013163 3.281250 0.042351 FPGA_VCCINT 0.006581 1.093750 0.007058
81 3 FPGA_VCCAUX 0.013163 3.281250 0.042351 FPGA_VCCINT 0.006581 1.093750 0.007058
123 4 FPGA_VCCAUX 0.013163 3.281250 0.042351 FPGA_VCCINT 0.006581 1.093750 0.007058
228 5 FPGA_VCCAUX 0.013163 3.281250 0.042351 FPGA_VCCINT 0.006581 1.093750 0.007058
280 6 FPGA_VCCAUX 0.013163 3.281250 0.042351 FPGA_VCCINT 0.006581 1.093750 0.007058
330 7 FPGA_VCCAUX 0.013163 3.281250 0.042351 FPGA_VCCINT 0.006581 1.093750 0.007058
383 8 FPGA_VCCAUX 0.013163 3.281250 0.042351 FPGA_VCCINT 0.006581 1.093750 0.007058
435 9 FPGA_VCCAUX 0.013163 3.281250 0.042351 FPGA_VCCINT 0.006581 1.093750 0.007058
488 10 FPGA_VCCAUX 0.013163 3.281250 0.042351 FPGA_VCCINT 0.006581 1.093750 0.007058
540 11 FPGA_VCCAUX 0.013163 3.281250 0.042351 FPGA_VCCINT 0.006581 1.093750 0.007058
593 12 FPGA_VCCAUX 0.013163 3.281250 0.042351 FPGA_VCCINT 0.006581 1.093750 0.007058
646 13 FPGA_VCCAUX 0.013163 3.281250 0.042351 FPGA_VCCINT 0.006581 1.093750 0.007058
699 14 FPGA_VCCAUX 0.013163 3.281250 0.042351 FPGA_VCCINT 0.006581 1.093750 0.007058
751 15 FPGA_VCCAUX 0.013163 3.281250 0.042351 FPGA_VCCINT 0.006581 1.093750 0.007058
804 16 FPGA_VCCAUX 0.013163 3.281250 0.042351 FPGA_VCCINT 0.006581 1.093750 0.007058
857 17 FPGA_VCCAUX 0.012389 3.281250 0.039860 FPGA_VCCINT 0.006581 1.093750 0.007058
910 18 FPGA_VCCAUX 0.013163 3.281250 0.042351 FPGA_VCCINT 0.006581 1.093750 0.007058
960 19 FPGA_VCCAUX 0.013163 3.281250 0.042351 FPGA_VCCINT 0.006581 1.093750 0.007058
1012 20 FPGA_VCCAUX 0.013163 3.281250 0.042351 FPGA_VCCINT 0.006581 1.093750 0.007058
1065 21 FPGA_VCCAUX 0.013163 3.281250 0.042351 FPGA_VCCINT 0.006581 1.093750 0.007058
1118 22 FPGA_VCCAUX 0.013163 3.281250 0.042351 FPGA_VCCINT 0.006581 1.093750 0.007058
1171 23 FPGA_VCCAUX 0.013163 3.281250 0.042351 FPGA_VCCINT 0.006581 1.093750 0.007058
1224 24 FPGA_VCCAUX 0.013163 3.281250 0.042351 FPGA_VCCINT 0.006581 1.093750 0.007058
1275 25 FPGA_VCCAUX 0.013163 3.281250 0.042351 FPGA_VCCINT 0.006581 1.093750 0.007058
1328 26 FPGA_VCCAUX 0.013163 3.281250 0.042351 FPGA_VCCINT 0.006581 1.093750 0.007058
1381 27 FPGA_VCCAUX 0.013163 3.281250 0.042351 FPGA_VCCINT 0.006581 1.093750 0.007058
1433 28 FPGA_VCCAUX 0.013163 3.281250 0.042351 FPGA_VCCINT 0.006581 1.093750 0.007058
1486 29 FPGA_VCCAUX 0.013163 3.281250 0.042351 FPGA_VCCINT 0.006581 1.093750 0.007058
1537 30 FPGA_VCCAUX 0.013163 3.281250 0.042351 FPGA_VCCINT 0.006581 1.093750 0.007058
1590 31 FPGA_VCCAUX 0.013163 3.281250 0.042351 FPGA_VCCINT 0.006581 1.093750 0.007058
1643 32 FPGA_VCCAUX 0.013163 3.281250 0.042351 FPGA_VCCINT 0.006581 1.093750 0.007058
1696 33 FPGA_VCCAUX 0.013163 3.281250 0.042351 FPGA_VCCINT 0.006581 1.093750 0.007058
1749 34 FPGA_VCCAUX 0.013163 3.281250 0.042351 FPGA_VCCINT 0.006581 1.093750 0.007058
1799 35 FPGA_VCCAUX 0.017809 3.281250 0.057298 FPGA_VCCINT 0.007356 1.093750 0.007889
1853 36 FPGA_VCCAUX 0.016260 3.281250 0.052316 FPGA_VCCINT 0.007356 1.093750 0.007889
1906 37 FPGA_VCCAUX 0.031746 3.281250 0.102140 FPGA_VCCINT 0.006969 1.093750 0.007474
1957 38 FPGA_VCCAUX 0.031746 3.281250 0.102140 FPGA_VCCINT 0.007162 1.093750 0.007681
2010 39 FPGA_VCCAUX 0.031746 3.281250 0.102140 FPGA_VCCINT 0.006969 1.093750 0.007474
2063 40 FPGA_VCCAUX 0.031746 3.281250 0.102140 FPGA_VCCINT 0.006775 1.093750 0.007266
2116 41 FPGA_VCCAUX 0.031746 3.281250 0.102140 FPGA_VCCINT 0.006969 1.093750 0.007474
2166 42 FPGA_VCCAUX 0.031746 3.281250 0.102140 FPGA_VCCINT 0.006969 1.093750 0.007474
2219 43 FPGA_VCCAUX 0.031746 3.281250 0.102140 FPGA_VCCINT 0.006775 1.093750 0.007266
2272 44 FPGA_VCCAUX 0.030972 3.281250 0.099649 FPGA_VCCINT 0.006775 1.093750 0.007266
2326 45 FPGA_VCCAUX 0.031746 3.281250 0.102140 FPGA_VCCINT 0.006775 1.093750 0.007266
2379 46 FPGA_VCCAUX 0.031746 3.281250 0.102140 FPGA_VCCINT 0.006775 1.093750 0.007266
2429 47 FPGA_VCCAUX 0.031746 3.281250 0.102140 FPGA_VCCINT 0.006775 1.093750 0.007266
2482 48 FPGA_VCCAUX 0.030972 3.281250 0.099649 FPGA_VCCINT 0.006969 1.093750 0.007474
2535 49 FPGA_VCCAUX 0.030972 3.281250 0.099649 FPGA_VCCINT 0.006969 1.093750 0.007474
2639 50 FPGA_VCCAUX 0.012389 3.281250 0.039860 FPGA_VCCINT 0.006001 1.093750 0.006436
2692 51 FPGA_VCCAUX 0.013163 3.281250 0.042351 FPGA_VCCINT 0.006001 1.093750 0.006436
2745 52 FPGA_VCCAUX 0.013163 3.281250 0.042351 FPGA_VCCINT 0.006581 1.093750 0.007058
2798 53 FPGA_VCCAUX 0.013163 3.281250 0.042351 FPGA_VCCINT 0.006581 1.093750 0.007058
2851 54 FPGA_VCCAUX 0.013163 3.281250 0.042351 FPGA_VCCINT 0.006581 1.093750 0.007058
2901 55 FPGA_VCCAUX 0.013163 3.281250 0.042351 FPGA_VCCINT 0.006581 1.093750 0.007058
2954 56 FPGA_VCCAUX 0.013163 3.281250 0.042351 FPGA_VCCINT 0.006581 1.093750 0.007058
3007 57 FPGA_VCCAUX 0.013163 3.281250 0.042351 FPGA_VCCINT 0.006581 1.093750 0.007058
3060 58 FPGA_VCCAUX 0.013163 3.281250 0.042351 FPGA_VCCINT 0.006581 1.093750 0.007058
3113 59 FPGA_VCCAUX 0.013163 3.281250 0.042351 FPGA_VCCINT 0.006581 1.093750 0.007058
3163 60 FPGA_VCCAUX 0.013163 3.281250 0.042351 FPGA_VCCINT 0.006581 1.093750 0.007058
3216 61 FPGA_VCCAUX 0.013163 3.281250 0.042351 FPGA_VCCINT 0.006581 1.093750 0.007058
3269 62 FPGA_VCCAUX 0.013163 3.281250 0.042351 FPGA_VCCINT 0.006581 1.093750 0.007058
3322 63 FPGA_VCCAUX 0.013163 3.281250 0.042351 FPGA_VCCINT 0.006581 1.093750 0.007058
3375 64 FPGA_VCCAUX 0.013163 3.281250 0.042351 FPGA_VCCINT 0.006581 1.093750 0.007058
3426 65 FPGA_VCCAUX 0.013163 3.281250 0.042351 FPGA_VCCINT 0.006581 1.093750 0.007058
3479 66 FPGA_VCCAUX 0.013163 3.281250 0.042351 FPGA_VCCINT 0.006581 1.093750 0.007058
3532 67 FPGA_VCCAUX 0.013163 3.281250 0.042351 FPGA_VCCINT 0.006581 1.093750 0.007058
3585 68 FPGA_VCCAUX 0.013163 3.281250 0.042351 FPGA_VCCINT 0.006581 1.093750 0.007058
3638 69 FPGA_VCCAUX 0.013163 3.281250 0.042351 FPGA_VCCINT 0.006581 1.093750 0.007058
3688 70 FPGA_VCCAUX 0.013163 3.281250 0.042351 FPGA_VCCINT 0.006581 1.093750 0.007058
3741 71 FPGA_VCCAUX 0.013163 3.281250 0.042351 FPGA_VCCINT 0.006581 1.093750 0.007058
3794 72 FPGA_VCCAUX 0.013163 3.281250 0.042351 FPGA_VCCINT 0.006581 1.093750 0.007058
3847 73 FPGA_VCCAUX 0.013163 3.281250 0.042351 FPGA_VCCINT 0.006581 1.093750 0.007058
3898 74 FPGA_VCCAUX 0.013163 3.281250 0.042351 FPGA_VCCINT 0.006581 1.093750 0.007058
