13 1 FPGA_VCCAUX 0.012195 3.281250 0.039837 FPGA_VCCINT 0.006194 1.250000 0.007592
49 2 FPGA_VCCAUX 0.012195 3.281250 0.039837 FPGA_VCCINT 0.006194 1.250000 0.007592
101 3 FPGA_VCCAUX 0.012195 3.281250 0.039837 FPGA_VCCINT 0.006194 1.250000 0.007592
154 4 FPGA_VCCAUX 0.012195 3.281250 0.039837 FPGA_VCCINT 0.006194 1.250000 0.007592
209 5 FPGA_VCCAUX 0.012195 3.281250 0.039837 FPGA_VCCINT 0.006194 1.093750 0.006643
261 6 FPGA_VCCAUX 0.012195 3.281250 0.039837 FPGA_VCCINT 0.006194 1.093750 0.006643
314 7 FPGA_VCCAUX 0.012195 3.281250 0.039837 FPGA_VCCINT 0.006194 1.093750 0.006643
366 8 FPGA_VCCAUX 0.012195 3.281250 0.039837 FPGA_VCCINT 0.006194 1.093750 0.006643
419 9 FPGA_VCCAUX 0.012195 3.281250 0.039837 FPGA_VCCINT 0.006194 1.093750 0.006643
471 10 FPGA_VCCAUX 0.012195 3.281250 0.039837 FPGA_VCCINT 0.006194 1.250000 0.007592
524 11 FPGA_VCCAUX 0.012195 3.281250 0.039837 FPGA_VCCINT 0.006194 1.093750 0.006643
574 12 FPGA_VCCAUX 0.012195 3.281250 0.039837 FPGA_VCCINT 0.006194 1.093750 0.006643
627 13 FPGA_VCCAUX 0.012195 3.281250 0.039837 FPGA_VCCINT 0.006194 1.093750 0.006643
679 14 FPGA_VCCAUX 0.012195 3.281250 0.039837 FPGA_VCCINT 0.006194 1.093750 0.006643
732 15 FPGA_VCCAUX 0.012195 3.281250 0.039837 FPGA_VCCINT 0.006194 1.093750 0.006643
785 16 FPGA_VCCAUX 0.012195 3.281250 0.039837 FPGA_VCCINT 0.006194 1.093750 0.006643
838 17 FPGA_VCCAUX 0.012195 3.281250 0.039837 FPGA_VCCINT 0.006194 1.093750 0.006643
890 18 FPGA_VCCAUX 0.012195 3.281250 0.039837 FPGA_VCCINT 0.006194 1.250000 0.007592
943 19 FPGA_VCCAUX 0.012195 3.281250 0.039837 FPGA_VCCINT 0.006194 1.093750 0.006643
996 20 FPGA_VCCAUX 0.012195 3.281250 0.039837 FPGA_VCCINT 0.006194 1.093750 0.006643
1048 21 FPGA_VCCAUX 0.012195 3.281250 0.039837 FPGA_VCCINT 0.006194 1.093750 0.006643
1154 22 FPGA_VCCAUX 0.012195 3.281250 0.039837 FPGA_VCCINT 0.006194 1.093750 0.006643
1204 23 FPGA_VCCAUX 0.012195 3.281250 0.039837 FPGA_VCCINT 0.006194 1.093750 0.006643
1257 24 FPGA_VCCAUX 0.012195 3.281250 0.039837 FPGA_VCCINT 0.006194 1.093750 0.006643
1310 25 FPGA_VCCAUX 0.012195 3.281250 0.039837 FPGA_VCCINT 0.006194 1.093750 0.006643
1363 26 FPGA_VCCAUX 0.012195 3.281250 0.039837 FPGA_VCCINT 0.006194 1.093750 0.006643
1416 27 FPGA_VCCAUX 0.012195 3.281250 0.039837 FPGA_VCCINT 0.006194 1.093750 0.006643
1466 28 FPGA_VCCAUX 0.012195 3.281250 0.039837 FPGA_VCCINT 0.006194 1.093750 0.006643
1519 29 FPGA_VCCAUX 0.012195 3.281250 0.039837 FPGA_VCCINT 0.006194 1.093750 0.006643
1572 30 FPGA_VCCAUX 0.012195 3.281250 0.039837 FPGA_VCCINT 0.006194 1.093750 0.006643
1625 31 FPGA_VCCAUX 0.012195 3.281250 0.039837 FPGA_VCCINT 0.006194 1.093750 0.006643
1679 32 FPGA_VCCAUX 0.012195 3.281250 0.039837 FPGA_VCCINT 0.006194 1.250000 0.007592
1729 33 FPGA_VCCAUX 0.012195 3.281250 0.039837 FPGA_VCCINT 0.006969 1.250000 0.008541
1782 34 FPGA_VCCAUX 0.012195 3.281250 0.039837 FPGA_VCCINT 0.006969 1.250000 0.008541
1835 35 FPGA_VCCAUX 0.012195 3.281250 0.039837 FPGA_VCCINT 0.006969 1.250000 0.008541
1886 36 FPGA_VCCAUX 0.012195 3.281250 0.039837 FPGA_VCCINT 0.006969 1.250000 0.008541
1939 37 FPGA_VCCAUX 0.012195 3.281250 0.039837 FPGA_VCCINT 0.006969 1.250000 0.008541
1992 38 FPGA_VCCAUX 0.012195 3.281250 0.039837 FPGA_VCCINT 0.006969 1.250000 0.008541
2046 39 FPGA_VCCAUX 0.012195 3.281250 0.039837 FPGA_VCCINT 0.006969 1.250000 0.008541
2123 40 FPGA_VCCAUX 0.012195 3.281250 0.039837 FPGA_VCCINT 0.006969 1.093750 0.007474
2176 41 FPGA_VCCAUX 0.012195 3.281250 0.039837 FPGA_VCCINT 0.006969 1.093750 0.007474
2229 42 FPGA_VCCAUX 0.012195 3.281250 0.039837 FPGA_VCCINT 0.006969 1.093750 0.007474
2282 43 FPGA_VCCAUX 0.012195 3.281250 0.039837 FPGA_VCCINT 0.006969 1.093750 0.007474
2385 44 FPGA_VCCAUX 0.012195 3.281250 0.039837 FPGA_VCCINT 0.006969 1.093750 0.007474
2438 45 FPGA_VCCAUX 0.012195 3.281250 0.039837 FPGA_VCCINT 0.006969 1.250000 0.008541
2491 46 FPGA_VCCAUX 0.012195 3.281250 0.039837 FPGA_VCCINT 0.006969 1.250000 0.008541
2545 47 FPGA_VCCAUX 0.012195 3.281250 0.039837 FPGA_VCCINT 0.006969 1.250000 0.008541
2595 48 FPGA_VCCAUX 0.012195 3.281250 0.039837 FPGA_VCCINT 0.006194 1.093750 0.006643
2648 49 FPGA_VCCAUX 0.012195 3.281250 0.039837 FPGA_VCCINT 0.006194 1.093750 0.006643
2701 50 FPGA_VCCAUX 0.012195 3.281250 0.039837 FPGA_VCCINT 0.006194 1.093750 0.006643
2755 51 FPGA_VCCAUX 0.012195 3.281250 0.039837 FPGA_VCCINT 0.006194 1.093750 0.006643
2805 52 FPGA_VCCAUX 0.012195 3.281250 0.039837 FPGA_VCCINT 0.006194 1.093750 0.006643
2858 53 FPGA_VCCAUX 0.012195 3.281250 0.039837 FPGA_VCCINT 0.006194 1.093750 0.006643
2911 54 FPGA_VCCAUX 0.012195 3.281250 0.039837 FPGA_VCCINT 0.006194 1.250000 0.007592
2965 55 FPGA_VCCAUX 0.012195 3.281250 0.039837 FPGA_VCCINT 0.006194 1.250000 0.007592
3015 56 FPGA_VCCAUX 0.012195 3.281250 0.039837 FPGA_VCCINT 0.006194 1.250000 0.007592
3068 57 FPGA_VCCAUX 0.012195 3.281250 0.039837 FPGA_VCCINT 0.006194 1.093750 0.006643
3121 58 FPGA_VCCAUX 0.012195 3.281250 0.039837 FPGA_VCCINT 0.006194 1.093750 0.006643
3174 59 FPGA_VCCAUX 0.012195 3.281250 0.039837 FPGA_VCCINT 0.006194 1.093750 0.006643
3225 60 FPGA_VCCAUX 0.012195 3.281250 0.039837 FPGA_VCCINT 0.006194 1.093750 0.006643
3278 61 FPGA_VCCAUX 0.012195 3.281250 0.039837 FPGA_VCCINT 0.006194 1.093750 0.006643
3331 62 FPGA_VCCAUX 0.012195 3.281250 0.039837 FPGA_VCCINT 0.006194 1.093750 0.006643
3384 63 FPGA_VCCAUX 0.012195 3.281250 0.039837 FPGA_VCCINT 0.006194 1.093750 0.006643
3437 64 FPGA_VCCAUX 0.012195 3.281250 0.039837 FPGA_VCCINT 0.006194 1.093750 0.006643
3488 65 FPGA_VCCAUX 0.012195 3.281250 0.039837 FPGA_VCCINT 0.006194 1.093750 0.006643
3541 66 FPGA_VCCAUX 0.012195 3.281250 0.039837 FPGA_VCCINT 0.006194 1.250000 0.007592
3594 67 FPGA_VCCAUX 0.012195 3.281250 0.039837 FPGA_VCCINT 0.006194 1.250000 0.007592
3647 68 FPGA_VCCAUX 0.012195 3.281250 0.039837 FPGA_VCCINT 0.006194 1.250000 0.007592
3698 69 FPGA_VCCAUX 0.012195 3.281250 0.039837 FPGA_VCCINT 0.006194 1.250000 0.007592
3750 70 FPGA_VCCAUX 0.012195 3.281250 0.039837 FPGA_VCCINT 0.006194 1.250000 0.007592
3803 71 FPGA_VCCAUX 0.012195 3.281250 0.039837 FPGA_VCCINT 0.006194 1.250000 0.007592
3856 72 