14 1 FPGA_VCCAUX 0.013163 3.281250 0.042351 FPGA_VCCINT 0.006581 1.093750 0.007058
48 2 FPGA_VCCAUX 0.013163 3.281250 0.042351 FPGA_VCCINT 0.006581 1.093750 0.007058
81 3 FPGA_VCCAUX 0.013163 3.281250 0.042351 FPGA_VCCINT 0.006581 1.093750 0.007058
128 4 FPGA_VCCAUX 0.013163 3.281250 0.042351 FPGA_VCCINT 0.006581 1.093750 0.007058
181 5 FPGA_VCCAUX 0.013163 3.281250 0.042351 FPGA_VCCINT 0.006581 1.093750 0.007058
233 6 FPGA_VCCAUX 0.013163 3.281250 0.042351 FPGA_VCCINT 0.006581 1.093750 0.007058
286 7 FPGA_VCCAUX 0.013163 3.281250 0.042351 FPGA_VCCINT 0.006581 1.093750 0.007058
338 8 FPGA_VCCAUX 0.013163 3.281250 0.042351 FPGA_VCCINT 0.006581 1.093750 0.007058
390 9 FPGA_VCCAUX 0.013163 3.281250 0.042351 FPGA_VCCINT 0.006581 1.093750 0.007058
443 10 FPGA_VCCAUX 0.013163 3.281250 0.042351 FPGA_VCCINT 0.006581 1.093750 0.007058
496 11 FPGA_VCCAUX 0.013163 3.281250 0.042351 FPGA_VCCINT 0.006581 1.093750 0.007058
548 12 FPGA_VCCAUX 0.013163 3.281250 0.042351 FPGA_VCCINT 0.006581 1.093750 0.007058
601 13 FPGA_VCCAUX 0.013163 3.281250 0.042351 FPGA_VCCINT 0.006581 1.093750 0.007058
654 14 FPGA_VCCAUX 0.013163 3.281250 0.042351 FPGA_VCCINT 0.006581 1.093750 0.007058
706 15 FPGA_VCCAUX 0.013163 3.281250 0.042351 FPGA_VCCINT 0.006581 1.093750 0.007058
757 16 FPGA_VCCAUX 0.013163 3.281250 0.042351 FPGA_VCCINT 0.006581 1.093750 0.007058
809 17 FPGA_VCCAUX 0.013163 3.281250 0.042351 FPGA_VCCINT 0.006581 1.093750 0.007058
862 18 FPGA_VCCAUX 0.013163 3.281250 0.042351 FPGA_VCCINT 0.006581 1.093750 0.007058
915 19 FPGA_VCCAUX 0.013163 3.281250 0.042351 FPGA_VCCINT 0.006581 1.093750 0.007058
968 20 FPGA_VCCAUX 0.013163 3.281250 0.042351 FPGA_VCCINT 0.006581 1.093750 0.007058
1020 21 FPGA_VCCAUX 0.013163 3.281250 0.042351 FPGA_VCCINT 0.006581 1.093750 0.007058
1073 22 FPGA_VCCAUX 0.013163 3.281250 0.042351 FPGA_VCCINT 0.006581 1.093750 0.007058
1124 23 FPGA_VCCAUX 0.013163 3.281250 0.042351 FPGA_VCCINT 0.006581 1.093750 0.007058
1177 24 FPGA_VCCAUX 0.013163 3.281250 0.042351 FPGA_VCCINT 0.006581 1.093750 0.007058
1230 25 FPGA_VCCAUX 0.013163 3.281250 0.042351 FPGA_VCCINT 0.006581 1.093750 0.007058
1282 26 FPGA_VCCAUX 0.013163 3.281250 0.042351 FPGA_VCCINT 0.006581 1.093750 0.007058
1335 27 FPGA_VCCAUX 0.013163 3.281250 0.042351 FPGA_VCCINT 0.006581 1.093750 0.007058
1386 28 FPGA_VCCAUX 0.013163 3.281250 0.042351 FPGA_VCCINT 0.006581 1.093750 0.007058
1439 29 FPGA_VCCAUX 0.013163 3.281250 0.042351 FPGA_VCCINT 0.006581 1.093750 0.007058
1492 30 FPGA_VCCAUX 0.013163 3.281250 0.042351 FPGA_VCCINT 0.006581 1.093750 0.007058
1545 31 FPGA_VCCAUX 0.013163 3.281250 0.042351 FPGA_VCCINT 0.006581 1.093750 0.007058
1598 32 FPGA_VCCAUX 0.013163 3.281250 0.042351 FPGA_VCCINT 0.006581 1.093750 0.007058
1648 33 FPGA_VCCAUX 0.013163 3.281250 0.042351 FPGA_VCCINT 0.006581 1.093750 0.007058
1701 34 FPGA_VCCAUX 0.013163 3.281250 0.042351 FPGA_VCCINT 0.006581 1.093750 0.007058
1754 35 FPGA_VCCAUX 0.017034 3.281250 0.054807 FPGA_VCCINT 0.007356 1.093750 0.007889
1808 36 FPGA_VCCAUX 0.020906 3.281250 0.067263 FPGA_VCCINT 0.007162 1.093750 0.007681
1858 37 FPGA_VCCAUX 0.031746 3.281250 0.102140 FPGA_VCCINT 0.006969 1.093750 0.007474
1911 38 FPGA_VCCAUX 0.031746 3.281250 0.102140 FPGA_VCCINT 0.007356 1.093750 0.007889
1965 39 FPGA_VCCAUX 0.031746 3.281250 0.102140 FPGA_VCCINT 0.006969 1.093750 0.007474
2015 40 FPGA_VCCAUX 0.031746 3.281250 0.102140 FPGA_VCCINT 0.006775 1.093750 0.007266
2068 41 FPGA_VCCAUX 0.031746 3.281250 0.102140 FPGA_VCCINT 0.006969 1.093750 0.007474
2121 42 FPGA_VCCAUX 0.031746 3.281250 0.102140 FPGA_VCCINT 0.006969 1.093750 0.007474
2175 43 FPGA_VCCAUX 0.031746 3.281250 0.102140 FPGA_VCCINT 0.006775 1.093750 0.007266
2277 44 FPGA_VCCAUX 0.030972 3.281250 0.099649 FPGA_VCCINT 0.006969 1.093750 0.007474
2331 45 FPGA_VCCAUX 0.030972 3.281250 0.099649 FPGA_VCCINT 0.006775 1.093750 0.007266
2384 46 FPGA_VCCAUX 0.031746 3.281250 0.102140 FPGA_VCCINT 0.006969 1.093750 0.007474
2435 47 FPGA_VCCAUX 0.030972 3.281250 0.099649 FPGA_VCCINT 0.006969 1.093750 0.007474
2488 48 FPGA_VCCAUX 0.030972 3.281250 0.099649 FPGA_VCCINT 0.006969 1.093750 0.007474
2567 49 FPGA_VCCAUX 0.023229 3.281250 0.074737 FPGA_VCCINT 0.006581 1.093750 0.007058
2621 50 FPGA_VCCAUX 0.013163 3.281250 0.042351 FPGA_VCCINT 0.006001 1.093750 0.006436
2671 51 FPGA_VCCAUX 0.013163 3.281250 0.042351 FPGA_VCCINT 0.006581 1.093750 0.007058
2724 52 FPGA_VCCAUX 0.013163 3.281250 0.042351 FPGA_VCCINT 0.006581 1.093750 0.007058
2777 53 FPGA_VCCAUX 0.013163 3.281250 0.042351 FPGA_VCCINT 0.006581 1.093750 0.007058
2830 54 FPGA_VCCAUX 0.013163 3.281250 0.042351 FPGA_VCCINT 0.006581 1.093750 0.007058
2883 55 FPGA_VCCAUX 0.013163 3.281250 0.042351 FPGA_VCCINT 0.006581 1.093750 0.007058
2933 56 FPGA_VCCAUX 0.013163 3.281250 0.042351 FPGA_VCCINT 0.006581 1.093750 0.007058
2986 57 FPGA_VCCAUX 0.013163 3.281250 0.042351 FPGA_VCCINT 0.006581 1.093750 0.007058
3039 58 FPGA_VCCAUX 0.013163 3.281250 0.042351 FPGA_VCCINT 0.006581 1.093750 0.007058
3092 59 FPGA_VCCAUX 0.013163 3.281250 0.042351 FPGA_VCCINT 0.006581 1.093750 0.007058
3143 60 FPGA_VCCAUX 0.013163 3.281250 0.042351 FPGA_VCCINT 0.006581 1.093750 0.007058
3196 61 FPGA_VCCAUX 0.013163 3.281250 0.042351 FPGA_VCCINT 0.006581 1.093750 0.007058
3249 62 FPGA_VCCAUX 0.013163 3.281250 0.042351 FPGA_VCCINT 0.006581 1.093750 0.007058
3302 63 FPGA_VCCAUX 0.013163 3.281250 0.042351 FPGA_VCCINT 0.006581 1.093750 0.007058
3355 64 FPGA_VCCAUX 0.013163 3.281250 0.042351 FPGA_VCCINT 0.006581 1.093750 0.007058
3405 65 FPGA_VCCAUX 0.013163 3.281250 0.042351 FPGA_VCCINT 0.006581 1.093750 0.007058
3458 66 FPGA_VCCAUX 0.013163 3.281250 0.042351 FPGA_VCCINT 0.006581 1.093750 0.007058
3512 67 FPGA_VCCAUX 0.013163 3.281250 0.042351 FPGA_VCCINT 0.006581 1.093750 0.007058
3615 68 FPGA_VCCAUX 0.013163 3.281250 0.042351 FPGA_VCCINT 0.006581 1.093750 0.007058
3668 69 FPGA_VCCAUX 0.013163 3.281250 0.042351 FPGA_VCCINT 0.006581 1.093750 0.007058
3721 70 FPGA_VCCAUX 0.013163 3.281250 0.042351 FPGA_VCCINT 0.006581 1.093750 0.007058
3774 71 FPGA_VCCAUX 0.013163 3.281250 0.042351 FPGA_VCCINT 0.006581 1.093750 0.007058
3824 72 FPGA_VCCAUX 0.013163 3.281250 0.042351 FPGA_VCCINT 0.006581 1.093750 0.007058
3877 73 FPGA_VCCAUX 0.013163 3.281250 0.042351 FPGA_VCCINT 0.006581 1.093750 0.007058
3931 74 FPGA_VCCAUX 0.013163 3.281250 0.042351 FPGA_VCCINT 0.006581 1.093750 0.007058
3984 75 FPGA_VCCAUX 0.013163 3.281250 0.042351 FPGA_VCCINT 0.006581 1.093750 0.007058
4089 76 FPGA_VCCAUX 0.013163 3.281250 0.042351 FPGA_VCCINT 0.006581 1.093750 0.007058
4139 77 FPGA_VCCAUX 0.013163 3.281250 0.042351 FPGA_VCCINT 0.006581 1.093750 0.007058
4192 78 FPGA_VCCAUX 0.013163 3.281250 0.042351 FPGA_VCCINT 0.006581 1.093750 0.007058
4246 79 FPGA_VCCAUX 0.013163 3.281250 0.042351 FPGA_VCCINT 0.006581 1.093750 0.007058
4298 80 FPGA_VCCAUX 0.013163 3.281250 0.042351 FPGA_VCCINT 0.006581 1.093750 0.007058
4349 81 FPGA_VCCAUX 0.013163 3.281250 0.042351 FPGA_VCCINT 0.006581 1.093750 0.007058
4402 82 FPGA_VCCAUX 0.013163 3.281250 0.042351 FPGA_VCCINT 0.006581 1.093750 0.007058
4455 83 FPGA_VCCAUX 0.013163 3.281250 0.042351 FPGA_VCCINT 0.006581 1.093750 0.007058
4508 84 FPGA_VCCAUX 0.013163 3.281250 0.042351 FPGA_VCCINT 0.006581 1.093750 0.007058
4561 85 FPGA_VCCAUX 0.013163 3.281250 0.042351 FPGA_VCCINT 0.006581 1.093750 0.007058
4611 86 FPGA_VCCAUX 0.013163 3.281250 0.042351 FPGA_VCCINT 0.006581 1.093750 0.007058
4665 87 FPGA_VCCAUX 0.013163 3.281250 0.042351 FPGA_VCCINT 0.006581 1.093750 0.007058
4718 88 FPGA_VCCAUX 0.013163 3.281250 0.042351 FPGA_VCCINT 0.006581 1.093750 0.007058
4771 89 FPGA_VCCAUX 0.013163 3.281250 0.042351 FPGA_VCCINT 0.006581 1.093750 0.007058
4822 90 FPGA_VCCAUX 0.013163 3.281250 0.042351 FPGA_VCCINT 0.006581 1.093750 0.007058
4875 91 FPGA_VCCAUX 0.013163 3.281250 0.042351 FPGA_VCCINT 0.006581 1.093750 0.007058
4928 92 FPGA_VCCAUX 0.013163 3.281250 0.042351 FPGA_VCCINT 0.006581 1.093750 0.007058
4981 93 FPGA_VCCAUX 0.013163 3.281250 0.042351 FPGA_VCCINT 0.006581 1.093750 0.007058
5031 94 FPGA_VCCAUX 0.013163 3.281250 0.042351 FPGA_VCCINT 0.006581 1.093750 0.007058
5084 95 FPGA_VCCAUX 0.013163 3.281250 0.042351 FPGA_VCCINT 0.006581 1.093750 0.007058
5137 96 FPGA_VCCAUX 0.013163 3.281250 0.042351 FPGA_VCCINT 0.006581 1.093750 0.007058
5190 97 FPGA_VCCAUX 0.013163 3.281250 0.042351 FPGA_VCCINT 0.006581 1.093750 0.007058
5241 98 FPGA_VCCAUX 0.013163 3.281250 0.042351 FPGA_VCCINT 0.006581 1.093750 0.007058
5294 99 FPGA_VCCAUX 0.013163 3.281250 0.042351 FPGA_VCCINT 0.006581 1.093750 0.007058
5347 100 FPGA_VCCAUX 0.013163 3.281250 0.042351 FPGA_VCCINT 0.006581 1.093750 0.007058
5400 101 FPGA_VCCAUX 0.013163 3.281250 0.042351 FPGA_VCCINT 0.006581 1.093750 0.007058
5451 102 FPGA_VCCAUX 0.013163 3.281250 0.042351 FPGA_VCCINT 0.006581 1.093750 0.007058
5504 103 FPGA_VCCAUX 0.013163 3.281250 0.042351 FPGA_VCCINT 0.006581 1.093750 0.007058
5558 104 FPGA_VCCAUX 0.013163 3.281250 0.042351 FPGA_VCCINT 0.006581 1.093750 0.007058
5608 105 FPGA_VCCAUX 0.013163 3.281250 0.042351 FPGA_VCCINT 0.006581 1.093750 0.007058
5662 106 FPGA_VCCAUX 0.013163 3.281250 0.042351 FPGA_VCCINT 0.006581 1.093750 0.007058
5715 107 FPGA_VCCAUX 0.013163 3.281250 0.042351 FPGA_VCCINT 0.006581 1.093750 0.007058
5765 108 FPGA_VCCAUX 0.013163 3.281250 0.042351 FPGA_VCCINT 0.006581 1.093750 0.007058
5819 109 FPGA_VCCAUX 0.013163 3.281250 0.042351 FPGA_VCCINT 0.006581 1.093750 0.007058
5872 110 FPGA_VCCAUX 0.013163 3.281250 0.042351 FPGA_VCCINT 0.006581 1.093750 0.007058
5923 111 FPGA_VCCAUX 0.013163 3.281250 0.042351 FPGA_VCCINT 0.006581 1.093750 0.007058
5976 112 FPGA_VCCAUX 0.013163 3.281250 0.042351 FPGA_VCCINT 0.006581 1.093750 0.007058
6029 113 FPGA_VCCAUX 0.013163 3.281250 0.042351 FPGA_VCCINT 0.006581 1.093750 0.007058
6132 114 FPGA_VCCAUX 0.013163 3.281250 0.042351 FPGA_VCCINT 0.006581 1.093750 0.007058
6186 115 FPGA_VCCAUX 0.013163 3.281250 0.042351 FPGA_VCCINT 0.006581 1.093750 0.007058
6239 116 FPGA_VCCAUX 0.013163 3.281250 0.042351 FPGA_VCCINT 0.006581 1.093750 0.007058
6290 117 FPGA_VCCAUX 0.013163 3.281250 0.042351 FPGA_VCCINT 0.006581 1.093750 0.007058
6343 118 FPGA_VCCAUX 0.013163 3.281250 0.042351 FPGA_VCCINT 0.006581 1.093750 0.007058
6396 119 FPGA_VCCAUX 0.013163 3.281250 0.042351 FPGA_VCCINT 0.006581 1.093750 0.007058
6447 120 FPGA_VCCAUX 0.013163 3.281250 0.042351 FPGA_VCCINT 0.006581 1.093750 0.007058
6500 121 FPGA_VCCAUX 0.013163 3.281250 0.042351 FPGA_VCCINT 0.006581 1.093750 0.007058
6554 122 FPGA_VCCAUX 0.013163 3.281250 0.042351 FPGA_VCCINT 0.006581 1.093750 0.007058
6604 123 FPGA_VCCAUX 0.013163 3.281250 0.042351 FPGA_VCCINT 0.006581 1.093750 0.007058
6658 124 FPGA_VCCAUX 0.013163 3.281250 0.042351 FPGA_VCCINT 0.006581 1.093750 0.007058
6711 125 FPGA_VCCAUX 0.013163 3.281250 0.042351 FPGA_VCCINT 0.006581 1.093750 0.007058
6761 126 FPGA_VCCAUX 0.013163 3.281250 0.042351 FPGA_VCCINT 0.006581 1.093750 0.007058
6815 127 FPGA_VCCAUX 0.013163 3.281250 0.042351 FPGA_VCCINT 0.006581 1.093750 0.007058
6868 128 FPGA_VCCAUX 0.013163 3.281250 0.042351 FPGA_VCCINT 0.006581 1.093750 0.007058
6919 129 FPGA_VCCAUX 0.013163 3.281250 0.042351 FPGA_VCCINT 0.006581 1.093750 0.007058
6972 130 FPGA_VCCAUX 0.013163 3.281250 0.042351 FPGA_VCCINT 0.006581 1.093750 0.007058
7025 131 FPGA_VCCAUX 0.013163 3.281250 0.042351 FPGA_VCCINT 0.006581 1.093750 0.007058
7078 132 FPGA_VCCAUX 0.013163 3.281250 0.042351 FPGA_VCCINT 0.006581 1.093750 0.007058
7129 133 FPGA_VCCAUX 0.013163 3.281250 0.042351 FPGA_VCCINT 0.006581 1.093750 0.007058
7182 134 FPGA_VCCAUX 0.013163 3.281250 0.042351 FPGA_VCCINT 0.006581 1.093750 0.007058
7236 135 FPGA_VCCAUX 0.013163 3.281250 0.042351 FPGA_VCCINT 0.006581 1.093750 0.007058
7286 136 FPGA_VCCAUX 0.013163 3.281250 0.042351 FPGA_VCCINT 0.006581 1.093750 0.007058
7340 137 FPGA_VCCAUX 0.013163 3.281250 0.042351 FPGA_VCCINT 0.006581 1.093750 0.007058
7393 138 FPGA_VCCAUX 0.013163 3.281250 0.042351 FPGA_VCCINT 0.006581 1.093750 0.007058
7444 139 FPGA_VCCAUX 0.013163 3.281250 0.042351 FPGA_VCCINT 0.006581 1.093750 0.007058
7497 140 FPGA_VCCAUX 0.013163 3.281250 0.042351 FPGA_VCCINT 0.006581 1.093750 0.007058
7550 141 FPGA_VCCAUX 0.013163 3.281250 0.042351 FPGA_VCCINT 0.006581 1.093750 0.007058
7653 142 FPGA_VCCAUX 0.013163 3.281250 0.042351 FPGA_VCCINT 0.006581 1.093750 0.007058
7706 143 FPGA_VCCAUX 0.013163 3.281250 0.042351 FPGA_VCCINT 0.006581 1.093750 0.007058
7760 144 FPGA_VCCAUX 0.013163 3.281250 0.042351 FPGA_VCCINT 0.006581 1.093750 0.007058
7813 145 FPGA_VCCAUX 0.013163 3.281250 0.042351 FPGA_VCCINT 0.006581 1.093750 0.007058
7863 146 FPGA_VCCAUX 0.013163 3.281250 0.042351 FPGA_VCCINT 0.006581 1.093750 0.007058
7917 147 FPGA_VCCAUX 0.013163 3.281250 0.042351 FPGA_VCCINT 0.006581 1.093750 0.007058
7970 148 FPGA_VCCAUX 0.013163 3.281250 0.042351 FPGA_VCCINT 0.006581 1.093750 0.007058
8021 149 FPGA_VCCAUX 0.013163 3.281250 0.042351 FPGA_VCCINT 0.006581 1.093750 0.007058
8074 150 FPGA_VCCAUX 0.013163 3.281250 0.042351 FPGA_VCCINT 0.006581 1.093750 0.007058
8127 151 FPGA_VCCAUX 0.013163 3.281250 0.042351 FPGA_VCCINT 0.006581 1.093750 0.007058
8178 152 FPGA_VCCAUX 0.013163 3.281250 0.042351 FPGA_VCCINT 0.006581 1.093750 0.007058
8231 153 FPGA_VCCAUX 0.013163 3.281250 0.042351 FPGA_VCCINT 0.006581 1.093750 0.007058
8284 154 FPGA_VCCAUX 0.013163 3.281250 0.042351 FPGA_VCCINT 0.006581 1.093750 0.007058
8335 155 FPGA_VCCAUX 0.013163 3.281250 0.042351 FPGA_VCCINT 0.006581 1.093750 0.007058
8388 156 FPGA_VCCAUX 0.013163 3.281250 0.042351 FPGA_VCCINT 0.006581 1.093750 0.007058
8442 157 FPGA_VCCAUX 0.013163 3.281250 0.042351 FPGA_VCCINT 0.006581 1.093750 0.007058
8492 158 FPGA_VCCAUX 0.013163 3.281250 0.042351 FPGA_VCCINT 0.006581 1.093750 0.007058
8546 159 FPGA_VCCAUX 0.013163 3.281250 0.042351 FPGA_VCCINT 0.006581 1.093750 0.007058
8599 160 FPGA_VCCAUX 0.013163 3.281250 0.042351 FPGA_VCCINT 0.006581 1.093750 0.007058
8702 161 FPGA_VCCAUX 0.013163 3.281250 0.042351 FPGA_VCCINT 0.006581 1.093750 0.007058
8755 162 FPGA_VCCAUX 0.013163 3.281250 0.042351 FPGA_VCCINT 0.006581 1.093750 0.007058
8808 163 FPGA_VCCAUX 0.013163 3.281250 0.042351 FPGA_VCCINT 0.006581 1.093750 0.007058
8862 164 FPGA_VCCAUX 0.013163 3.281250 0.042351 FPGA_VCCINT 0.006581 1.093750 0.007058
8912 165 FPGA_VCCAUX 0.013163 3.281250 0.042351 FPGA_VCCINT 0.006581 1.093750 0.007058
8966 166 FPGA_VCCAUX 0.013163 3.281250 0.042351 FPGA_VCCINT 0.006581 1.093750 0.007058
9019 167 FPGA_VCCAUX 0.013163 3.281250 0.042351 FPGA_VCCINT 0.006581 1.093750 0.007058
9070 168 FPGA_VCCAUX 0.013163 3.281250 0.042351 FPGA_VCCINT 0.006581 1.093750 0.007058
9123 169 FPGA_VCCAUX 0.013163 3.281250 0.042351 FPGA_VCCINT 0.006581 1.093750 0.007058
9176 170 FPGA_VCCAUX 0.013163 3.281250 0.042351 FPGA_VCCINT 0.006581 1.093750 0.007058
9227 171 FPGA_VCCAUX 0.013163 3.281250 0.042351 FPGA_VCCINT 0.006581 1.093750 0.007058
9280 172 FPGA_VCCAUX 0.013163 3.281250 0.042351 FPGA_VCCINT 0.006581 1.093750 0.007058
9333 173 FPGA_VCCAUX 0.013163 3.281250 0.042351 FPGA_VCCINT 0.006581 1.093750 0.007058
9384 174 FPGA_VCCAUX 0.013163 3.281250 0.042351 FPGA_VCCINT 0.006581 1.093750 0.007058
9437 175 FPGA_VCCAUX 0.013163 3.281250 0.042351 FPGA_VCCINT 0.006581 1.093750 0.007058
9491 176 FPGA_VCCAUX 0.013163 3.281250 0.042351 FPGA_VCCINT 0.006581 1.093750 0.007058
9541 177 FPGA_VCCAUX 0.013163 3.281250 0.042351 FPGA_VCCINT 0.006581 1.093750 0.007058
9595 178 FPGA_VCCAUX 0.013163 3.281250 0.042351 FPGA_VCCINT 0.006581 1.093750 0.007058
9648 179 FPGA_VCCAUX 0.013163 3.281250 0.042351 FPGA_VCCINT 0.006581 1.093750 0.007058
9699 180 FPGA_VCCAUX 0.013163 3.281250 0.042351 FPGA_VCCINT 0.006581 1.093750 0.007058
9752 181 FPGA_VCCAUX 0.013163 3.281250 0.042351 FPGA_VCCINT 0.006581 1.093750 0.007058
9805 182 FPGA_VCCAUX 0.013163 3.281250 0.042351 FPGA_VCCINT 0.006581 1.093750 0.007058
9908 183 FPGA_VCCAUX 0.013163 3.281250 0.042351 FPGA_VCCINT 0.006581 1.093750 0.007058
9961 184 FPGA_VCCAUX 0.013163 3.281250 0.042351 FPGA_VCCINT 0.006581 1.093750 0.007058
10015 185 FPGA_VCCAUX 0.013163 3.281250 0.042351 FPGA_VCCINT 0.006581 1.093750 0.007058
10065 186 FPGA_VCCAUX 0.013163 3.281250 0.042351 FPGA_VCCINT 0.006581 1.093750 0.007058
10119 187 FPGA_VCCAUX 0.013163 3.281250 0.042351 FPGA_VCCINT 0.006581 1.093750 0.007058
10199 188 FPGA_VCCAUX 0.013163 3.281250 0.042351 FPGA_VCCINT 0.006581 1.093750 0.007058
10250 189 FPGA_VCCAUX 0.013163 3.281250 0.042351 FPGA_VCCINT 0.006581 1.093750 0.007058
10303 190 FPGA_VCCAUX 0.013163 3.281250 0.042351 FPGA_VCCINT 0.006581 1.093750 0.007058
10354 191 FPGA_VCCAUX 0.013163 3.281250 0.042351 FPGA_VCCINT 0.006581 1.093750 0.007058
10408 192 FPGA_VCCAUX 0.013163 3.281250 0.042351 FPGA_VCCINT 0.006581 1.093750 0.007058
10514 193 FPGA_VCCAUX 0.013163 3.281250 0.042351 FPGA_VCCINT 0.006581 1.093750 0.007058
10564 194 FPGA_VCCAUX 0.013163 3.281250 0.042351 FPGA_VCCINT 0.006581 1.093750 0.007058
10618 195 FPGA_VCCAUX 0.013163 3.281250 0.042351 FPGA_VCCINT 0.006581 1.093750 0.007058
10669 196 FPGA_VCCAUX 0.013163 3.281250 0.042351 FPGA_VCCINT 0.006581 1.093750 0.007058
10722 197 FPGA_VCCAUX 0.013163 3.281250 0.042351 FPGA_VCCINT 0.006581 1.093750 0.007058
10774 198 FPGA_VCCAUX 0.013163 3.281250 0.042351 FPGA_VCCINT 0.006581 1.093750 0.007058
10827 199 FPGA_VCCAUX 0.013163 3.281250 0.042351 FPGA_VCCINT 0.006581 1.093750 0.007058
10881 200 FPGA_VCCAUX 0.013163 3.281250 0.042351 FPGA_VCCINT 0.006581 1.093750 0.007058
10932 201 FPGA_VCCAUX 0.013163 3.281250 0.042351 FPGA_VCCINT 0.006581 1.093750 0.007058
10985 202 FPGA_VCCAUX 0.013163 3.281250 0.042351 FPGA_VCCINT 0.006581 1.093750 0.007058
11036 203 FPGA_VCCAUX 0.013163 3.281250 0.042351 FPGA_VCCINT 0.006581 1.093750 0.007058
11090 204 FPGA_VCCAUX 0.013163 3.281250 0.042351 FPGA_VCCINT 0.006581 1.093750 0.007058
11143 205 FPGA_VCCAUX 0.013163 3.281250 0.042351 FPGA_VCCINT 0.006581 1.093750 0.007058
11194 206 FPGA_VCCAUX 0.013163 3.281250 0.042351 FPGA_VCCINT 0.006581 1.093750 0.007058
11247 207 FPGA_VCCAUX 0.013163 3.281250 0.042351 FPGA_VCCINT 0.006581 1.093750 0.007058
11298 208 FPGA_VCCAUX 0.013163 3.281250 0.042351 FPGA_VCCINT 0.006581 1.093750 0.007058
11352 209 FPGA_VCCAUX 0.013163 3.281250 0.042351 FPGA_VCCINT 0.006581 1.093750 0.007058
11405 210 FPGA_VCCAUX 0.013163 3.281250 0.042351 FPGA_VCCINT 0.006581 1.093750 0.007058
11456 211 FPGA_VCCAUX 0.013163 3.281250 0.042351 FPGA_VCCINT 0.006581 1.093750 0.007058
11510 212 FPGA_VCCAUX 0.013163 3.281250 0.042351 FPGA_VCCINT 0.006581 1.093750 0.007058
11561 213 FPGA_VCCAUX 0.013163 3.281250 0.042351 FPGA_VCCINT 0.006581 1.093750 0.007058
11614 214 FPGA_VCCAUX 0.013163 3.281250 0.042351 FPGA_VCCINT 0.006581 1.093750 0.007058
11665 215 FPGA_VCCAUX 0.013163 3.281250 0.042351 FPGA_VCCINT 0.006581 1.093750 0.007058
