WIRELESS_VCC 0.01 WIRELESS_VCC 0.025397 3.281250 0.081712 MCU_VCC 0.011310 3.281250 0.036387
2 WIRELESS_VCC 0.025397 3.281250 0.081712 MCU_VCC 0.011310 3.281250 0.036387
3 WIRELESS_VCC 0.026984 3.281250 0.086819 MCU_VCC 0.012500 3.281250 0.040833
4 WIRELESS_VCC 0.026984 3.281250 0.086819 MCU_VCC 0.012500 3.281250 0.040833
5 WIRELESS_VCC 0.026984 3.281250 0.086819 MCU_VCC 0.012500 3.281250 0.040218
6 WIRELESS_VCC 0.026984 3.281250 0.086819 MCU_VCC 0.012500 3.281250 0.040218
7 WIRELESS_VCC 0.026984 3.281250 0.086819 MCU_VCC 0.012302 3.281250 0.039579
8 WIRELESS_VCC 0.026984 3.281250 0.086819 MCU_VCC 0.012302 3.281250 0.039579
9 WIRELESS_VCC 0.026984 3.281250 0.086819 MCU_VCC 0.012500 3.281250 0.040218
10 WIRELESS_VCC 0.026984 3.281250 0.086819 MCU_VCC 0.012302 3.281250 0.039579
11 WIRELESS_VCC 0.026984 3.281250 0.086819 MCU_VCC 0.012302 3.281250 0.039579
12 WIRELESS_VCC 0.026984 3.281250 0.086819 MCU_VCC 0.012302 3.281250 0.039579
13 WIRELESS_VCC 0.026984 3.281250 0.086819 MCU_VCC 0.012302 3.281250 0.039579
14 WIRELESS_VCC 0.026984 3.281250 0.086819 MCU_VCC 0.012302 3.281250 0.039579
15 WIRELESS_VCC 0.026984 3.281250 0.086819 MCU_VCC 0.012302 3.281250 0.039579
16 WIRELESS_VCC 0.026984 3.281250 0.086819 MCU_VCC 0.012302 3.281250 0.039579
17 WIRELESS_VCC 0.026984 3.281250 0.086819 MCU_VCC 0.012302 3.281250 0.039579
18 WIRELESS_VCC 0.026984 3.281250 0.086819 MCU_VCC 0.012302 3.281250 0.039579
19 WIRELESS_VCC 0.026984 3.281250 0.086819 MCU_VCC 0.012302 3.281250 0.039579
20 WIRELESS_VCC 0.025397 3.281250 0.081712 MCU_VCC 0.011310 3.281250 0.036387
21 WIRELESS_VCC 0.025397 3.281250 0.081712 MCU_VCC 0.011310 3.281250 0.036387
22 WIRELESS_VCC 0.025397 3.281250 0.081712 MCU_VCC 0.011310 3.281250 0.036387
23 WIRELESS_VCC 0.025397 3.281250 0.081712 MCU_VCC 0.011310 3.281250 0.036387
24 WIRELESS_VCC 0.025397 3.281250 0.081712 MCU_VCC 0.011310 3.281250 0.036387
25 WIRELESS_VCC 0.025397 3.281250 0.081712 MCU_VCC 0.011310 3.281250 0.036387
26 WIRELESS_VCC 0.025397 3.281250 0.081712 MCU_VCC 0.011310 3.281250 0.036387
27 WIRELESS_VCC 0.025397 3.281250 0.081712 MCU_VCC 0.011508 3.281250 0.037026
28 WIRELESS_VCC 0.025397 3.281250 0.081712 MCU_VCC 0.011310 3.281250 0.036387
29 WIRELESS_VCC 0.025397 3.281250 0.081712 MCU_VCC 0.011310 3.281250 0.036387
30 WIRELESS_VCC 0.025397 3.281250 0.081712 MCU_VCC 0.011310 3.281250 0.036387
31 WIRELESS_VCC 0.025397 3.281250 0.081712 MCU_VCC 0.011310 3.281250 0.036387
32 WIRELESS_VCC 0.025397 3.281250 0.081712 MCU_VCC 0.011310 3.281250 0.036387
33 WIRELESS_VCC 0.025397 3.281250 0.081712 MCU_VCC 0.011310 3.281250 0.036387
34 WIRELESS_VCC 0.025397 3.281250 0.081712 MCU_VCC 0.011310 3.281250 0.036387
35 WIRELESS_VCC 0.025397 3.281250 0.081712 MCU_VCC 0.011310 3.281250 0.036387
36 WIRELESS_VCC 0.025397 3.281250 0.081712 MCU_VCC 0.011310 3.281250 0.036387
37 WIRELESS_VCC 0.025397 3.281250 0.081712 MCU_VCC 0.011310 3.281250 0.036387
38 WIRELESS_VCC 0.025397 3.281250 0.081712 MCU_VCC 0.011310 3.281250 0.036387
39 WIRELESS_VCC 0.025397 3.281250 0.081712 MCU_VCC 0.011310 3.281250 0.036387
40 WIRELESS_VCC 0.025397 3.281250 0.081712 MCU_VCC 0.011310 3.281250 0.036387
41 WIRELESS_VCC 0.025397 3.281250 0.081712 MCU_VCC 0.011310 3.281250 0.036387
42 WIRELESS_VCC 0.025397 3.281250 0.081712 MCU_VCC 0.011310 3.281250 0.036387
43 WIRELESS_VCC 0.025397 3.281250 0.081712 MCU_VCC 0.011310 3.281250 0.036387
44 WIRELESS_VCC 0.025397 3.281250 0.081712 MCU_VCC 0.011310 3.281250 0.036387
45 WIRELESS_VCC 0.025397 3.281250 0.081712 MCU_VCC 0.011310 3.281250 0.036387
46 WIRELESS_VCC 0.025397 3.281250 0.081712 MCU_VCC 0.011310 3.281250 0.036387
47 WIRELESS_VCC 0.025397 3.281250 0.081712 MCU_VCC 0.011310 3.281250 0.036387
48 WIRELESS_VCC 0.025397 3.281250 0.081712 MCU_VCC 0.011310 3.281250 0.036387
49 WIRELESS_VCC 0.025397 3.281250 0.081712 MCU_VCC 0.011310 3.281250 0.036387
50 WIRELESS_VCC 0.025397 3.281250 0.081712 MCU_VCC 0.011310 3.281250 0.036387
51 WIRELESS_VCC 0.025397 3.281250 0.081712 MCU_VCC 0.011310 3.281250 0.036387
52 WIRELESS_VCC 0.025397 3.281250 0.081712 MCU_VCC 0.011310 3.281250 0.036387
53 WIRELESS_VCC 0.025397 3.281250 0.081712 MCU_VCC 0.011310 3.281250 0.036387
54 WIRELESS_VCC 0.025397 3.281250 0.081712 MCU_VCC 0.011508 3.281250 0.037026
55 WIRELESS_VCC 0.025397 3.281250 0.081712 MCU_VCC 0.011310 3.281250 0.036387
56 WIRELESS_VCC 0.025397 3.281250 0.081712 MCU_VCC 0.011310 3.281250 0.036387
57 WIRELESS_VCC 0.025397 3.281250 0.081712 MCU_VCC 0.011508 3.281250 0.037026
58 WIRELESS_VCC 0.025397 3.281250 0.081712 MCU_VCC 0.011310 3.281250 0.036387
59 WIRELESS_VCC 0.025397 3.281250 0.081712 MCU_VCC 0.011310 3.281250 0.036387
60 WIRELESS_VCC 0.025397 3.281250 0.081712 MCU_VCC 0.011310 3.281250 0.036387
61 WIRELESS_VCC 0.025397 3.281250 0.081712 MCU_VCC 0.011310 3.281250 0.036387
62 WIRELESS_VCC 0.025397 3.281250 0.081712 MCU_VCC 0.011310 3.281250 0.036387
63 WIRELESS_VCC 0.025397 3.281250 0.081712 MCU_VCC 0.011310 3.281250 0.036387
64 WIRELESS_VCC 0.025397 3.281250 0.081712 MCU_VCC 0.011310 3.281250 0.036387
65 WIRELESS_VCC 0.025397 3.281250 0.081712 MCU_VCC 0.011310 3.281250 0.036387
66 WIRELESS_VCC 0.025397 3.281250 0.081712 MCU_VCC 0.011310 3.281250 0.036387
67 WIRELESS_VCC 0.025397 3.281250 0.081712 MCU_VCC 0.011310 3.281250 0.036387
68 WIRELESS_VCC 0.025397 3.281250 0.081712 MCU_VCC 0.011310 3.281250 0.036387
69 WIRELESS_VCC 0.025397 3.281250 0.081712 MCU_VCC 0.011508 3.281250 0.037026
70 WIRELESS_VCC 0.025397 3.281250 0.081712 MCU_VCC 0.011310 3.281250 0.036387
71 WIRELESS_VCC 0.025397 3.281250 0.081712 MCU_VCC 0.011310 3.281250 0.036387
72 WIRELESS_VCC 0.025397 3.281250 0.081712 MCU_VCC 0.011310 3.281250 0.036387
73 WIRELESS_VCC 0.025397 3.281250 0.081712 MCU_VCC 0.011310 3.281250 0.036387
74 WIRELESS_VCC 0.025397 3.281250 0.081712 MCU_VCC 0.011310 3.281250 0.036387
75 WIRELESS_VCC 0.025397 3.281250 0.081712 MCU_VCC 0.011310 3.281250 0.036387
76 WIRELESS_VCC 0.025397 3.281250 0.081712 MCU_VCC 0.011310 3.281250 0.036387
77 WIRELESS_VCC 0.025397 3.281250 0.081712 MCU_VCC 0.011310 3.281250 0.036387
78 WIRELESS_VCC 0.025397 3.281250 0.081712 MCU_VCC 0.011310 3.281250 0.036387
79 WIRELESS_VCC 0.025397 3.281250 0.081712 MCU_VCC 0.011310 3.281250 0.036387
80 WIRELESS_VCC 0.025397 3.281250 0.081712 MCU_VCC 0.011310 3.281250 0.036387
81 WIRELESS_VCC 0.025397 3.281250 0.081712 MCU_VCC 0.011310 3.281250 0.036387
82 WIRELESS_VCC 0.025397 3.281250 0.081712 MCU_VCC 0.011310 3.281250 0.036387
83 WIRELESS_VCC 0.025397 3.281250 0.081712 MCU_VCC 0.011310 3.281250 0.036387
84 WIRELESS_VCC 0.025397 3.281250 0.081712 MCU_VCC 0.011310 3.281250 0.036387
85 WIRELESS_VCC 0.025397 3.281250 0.081712 MCU_VCC 0.011310 3.281250 0.036387
86 WIRELESS_VCC 0.025397 3.281250 0.081712 MCU_VCC 0.011310 3.281250 0.036387
87 WIRELESS_VCC 0.025397 3.281250 0.081712 MCU_VCC 0.011310 3.281250 0.036387
88 WIRELESS_VCC 0.025397 3.281250 0.081712 MCU_VCC 0.011310 3.281250 0.036387
89 WIRELESS_VCC 0.025397 3.281250 0.081712 MCU_VCC 0.011508 3.281250 0.037026
90 WIRELESS_VCC 0.025397 3.281250 0.081712 MCU_VCC 0.011310 3.281250 0.036387
91 WIRELESS_VCC 0.025397 3.281250 0.081712 MCU_VCC 0.011310 3.281250 0.036387
92 WIRELESS_VCC 0.025397 3.281250 0.081712 MCU_VCC 0.011310 3.281250 0.036387
93 WIRELESS_VCC 0.025397 3.281250 0.081712 MCU_VCC 0.011310 3.281250 0.036387
94 WIRELESS_VCC 0.025397 3.281250 0.081712 MCU_VCC 0.011310 3.281250 0.036387
95 WIRELESS_VCC 0.025397 3.281250 0.081712 MCU_VCC 0.011310 3.281250 0.036387
96 WIRELESS_VCC 0.025397 3.281250 0.081712 MCU_VCC 0.011310 3.281250 0.036387
97 WIRELESS_VCC 0.025397 3.281250 0.081712 MCU_VCC 0.011310 3.281250 0.036387
98 WIRELESS_VCC 0.025397 3.281250 0.081712 MCU_VCC 0.011310 3.281250 0.036387
99 WIRELESS_VCC 0.025397 3.281250 0.081712 MCU_VCC 0.011310 3.281250 0.036387
100 WIRELESS_VCC 0.025397 3.281250 0.081712 MCU_VCC 0.011310 3.281250 0.036387
101 WIRELESS_VCC 0.025397 3.281250 0.081712 MCU_VCC 0.011310 3.281250 0.036387
102 WIRELESS_VCC 0.025397 3.281250 0.081712 MCU_VCC 0.011310 3.281250 0.036387
103 WIRELESS_VCC 0.025397 3.281250 0.081712 MCU_VCC 0.011310 3.281250 0.036387
104 WIRELESS_VCC 0.025397 3.281250 0.081712 MCU_VCC 0.011310 3.281250 0.036387
105 WIRELESS_VCC 0.025397 3.281250 0.081712 MCU_VCC 0.011310 3.281250 0.036387
106 WIRELESS_VCC 0.025397 3.281250 0.081712 MCU_VCC 0.011310 3.281250 0.036387
107 WIRELESS_VCC 0.025397 3.281250 0.081712 MCU_VCC 0.011310 3.281250 0.036387
108 WIRELESS_VCC 0.025397 3.281250 0.081712 MCU_VCC 0.011310 3.281250 0.036387
109 WIRELESS_VCC 0.025397 3.281250 0.081712 MCU_VCC 0.011310 3.281250 0.036387
110 WIRELESS_VCC 0.025397 3.281250 0.081712 MCU_VCC 0.011310 3.281250 0.036387
111 WIRELESS_VCC 0.025397 3.281250 0.081712 MCU_VCC 0.011310 3.281250 0.036387
112 WIRELESS_VCC 0.025397 3.281250 0.081712 MCU_VCC 0.011310 3.281250 0.036387
113 WIRELESS_VCC 0.025397 3.281250 0.081712 MCU_VCC 0.011508 3.281250 0.037026
114 WIRELESS_VCC 0.025397 3.281250 0.081712 MCU_VCC 0.011310 3.281250 0.036387
115 WIRELESS_VCC 0.025397 3.281250 0.081712 MCU_VCC 0.011310 3.281250 0.036387
116 WIRELESS_VCC 0.025397 3.281250 0.081712 MCU_VCC 0.011310 3.281250 0.036387
117 WIRELESS_VCC 0.025397 3.281250 0.081712 MCU_VCC 0.011310 3.281250 0.036387
118 WIRELESS_VCC 0.025397 3.281250 0.081712 MCU_VCC 0.011310 3.281250 0.036387
119 WIRELESS_VCC 0.025397 3.281250 0.081712 MCU_VCC 0.011310 3.281250 0.036387
120 WIRELESS_VCC 0.025397 3.281250 0.081712 MCU_VCC 0.011508 3.281250 0.037026
121 WIRELESS_VCC 0.025397 3.281250 0.081712 MCU_VCC 0.011310 3.281250 0.036387
122 WIRELESS_VCC 0.025397 3.281250 0.081712 MCU_VCC 0.011310 3.281250 0.036387
123 WIRELESS_VCC 0.025397 3.281250 0.081712 MCU_VCC 0.011310 3.281250 0.036387
124 WIRELESS_VCC 0.025397 3.281250 0.081712 MCU_VCC 0.011310 3.281250 0.036387
125 WIRELESS_VCC 0.025397 3.281250 0.081712 MCU_VCC 0.011310 3.281250 0.036387
126 WIRELESS_VCC 0.025397 3.281250 0.081712 MCU_VCC 0.011310 3.281250 0.036387
127 WIRELESS_VCC 0.025397 3.281250 0.081712 MCU_VCC 0.011310 3.281250 0.036387
128 WIRELESS_VCC 0.025397 3.281250 0.081712 MCU_VCC 0.011310 3.281250 0.036387
129 WIRELESS_VCC 0.025397 3.281250 0.081712 MCU_VCC 0.011310 3.281250 0.036387
130 WIRELESS_VCC 0.025397 3.281250 0.081712 MCU_VCC 0.011310 3.281250 0.036387
131 WIRELESS_VCC 0.025397 3.281250 0.081712 MCU_VCC 0.011310 3.281250 0.036387
132 WIRELESS_VCC 0.025397 3.281250 0.081712 MCU_VCC 0.011310 3.281250 0.036387
133 WIRELESS_VCC 0.025397 3.281250 0.081712 MCU_VCC 0.011310 3.281250 0.036387
134 WIRELESS_VCC 0.025397 3.281250 0.081712 MCU_VCC 0.011310 3.281250 0.036387
135 WIRELESS_VCC 0.025397 3.281250 0.081712 MCU_VCC 0.011310 3.281250 0.036387
136 WIRELESS_VCC 0.025397 3.281250 0.081712 MCU_VCC 0.011508 3.281250 0.037026
137 WIRELESS_VCC 0.025397 3.281250 0.081712 MCU_VCC 0.011310 3.281250 0.036387
138 WIRELESS_VCC 0.025397 3.281250 0.081712 MCU_VCC 0.011310 3.281250 0.036387
139 WIRELESS_VCC 0.025397 3.281250 0.081712 MCU_VCC 0.011310 3.281250 0.036387
140 WIRELESS_VCC 0.025397 3.281250 0.081712 MCU_VCC 0.011310 3.281250 0.036387
141 WIRELESS_VCC 0.025397 3.281250 0.081712 MCU_VCC 0.011310 3.281250 0.036387
142 WIRELESS_VCC 0.025397 3.281250 0.081712 MCU_VCC 0.011508 3.281250 0.037026
143 WIRELESS_VCC 0.025397 3.281250 0.081712 MCU_VCC 0.011310 3.281250 0.036387
144 WIRELESS_VCC 0.025397 3.281250 0.081712 MCU_VCC 0.011310 3.281250 0.036387
145 WIRELESS_VCC 0.025397 3.281250 0.081712 MCU_VCC 0.011310 3.281250 0.036387
146 WIRELESS_VCC 0.025397 3.281250 0.081712 MCU_VCC 0.011310 3.281250 0.036387
147 WIRELESS_VCC 0.025397 3.281250 0.081712 MCU_VCC 0.011310 3.281250 0.036387
148 WIRELESS_VCC 0.025397 3.281250 0.081712 MCU_VCC 0.011310 3.281250 0.036387
149 WIRELESS_VCC 0.025397 3.281250 0.081712 MCU_VCC 0.011310 3.281250 0.036387
150 WIRELESS_VCC 0.025397 3.281250 0.081712 MCU_VCC 0.011310 3.281250 0.036387
151 WIRELESS_VCC 0.025397 3.281250 0.081712 MCU_VCC 0.011310 3.281250 0.036387
152 WIRELESS_VCC 0.025397 3.281250 0.081712 MCU_VCC 0.011310 3.281250 0.036387
153 WIRELESS_VCC 0.025397 3.281250 0.081712 MCU_VCC 0.011508 3.281250 0.037026
154 WIRELESS_VCC 0.025397 3.281250 0.081712 MCU_VCC 0.011310 3.281250 0.036387
155 WIRELESS_VCC 0.025397 3.281250 0.081712 MCU_VCC 0.011310 3.281250 0.036387
156 WIRELESS_VCC 0.025397 3.281250 0.081712 MCU_VCC 0.011310 3.281250 0.036387
157 WIRELESS_VCC 0.025397 3.281250 0.081712 MCU_VCC 0.011310 3.281250 0.036387
158 WIRELESS_VCC 0.025397 3.281250 0.081712 MCU_VCC 0.011310 3.281250 0.036387
159 WIRELESS_VCC 0.025397 3.281250 0.081712 MCU_VCC 0.011508 3.281250 0.037026
160 WIRELESS_VCC 0.025397 3.281250 0.081712 MCU_VCC 0.011310 3.281250 0.036387
161 WIRELESS_VCC 0.025397 3.281250 0.081712 MCU_VCC 0.011310 3.281250 0.036387
162 WIRELESS_VCC 0.025397 3.281250 0.081712 MCU_VCC 0.011310 3.281250 0.036387
163 WIRELESS_VCC 0.025397 3.281250 0.081712 MCU_VCC 0.011310 3.281250 0.036387
164 WIRELESS_VCC 0.025397 3.281250 0.081712 MCU_VCC 0.011310 3.281250 0.036387
165 WIRELESS_VCC 0.025397 3.281250 0.081712 MCU_VCC 0.011310 3.281250 0.036387
166 WIRELESS_VCC 0.025397 3.281250 0.081712 MCU_VCC 0.011310 3.281250 0.036387
167 WIRELESS_VCC 0.025397 3.281250 0.081712 MCU_VCC 0.011310 3.281250 0.036387
168 WIRELESS_VCC 0.025397 3.281250 0.081712 MCU_VCC 0.011310 3.281250 0.036387
169 WIRELESS_VCC 0.025397 3.281250 0.081712 MCU_VCC 0.011310 3.281250 0.036387
170 WIRELESS_VCC 0.025397 3.281250 0.081712 MCU_VCC 0.011310 3.281250 0.036387
171 WIRELESS_VCC 0.025397 3.281250 0.081712 MCU_VCC 0.011310 3.281250 0.036387
172 WIRELESS_VCC 0.025397 3.281250 0.081712 MCU_VCC 0.011310 3.281250 0.036387
173 WIRELESS_VCC 0.025397 3.281250 0.081712 MCU_VCC 0.011310 3.281250 0.036387
174 WIRELESS_VCC 0.025397 3.281250 0.081712 MCU_VCC 0.011310 3.281250 0.036387
175 WIRELESS_VCC 0.025397 3.281250 0.081712 MCU_VCC 0.011310 3.281250 0.036387
176 WIRELESS_VCC 0.025397 3.281250 0.081712 MCU_VCC 0.011310 3.281250 0.036387
177 WIRELESS_VCC 0.025397 3.281250 0.081712 MCU_VCC 0.011310 3.281250 0.036387
178 WIRELESS_VCC 0.025397 3.281250 0.081712 MCU_VCC 0.011310 3.281250 0.036387
179 WIRELESS_VCC 0.025397 3.281250 0.081712 MCU_VCC 0.011310 3.281250 0.036387
180 WIRELESS_VCC 0.025397 3.281250 0.081712 MCU_VCC 0.011310 3.281250 0.036387
181 WIRELESS_VCC 0.025397 3.281250 0.081712 MCU_VCC 0.011310 3.281250 0.036387
182 WIRELESS_VCC 0.025397 3.281250 0.081712 MCU_VCC 0.011310 3.281250 0.036387
183 WIRELESS_VCC 0.025397 3.281250 0.081712 MCU_VCC 0.011310 3.281250 0.036387
184 WIRELESS_VCC 0.025397 3.281250 0.081712 MCU_VCC 0.011310 3.281250 0.036387
185 WIRELESS_VCC 0.025397 3.281250 0.081712 MCU_VCC 0.011310 3.281250 0.036387
186 WIRELESS_VCC 0.025397 3.281250 0.081712 MCU_VCC 0.011310 3.281250 0.036387
187 WIRELESS_VCC 0.025397 3.281250 0.081712 MCU_VCC 0.011310 3.281250 0.036387
188 WIRELESS_VCC 0.025397 3.281250 0.081712 MCU_VCC 0.011310 3.281250 0.036387
189 WIRELESS_VCC 0.025397 3.281250 0.081712 MCU_VCC 0.011310 3.281250 0.036387
190 WIRELESS_VCC 0.025397 3.281250 0.081712 MCU_VCC 0.011310 3.281250 0.036387
191 WIRELESS_VCC 0.025397 3.281250 0.081712 MCU_VCC 0.011310 3.281250 0.036387
192 WIRELESS_VCC 0.025397 3.281250 0.081712 MCU_VCC 0.011310 3.281250 0.036387
193 WIRELESS_VCC 0.025397 3.281250 0.081712 MCU_VCC 0.011310 3.281250 0.036387
194 WIRELESS_VCC 0.025397 3.281250 0.081712 MCU_VCC 0.011310 3.281250 0.036387
195 WIRELESS_VCC 0.025397 3.281250 0.081712 MCU_VCC 0.011310 3.281250 0.036387
196 WIRELESS_VCC 0.025397 3.281250 0.081712 MCU_VCC 0.011310 3.281250 0.036387
197 WIRELESS_VCC 0.025397 3.281250 0.081712 MCU_VCC 0.011310 3.281250 0.036387
198 WIRELESS_VCC 0.025397 3.281250 0.081712 MCU_VCC 0.011310 3.281250 0.036387
199 WIRELESS_VCC 0.025397 3.281250 0.081712 MCU_VCC 0.011310 3.281250 0.036387
200 WIRELESS_VCC 0.025397 3.281250 0.081712 MCU_VCC 0.011310 3.281250 0.036387
201 WIRELESS_VCC 0.025397 3.281250 0.081712 MCU_VCC 0.011310 3.281250 0.036387
202 WIRELESS_VCC 0.025397 3.281250 0.081712 MCU_VCC 0.011310 3.281250 0.036387
203 WIRELESS_VCC 0.025397 3.281250 0.081712 MCU_VCC 0.011310 3.281250 0.036387
204 WIRELESS_VCC 0.025397 3.281250 0.081712 MCU_VCC 0.011310 3.281250 0.036387
205 WIRELESS_VCC 0.025397 3.281250 0.081712 MCU_VCC 0.011310 3.281250 0.036387
206 WIRELESS_VCC 0.025397 3.281250 0.081712 MCU_VCC 0.011310 3.281250 0.036387
207 WIRELESS_VCC 0.025397 3.281250 0.081712 MCU_VCC 0.011310 3.281250 0.036387
208 WIRELESS_VCC 0.025397 3.281250 0.081712 MCU_VCC 0.011310 3.281250 0.036387
209 WIRELESS_VCC 0.025397 3.281250 0.081712 MCU_VCC 0.011508 3.281250 0.037026
210 WIRELESS_VCC 0.025397 3.281250 0.081712 MCU_VCC 0.011310 3.281250 0.036387
211 WIRELESS_VCC 0.025397 3.281250 0.081712 MCU_VCC 0.011310 3.281250 0.036387
212 WIRELESS_VCC 0.025397 3.281250 0.081712 MCU_VCC 0.011310 3.281250 0.036387
213 WIRELESS_VCC 0.025397 3.281250 0.081712 MCU_VCC 0.011310 3.281250 0.036387
214 WIRELESS_VCC 0.025397 3.281250 0.081712 MCU_VCC 0.011310 3.281250 0.036387
215 WIRELESS_VCC 0.025397 3.281250 0.081712 MCU_VCC 0.011310 3.281250 0.036387
216 WIRELESS_VCC 0.025397 3.281250 0.081712 MCU_VCC 0.011310 3.281250 0.036387
217 WIRELESS_VCC 0.025397 3.281250 0.081712 MCU_VCC 0.011310 3.281250 0.036387
218 WIRELESS_VCC 0.025397 3.281250 0.081712 MCU_VCC 0.011310 3.281250 0.036387
219 WIRELESS_VCC 0.025397 3.281250 0.081712 MCU_VCC 0.011310 3.281250 0.036387
220 WIRELESS_VCC 0.025397 3.281250 0.081712 MCU_VCC 0.011310 3.281250 0.036387
221 WIRELESS_VCC 0.025397 3.281250 0.081712 MCU_VCC 0.011310 3.281250 0.036387
222 WIRELESS_VCC 0.025397 3.281250 0.081712 MCU_VCC 0.011310 3.281250 0.036387
223 WIRELESS_VCC 0.025397 3.281250 0.081712 MCU_VCC 0.011310 3.281250 0.036387
224 WIRELESS_VCC 0.025397 3.281250 0.081712 MCU_VCC 0.011310 3.281250 0.036387
225 WIRELESS_VCC 0.025397 3.281250 0.081712 MCU_VCC 0.011310 3.281250 0.036387
226 WIRELESS_VCC 0.025397 3.281250 0.081712 MCU_VCC 0.011310 3.281250 0.036387
227 WIRELESS_VCC 0.025397 3.281250 0.081712 MCU_VCC 0.011310 3.281250 0.036387
228 WIRELESS_VCC 0.025397 3.281250 0.081712 MCU_VCC 0.011310 3.281250 0.036387
229 WIRELESS_VCC 0.025397 3.281250 0.081712 MCU_VCC 0.011310 3.281250 0.036387
230 WIRELESS_VCC 0.025397 3.281250 0.081712 MCU_VCC 0.011310 3.281250 0.036387
231 WIRELESS_VCC 0.025397 3.281250 0.081712 MCU_VCC 0.011310 3.281250 0.036387
232 WIRELESS_VCC 0.025397 3.281250 0.081712 MCU_VCC 0.011310 3.281250 0.036387
233 WIRELESS_VCC 0.025397 3.281250 0.081712 MCU_VCC 0.011310 3.281250 0.036387
234 WIRELESS_VCC 0.025397 3.281250 0.081712 MCU_VCC 0.011310 3.281250 0.036387
235 WIRELESS_VCC 0.025397 3.281250 0.081712 MCU_VCC 0.011310 3.281250 0.036387
236 WIRELESS_VCC 0.025397 3.281250 0.081712 MCU_VCC 0.011310 3.281250 0.036387
237 WIRELESS_VCC 0.025397 3.281250 0.081712 MCU_VCC 0.011310 3.281250 0.036387
238 WIRELESS_VCC 0.025397 3.281250 0.081712 MCU_VCC 0.011310 3.281250 0.036387
239 WIRELESS_VCC 0.025397 3.281250 0.081712 MCU_VCC 0.011310 3.281250 0.036387
240 WIRELESS_VCC 0.025397 3.281250 0.081712 MCU_VCC 0.011310 3.281250 0.036387
241 WIRELESS_VCC 0.025397 3.281250 0.081712 MCU_VCC 0.011310 3.281250 0.036387
242 WIRELESS_VCC 0.025397 3.281250 0.081712 MCU_VCC 0.011310 3.281250 0.036387
243 WIRELESS_VCC 0.025397 3.281250 0.081712 MCU_VCC 0.011310 3.281250 0.036387
244 WIRELESS_VCC 0.025397 3.281250 0.081712 MCU_VCC 0.011310 3.281250 0.036387
245 WIRELESS_VCC 0.025397 3.281250 0.081712 MCU_VCC 0.011310 3.281250 0.036387
246 WIRELESS_VCC 0.025397 3.281250 0.081712 MCU_VCC 0.011310 3.281250 0.036387
247 WIRELESS_VCC 0.025397 3.281250 0.081712 MCU_VCC 0.011310 3.281250 0.036387
248 WIRELESS_VCC 0.025397 3.281250 0.081712 MCU_VCC 0.011310 3.281250 0.036387
249 WIRELESS_VCC 0.025397 3.281250 0.081712 MCU_VCC 0.011310 3.281250 0.036387
250 WIRELESS_VCC 0.025397 3.281250 0.081712 MCU_VCC 0.011310 3.281250 0.036387
251 WIRELESS_VCC 0.025397 3.281250 0.081712 MCU_VCC 0.011310 3.281250 0.036387
252 WIRELESS_VCC 0.025397 3.281250 0.081712 MCU_VCC 0.011310 3.281250 0.036387
253 WIRELESS_VCC 0.025397 3.281250 0.081712 MCU_VCC 0.011310 3.281250 0.036387
254 WIRELESS_VCC 0.025397 3.281250 0.081712 MCU_VCC 0.011310 3.281250 0.036387
255 WIRELESS_VCC 0.025397 3.281250 0.081712 MCU_VCC 0.011310 3.281250 0.036387
256 WIRELESS_VCC 0.025397 3.281250 0.081712 MCU_VCC 0.011310 3.281250 0.036387
257 WIRELESS_VCC 0.025397 3.281250 0.081712 MCU_VCC 0.011310 3.281250 0.036387
258 WIRELESS_VCC 0.025397 3.281250 0.081712 MCU_VCC 0.011310 3.281250 0.036387
259 WIRELESS_VCC 0.025397 3.281250 0.081712 MCU_VCC 0.011310 3.281250 0.036387
260 WIRELESS_VCC 0.025397 3.281250 0.081712 MCU_VCC 0.011310 3.281250 0.036387
261 WIRELESS_VCC 0.025397 3.281250 0.081712 MCU_VCC 0.011310 3.281250 0.036387
262 WIRELESS_VCC 0.025397 3.281250 0.081712 MCU_VCC 0.011310 3.281250 0.036387
263 WIRELESS_VCC 0.025397 3.281250 0.081712 MCU_VCC 0.011310 3.281250 0.036387
264 WIRELESS_VCC 0.025397 3.281250 0.081712 MCU_VCC 0.011310 3.281250 0.036387
265 WIRELESS_VCC 0.025397 3.281250 0.081712 MCU_VCC 0.011310 3.281250 0.036387
266 WIRELESS_VCC 0.025397 3.281250 0.081712 MCU_VCC 0.011310 3.281250 0.036387
267 WIRELESS_VCC 0.025397 3.281250 0.081712 MCU_VCC 0.011310 3.281250 0.036387
268 WIRELESS_VCC 0.025397 3.281250 0.081712 MCU_VCC 0.011310 3.281250 0.036387
269 WIRELESS_VCC 0.025397 3.281250 0.081712 MCU_VCC 0.011310 3.281250 0.036387
270 WIRELESS_VCC 0.025397 3.281250 0.081712 MCU_VCC 0.011310 3.281250 0.036387
271 WIRELESS_VCC 0.025397 3.281250 0.081712 MCU_VCC 0.011310 3.281250 0.036387
272 WIRELESS_VCC 0.025397 3.281250 0.081712 MCU_VCC 0.011310 3.281250 0.036387
273 WIRELESS_VCC 0.025397 3.281250 0.081712 MCU_VCC 0.011310 3.281250 0.036387
274 WIRELESS_VCC 0.025397 3.281250 0.081712 MCU_VCC 0.011310 3.281250 0.036387
275 WIRELESS_VCC 0.025397 3.281250 0.081712 MCU_VCC 0.011310 3.281250 0.036387
276 WIRELESS_VCC 0.025397 3.281250 0.081712 MCU_VCC 0.011310 3.281250 0.036387
277 WIRELESS_VCC 0.025397 3.281250 0.081712 MCU_VCC 0.011310 3.281250 0.036387
278 WIRELESS_VCC 0.025397 3.281250 0.081712 MCU_VCC 0.011310 3.281250 0.036387
279 WIRELESS_VCC 0.025397 3.281250 0.081712 MCU_VCC 0.011310 3.281250 0.036387
280 WIRELESS_VCC 0.025397 3.281250 0.081712 MCU_VCC 0.011310 3.281250 0.036387
281 WIRELESS_VCC 0.025397 3.281250 0.081712 MCU_VCC 0.011310 3.281250 0.036387
282 WIRELESS_VCC 0.025397 3.281250 0.081712 MCU_VCC 0.011310 3.281250 0.036387
283 WIRELESS_VCC 0.025397 3.281250 0.081712 MCU_VCC 0.011310 3.281250 0.036387
284 WIRELESS_VCC 0.025397 3.281250 0.081712 MCU_VCC 0.011310 3.281250 0.036387
285 WIRELESS_VCC 0.025397 3.281250 0.081712 MCU_VCC 0.011310 3.281250 0.036387
286 WIRELESS_VCC 0.025397 3.281250 0.081712 MCU_VCC 0.011310 3.281250 0.036387
287 WIRELESS_VCC 0.025397 3.281250 0.081712 MCU_VCC 0.011310 3.281250 0.036387
288 WIRELESS_VCC 0.025397 3.281250 0.081712 MCU_VCC 0.011310 3.281250 0.036387
289 WIRELESS_VCC 0.025397 3.281250 0.081712 MCU_VCC 0.011310 3.281250 0.036387
290 WIRELESS_VCC 0.025397 3.281250 0.081712 MCU_VCC 0.011310 3.281250 0.036387
291 WIRELESS_VCC 0.025397 3.281250 0.081712 MCU_VCC 0.011310 3.281250 0.036387
292 WIRELESS_VCC 0.025397 3.281250 0.081712 MCU_VCC 0.011508 3.281250 0.037026
293 WIRELESS_VCC 0.025397 3.281250 0.081712 MCU_VCC 0.011310 3.281250 0.036387
294 WIRELESS_VCC 0.025397 3.281250 0.081712 MCU_VCC 0.011310 3.281250 0.036387
295 WIRELESS_VCC 0.025397 3.281250 0.081712 MCU_VCC 0.011310 3.281250 0.036387
296 WIRELESS_VCC 0.025397 3.281250 0.081712 MCU_VCC 0.011310 3.281250 0.036387
297 WIRELESS_VCC 0.025397 3.281250 0.081712 MCU_VCC 0.011310 3.281250 0.036387
298 WIRELESS_VCC 0.025397 3.281250 0.081712 MCU_VCC 0.011310 3.281250 0.036387
299 WIRELESS_VCC 0.025397 3.281250 0.081712 MCU_VCC 0.011310 3.281250 0.036387
300 WIRELESS_VCC 0.025397 3.281250 0.081712 MCU_VCC 0.011310 3.281250 0.036387
301 WIRELESS_VCC 0.025397 3.281250 0.081712 MCU_VCC 0.011310 3.281250 0.036387
302 WIRELESS_VCC 0.025397 3.281250 0.081712 MCU_VCC 0.011310 3.281250 0.036387
303 WIRELESS_VCC 0.025397 3.281250 0.081712 MCU_VCC 0.011310 3.281250 0.036387
304 WIRELESS_VCC 0.025397 3.281250 0.081712 MCU_VCC 0.011310 3.281250 0.036387
305 WIRELESS_VCC 0.025397 3.281250 0.081712 MCU_VCC 0.011310 3.281250 0.036387
306 WIRELESS_VCC 0.025397 3.281250 0.081712 MCU_VCC 0.011310 3.281250 0.036387
307 WIRELESS_VCC 0.025397 3.281250 0.081712 MCU_VCC 0.011310 3.281250 0.036387
308 WIRELESS_VCC 0.025397 3.281250 0.081712 MCU_VCC 0.011310 3.281250 0.036387
309 WIRELESS_VCC 0.025397 3.281250 0.081712 MCU_VCC 0.011310 3.281250 0.036387
310 WIRELESS_VCC 0.025397 3.281250 0.081712 MCU_VCC 0.011310 3.281250 0.036387
311 WIRELESS_VCC 0.025397 3.281250 0.081712 MCU_VCC 0.011310 3.281250 0.036387
312 WIRELESS_VCC 0.025397 3.281250 0.081712 MCU_VCC 0.011310 3.281250 0.036387
313 WIRELESS_VCC 0.025397 3.281250 0.081712 MCU_VCC 0.011310 3.281250 0.036387
314 WIRELESS_VCC 0.025397 3.281250 0.081712 MCU_VCC 0.011310 3.281250 0.036387
315 WIRELESS_VCC 0.025397 3.281250 0.081712 MCU_VCC 0.011310 3.281250 0.036387
316 WIRELESS_VCC 0.025397 3.281250 0.081712 MCU_VCC 0.011310 3.281250 0.036387
317 WIRELESS_VCC 0.025397 3.281250 0.081712 MCU_VCC 0.011310 3.281250 0.036387
318 WIRELESS_VCC 0.025397 3.281250 0.081712 MCU_VCC 0.011310 3.281250 0.036387
319 WIRELESS_VCC 0.025397 3.281250 0.081712 MCU_VCC 0.011310 3.281250 0.036387
320 WIRELESS_VCC 0.025397 3.281250 0.081712 MCU_VCC 0.011310 3.281250 0.036387
321 WIRELESS_VCC 0.025397 3.281250 0.081712 MCU_VCC 0.011310 3.281250 0.036387
322 WIRELESS_VCC 0.025397 3.281250 0.081712 MCU_VCC 0.011508 3.281250 0.037026
323 WIRELESS_VCC 0.025397 3.281250 0.081712 MCU_VCC 0.011310 3.281250 0.036387
324 WIRELESS_VCC 0.025397 3.281250 0.081712 MCU_VCC 0.011310 3.281250 0.036387
325 WIRELESS_VCC 0.025397 3.281250 0.081712 MCU_VCC 0.011508 3.281250 0.037026
326 WIRELESS_VCC 0.025397 3.281250 0.081712 MCU_VCC 0.011310 3.281250 0.036387
327 WIRELESS_VCC 0.025397 3.281250 0.081712 MCU_VCC 0.011310 3.281250 0.036387
328 WIRELESS_VCC 0.025397 3.281250 0.081712 MCU_VCC 0.011310 3.281250 0.036387
329 WIRELESS_VCC 0.025397 3.281250 0.081712 MCU_VCC 0.011310 3.281250 0.036387
330 WIRELESS_VCC 0.025397 3.281250 0.081712 MCU_VCC 0.011310 3.281250 0.036387
331 WIRELESS_VCC 0.025397 3.281250 0.081712 MCU_VCC 0.011310 3.281250 0.036387
332 WIRELESS_VCC 0.025397 3.281250 0.081712 MCU_VCC 0.011310 3.281250 0.036387
333 WIRELESS_VCC 0.025397 3.281250 0.081712 MCU_VCC 0.011310 3.281250 0.036387
334 WIRELESS_VCC 0.025397 3.281250 0.081712 MCU_VCC 0.011310 3.281250 0.036387
335 WIRELESS_VCC 0.025397 3.281250 0.081712 MCU_VCC 0.011310 3.281250 0.036387
336 WIRELESS_VCC 0.025397 3.281250 0.081712 MCU_VCC 0.011310 3.281250 0.036387
337 WIRELESS_VCC 0.025397 3.281250 0.081712 MCU_VCC 0.011310 3.281250 0.036387
338 WIRELESS_VCC 0.025397 3.281250 0.081712 MCU_VCC 0.011310 3.281250 0.036387
339 WIRELESS_VCC 0.025397 3.281250 0.081712 MCU_VCC 0.011310 3.281250 0.036387
340 WIRELESS_VCC 0.025397 3.281250 0.081712 MCU_VCC 0.011310 3.281250 0.036387
341 WIRELESS_VCC 0.025397 3.281250 0.081712 MCU_VCC 0.011310 3.281250 0.036387
342 WIRELESS_VCC 0.025397 3.281250 0.081712 MCU_VCC 0.011310 3.281250 0.036387
343 WIRELESS_VCC 0.025397 3.281250 0.081712 MCU_VCC 0.011508 3.281250 0.037026
344 WIRELESS_VCC 0.025397 3.281250 0.081712 MCU_VCC 0.011310 3.281250 0.036387
345 WIRELESS_VCC 0.025397 3.281250 0.081712 MCU_VCC 0.011310 3.281250 0.036387
346 WIRELESS_VCC 0.025397 3.281250 0.081712 MCU_VCC 0.011310 3.281250 0.036387
347 WIRELESS_VCC 0.025397 3.281250 0.081712 MCU_VCC 0.011310 3.281250 0.036387
348 WIRELESS_VCC 0.025397 3.281250 0.081712 MCU_VCC 0.011310 3.281250 0.036387
349 WIRELESS_VCC 0.025397 3.281250 0.081712 MCU_VCC 0.011310 3.281250 0.036387
350 WIRELESS_VCC 0.025397 3.281250 0.081712 MCU_VCC 0.011310 3.281250 0.036387
351 WIRELESS_VCC 0.025397 3.281250 0.081712 MCU_VCC 0.011310 3.281250 0.036387
352 WIRELESS_VCC 0.025397 3.281250 0.081712 MCU_VCC 0.011310 3.281250 0.036387
353 WIRELESS_VCC 0.025397 3.281250 0.081712 MCU_VCC 0.011310 3.281250 0.036387
354 WIRELESS_VCC 0.025397 3.281250 0.081712 MCU_VCC 0.011310 3.281250 0.036387
355 WIRELESS_VCC 0.025397 3.281250 0.081712 MCU_VCC 0.011310 3.281250 0.036387
356 WIRELESS_VCC 0.025397 3.281250 0.081712 MCU_VCC 0.011310 3.281250 0.036387
357 WIRELESS_VCC 0.025397 3.281250 0.081712 MCU_VCC 0.011310 3.281250 0.036387
358 WIRELESS_VCC 0.025397 3.281250 0.081712 MCU_VCC 0.011310 3.281250 0.036387
359 WIRELESS_VCC 0.025397 3.281250 0.081712 MCU_VCC 0.011310 3.281250 0.036387
360 WIRELESS_VCC 0.025397 3.281250 0.081712 MCU_VCC 0.011310 3.281250 0.036387
361 WIRELESS_VCC 0.025397 3.281250 0.081712 MCU_VCC 0.011310 3.281250 0.036387
362 WIRELESS_VCC 0.025397 3.281250 0.081712 MCU_VCC 0.011310 3.281250 0.036387
363 WIRELESS_VCC 0.025397 3.281250 0.081712 MCU_VCC 0.011310 3.281250 0.036387
364 WIRELESS_VCC 0.025397 3.281250 0.081712 MCU_VCC 0.011310 3.281250 0.036387
365 WIRELESS_VCC 0.025397 3.281250 0.081712 MCU_VCC 0.011310 3.281250 0.036387
366 WIRELESS_VCC 0.025397 3.281250 0.081712 MCU_VCC 0.011310 3.281250 0.036387
367 WIRELESS_VCC 0.025397 3.281250 0.081712 MCU_VCC 0.011508 3.281250 0.037026
368 WIRELESS_VCC 0.025397 3.281250 0.081712 MCU_VCC 0.011310 3.281250 0.036387
369 WIRELESS_VCC 0.025397 3.281250 0.081712 MCU_VCC 0.011310 3.281250 0.036387
370 WIRELESS_VCC 0.025397 3.281250 0.081712 MCU_VCC 0.011310 3.281250 0.036387
371 WIRELESS_VCC 0.025397 3.281250 0.081712 MCU_VCC 0.011310 3.281250 0.036387
372 WIRELESS_VCC 0.025397 3.281250 0.081712 MCU_VCC 0.011310 3.281250 0.036387
373 WIRELESS_VCC 0.025397 3.281250 0.081712 MCU_VCC 0.011310 3.281250 0.036387
374 WIRELESS_VCC 0.025397 3.281250 0.081712 MCU_VCC 0.011310 3.281250 0.036387
375 WIRELESS_VCC 0.025397 3.281250 0.081712 MCU_VCC 0.011310 3.281250 0.036387
376 WIRELESS_VCC 0.025397 3.281250 0.081712 MCU_VCC 0.011310 3.281250 0.036387
377 WIRELESS_VCC 0.025397 3.281250 0.081712 MCU_VCC 0.011310 3.281250 0.036387
378 WIRELESS_VCC 0.025397 3.281250 0.081712 MCU_VCC 0.011310 3.281250 0.036387
379 WIRELESS_VCC 0.025397 3.281250 0.081712 MCU_VCC 0.011310 3.281250 0.036387
380 WIRELESS_VCC 0.025397 3.281250 0.081712 MCU_VCC 0.011310 3.281250 0.036387
381 WIRELESS_VCC 0.025397 3.281250 0.081712 MCU_VCC 0.011310 3.281250 0.036387
382 WIRELESS_VCC 0.025397 3.281250 0.081712 MCU_VCC 0.011310 3.281250 0.036387
383 WIRELESS_VCC 0.025397 3.281250 0.081712 MCU_VCC 0.011310 3.281250 0.036387
384 WIRELESS_VCC 0.025397 3.281250 0.081712 MCU_VCC 0.011310 3.281250 0.036387
385 WIRELESS_VCC 0.025397 3.281250 0.081712 MCU_VCC 0.011310 3.281250 0.036387
386 WIRELESS_VCC 0.025397 3.281250 0.081712 MCU_VCC 0.011310 3.281250 0.036387
387 WIRELESS_VCC 0.025397 3.281250 0.081712 MCU_VCC 0.011310 3.281250 0.036387
388 WIRELESS_VCC 0.025397 3.281250 0.081712 MCU_VCC 0.011310 3.281250 0.036387
389 WIRELESS_VCC 0.025397 3.281250 0.081712 MCU_VCC 0.011310 3.281250 0.036387
390 WIRELESS_VCC 0.025397 3.281250 0.081712 MCU_VCC 0.011310 3.281250 0.036387
391 WIRELESS_VCC 0.025397 3.281250 0.081712 MCU_VCC 0.011310 3.281250 0.036387
392 WIRELESS_VCC 0.025397 3.281250 0.081712 MCU_VCC 0.011310 3.281250 0.036387
393 WIRELESS_VCC 0.025397 3.281250 0.081712 MCU_VCC 0.011310 3.281250 0.036387
394 WIRELESS_VCC 0.025397 3.281250 0.081712 MCU_VCC 0.011310 3.281250 0.036387
395 WIRELESS_VCC 0.025397 3.281250 0.081712 MCU_VCC 0.011310 3.281250 0.036387
396 WIRELESS_VCC 0.025397 3.281250 0.081712 MCU_VCC 0.011310 3.281250 0.036387
397 WIRELESS_VCC 0.025397 3.281250 0.081712 MCU_VCC 0.011310 3.281250 0.036387
398 WIRELESS_VCC 0.025397 3.281250 0.081712 MCU_VCC 0.011310 3.281250 0.036387
399 WIRELESS_VCC 0.025397 3.281250 0.081712 MCU_VCC 0.011310 3.281250 0.036387
400 WIRELESS_VCC 0.025397 3.281250 0.081712 MCU_VCC 0.011310 3.281250 0.036387
401 WIRELESS_VCC 0.025397 3.281250 0.081712 MCU_VCC 0.011310 3.281250 0.036387
402 WIRELESS_VCC 0.025397 3.281250 0.081712 MCU_VCC 0.011310 3.281250 0.036387
403 WIRELESS_VCC 0.025397 3.281250 0.081712 MCU_VCC 0.011310 3.281250 0.036387
404 WIRELESS_VCC 0.025397 3.281250 0.081712 MCU_VCC 0.011310 3.281250 0.036387
405 WIRELESS_VCC 0.025397 3.281250 0.081712 MCU_VCC 0.011310 3.281250 0.036387
406 WIRELESS_VCC 0.025397 3.281250 0.081712 MCU_VCC 0.011310 3.281250 0.036387
407 WIRELESS_VCC 0.025397 3.281250 0.081712 MCU_VCC 0.011310 3.281250 0.036387
408 WIRELESS_VCC 0.025397 3.281250 0.081712 MCU_VCC 0.011310 3.281250 0.036387
409 WIRELESS_VCC 0.025397 3.281250 0.081712 MCU_VCC 0.011310 3.281250 0.036387
410 WIRELESS_VCC 0.025397 3.281250 0.081712 MCU_VCC 0.011310 3.281250 0.036387
411 WIRELESS_VCC 0.025397 3.281250 0.081712 MCU_VCC 0.011310 3.281250 0.036387
412 WIRELESS_VCC 0.025397 3.281250 0.081712 MCU_VCC 0.011310 3.281250 0.036387
413 WIRELESS_VCC 0.025397 3.281250 0.081712 MCU_VCC 0.011310 3.281250 0.036387
414 WIRELESS_VCC 0.025397 3.281250 0.081712 MCU_VCC 0.011310 3.281250 0.036387
415 WIRELESS_VCC 0.025397 3.281250 0.081712 MCU_VCC 0.011310 3.281250 0.036387
416 WIRELESS_VCC 0.025397 3.281250 0.081712 MCU_VCC 0.011310 3.281250 0.036387
417 WIRELESS_VCC 0.025397 3.281250 0.081712 MCU_VCC 0.011310 3.281250 0.036387
418 WIRELESS_VCC 0.025397 3.281250 0.081712 MCU_VCC 0.011310 3.281250 0.036387
419 WIRELESS_VCC 0.025397 3.281250 0.081712 MCU_VCC 0.011310 3.281250 0.036387
420 WIRELESS_VCC 0.025397 3.281250 0.081712 MCU_VCC 0.011310 3.281250 0.036387
421 WIRELESS_VCC 0.025397 3.281250 0.081712 MCU_VCC 0.011310 3.281250 0.036387
422 WIRELESS_VCC 0.025397 3.281250 0.081712 MCU_VCC 0.011310 3.281250 0.036387
423 WIRELESS_VCC 0.025397 3.281250 0.081712 MCU_VCC 0.011310 3.281250 0.036387
424 WIRELESS_VCC 0.025397 3.281250 0.081712 MCU_VCC 0.011310 3.281250 0.036387
425 WIRELESS_VCC 0.025397 3.281250 0.081712 MCU_VCC 0.011310 3.281250 0.036387
426 WIRELESS_VCC 0.025397 3.281250 0.081712 MCU_VCC 0.011310 3.281250 0.036387
427 WIRELESS_VCC 0.025397 3.281250 0.081712 MCU_VCC 0.011310 3.281250 0.036387
428 WIRELESS_VCC 0.025397 3.281250 0.081712 MCU_VCC 0.011310 3.281250 0.036387
429 WIRELESS_VCC 0.025397 3.281250 0.081712 MCU_VCC 0.011310 3.281250 0.036387
430 WIRELESS_VCC 0.025397 3.281250 0.081712 MCU_VCC 0.011310 3.281250 0.036387
431 WIRELESS_VCC 0.025397 3.281250 0.081712 MCU_VCC 0.011310 3.281250 0.036387
432 WIRELESS_VCC 0.025397 3.281250 0.081712 MCU_VCC 0.011310 3.281250 0.036387
433 WIRELESS_VCC 0.025397 3.281250 0.081712 MCU_VCC 0.011310 3.281250 0.036387
434 WIRELESS_VCC 0.025397 3.281250 0.081712 MCU_VCC 0.011310 3.281250 0.036387
435 WIRELESS_VCC 0.025397 3.281250 0.081712 MCU_VCC 0.011310 3.281250 0.036387
436 WIRELESS_VCC 0.025397 3.281250 0.081712 MCU_VCC 0.011508 3.281250 0.037026
437 WIRELESS_VCC 0.025397 3.281250 0.081712 MCU_VCC 0.011310 3.281250 0.036387
438 WIRELESS_VCC 0.025397 3.281250 0.081712 MCU_VCC 0.011310 3.281250 0.036387
439 WIRELESS_VCC 0.025397 3.281250 0.081712 MCU_VCC 0.011310 3.281250 0.036387
440 WIRELESS_VCC 0.025397 3.281250 0.081712 MCU_VCC 0.011310 3.281250 0.036387
441 WIRELESS_VCC 0.025397 3.281250 0.081712 MCU_VCC 0.011310 3.281250 0.036387
442 WIRELESS_VCC 0.025397 3.281250 0.081712 MCU_VCC 0.011310 3.281250 0.036387
443 WIRELESS_VCC 0.025397 3.281250 0.081712 MCU_VCC 0.011310 3.281250 0.036387
444 WIRELESS_VCC 0.025397 3.281250 0.081712 MCU_VCC 0.011310 3.281250 0.036387
445 WIRELESS_VCC 0.025397 3.281250 0.081712 MCU_VCC 0.011310 3.281250 0.036387
446 WIRELESS_VCC 0.025397 3.281250 0.081712 MCU_VCC 0.011310 3.281250 0.036387
447 WIRELESS_VCC 0.025397 3.281250 0.081712 MCU_VCC 0.011310 3.281250 0.036387
448 WIRELESS_VCC 0.025397 3.281250 0.081712 MCU_VCC 0.011310 3.281250 0.036387
