14 1 FPGA_VCCAUX 0.013163 3.281250 0.042351 FPGA_VCCINT 0.006581 1.093750 0.007058
47 2 FPGA_VCCAUX 0.013163 3.281250 0.042351 FPGA_VCCINT 0.006581 1.093750 0.007058
81 3 FPGA_VCCAUX 0.013163 3.281250 0.042351 FPGA_VCCINT 0.006581 1.093750 0.007058
123 4 FPGA_VCCAUX 0.013163 3.281250 0.042351 FPGA_VCCINT 0.006581 1.093750 0.007058
175 5 FPGA_VCCAUX 0.013163 3.281250 0.042351 FPGA_VCCINT 0.006581 1.093750 0.007058
228 6 FPGA_VCCAUX 0.013163 3.281250 0.042351 FPGA_VCCINT 0.006581 1.093750 0.007058
280 7 FPGA_VCCAUX 0.013163 3.281250 0.042351 FPGA_VCCINT 0.006581 1.093750 0.007058
333 8 FPGA_VCCAUX 0.013163 3.281250 0.042351 FPGA_VCCINT 0.006581 1.093750 0.007058
386 9 FPGA_VCCAUX 0.013163 3.281250 0.042351 FPGA_VCCINT 0.006581 1.093750 0.007058
438 10 FPGA_VCCAUX 0.013163 3.281250 0.042351 FPGA_VCCINT 0.006581 1.093750 0.007058
491 11 FPGA_VCCAUX 0.013163 3.281250 0.042351 FPGA_VCCINT 0.006581 1.093750 0.007058
544 12 FPGA_VCCAUX 0.013163 3.281250 0.042351 FPGA_VCCINT 0.006581 1.093750 0.007058
597 13 FPGA_VCCAUX 0.013163 3.281250 0.042351 FPGA_VCCINT 0.006581 1.093750 0.007058
699 14 FPGA_VCCAUX 0.013163 3.281250 0.042351 FPGA_VCCINT 0.006581 1.093750 0.007058
752 15 FPGA_VCCAUX 0.013163 3.281250 0.042351 FPGA_VCCINT 0.006581 1.093750 0.007058
805 16 FPGA_VCCAUX 0.013163 3.281250 0.042351 FPGA_VCCINT 0.006581 1.093750 0.007058
857 17 FPGA_VCCAUX 0.013163 3.281250 0.042351 FPGA_VCCINT 0.006581 1.093750 0.007058
910 18 FPGA_VCCAUX 0.013163 3.281250 0.042351 FPGA_VCCINT 0.006581 1.093750 0.007058
963 19 FPGA_VCCAUX 0.013163 3.281250 0.042351 FPGA_VCCINT 0.006581 1.093750 0.007058
1016 20 FPGA_VCCAUX 0.013163 3.281250 0.042351 FPGA_VCCINT 0.006581 1.093750 0.007058
1069 21 FPGA_VCCAUX 0.013163 3.281250 0.042351 FPGA_VCCINT 0.006581 1.093750 0.007058
1121 22 FPGA_VCCAUX 0.013163 3.281250 0.042351 FPGA_VCCINT 0.006581 1.093750 0.007058
1172 23 FPGA_VCCAUX 0.013163 3.281250 0.042351 FPGA_VCCINT 0.006581 1.093750 0.007058
1225 24 FPGA_VCCAUX 0.013163 3.281250 0.042351 FPGA_VCCINT 0.006581 1.093750 0.007058
1278 25 FPGA_VCCAUX 0.013163 3.281250 0.042351 FPGA_VCCINT 0.006581 1.093750 0.007058
1331 26 FPGA_VCCAUX 0.013163 3.281250 0.042351 FPGA_VCCINT 0.006581 1.093750 0.007058
1384 27 FPGA_VCCAUX 0.013163 3.281250 0.042351 FPGA_VCCINT 0.006581 1.093750 0.007058
1434 28 FPGA_VCCAUX 0.013163 3.281250 0.042351 FPGA_VCCINT 0.006581 1.093750 0.007058
1487 29 FPGA_VCCAUX 0.013163 3.281250 0.042351 FPGA_VCCINT 0.006581 1.093750 0.007058
1540 30 FPGA_VCCAUX 0.013163 3.281250 0.042351 FPGA_VCCINT 0.006581 1.093750 0.007058
1593 31 FPGA_VCCAUX 0.013163 3.281250 0.042351 FPGA_VCCINT 0.006581 1.093750 0.007058
1646 32 FPGA_VCCAUX 0.013163 3.281250 0.042351 FPGA_VCCINT 0.006581 1.093750 0.007058
1696 33 FPGA_VCCAUX 0.013163 3.281250 0.042351 FPGA_VCCINT 0.006581 1.093750 0.007058
1749 34 FPGA_VCCAUX 0.017034 3.281250 0.054807 FPGA_VCCINT 0.007356 1.093750 0.007889
1803 35 FPGA_VCCAUX 0.022455 3.281250 0.072245 FPGA_VCCINT 0.006969 1.093750 0.007474
1856 36 FPGA_VCCAUX 0.031746 3.281250 0.102140 FPGA_VCCINT 0.006969 1.093750 0.007474
1906 37 FPGA_VCCAUX 0.031746 3.281250 0.102140 FPGA_VCCINT 0.007356 1.093750 0.007889
1959 38 FPGA_VCCAUX 0.031746 3.281250 0.102140 FPGA_VCCINT 0.006969 1.093750 0.007474
2012 39 FPGA_VCCAUX 0.031746 3.281250 0.102140 FPGA_VCCINT 0.006969 1.093750 0.007474
2065 40 FPGA_VCCAUX 0.031746 3.281250 0.102140 FPGA_VCCINT 0.006969 1.093750 0.007474
2116 41 FPGA_VCCAUX 0.031746 3.281250 0.102140 FPGA_VCCINT 0.006969 1.093750 0.007474
2169 42 FPGA_VCCAUX 0.031746 3.281250 0.102140 FPGA_VCCINT 0.006969 1.093750 0.007474
2222 43 FPGA_VCCAUX 0.031746 3.281250 0.102140 FPGA_VCCINT 0.006969 1.093750 0.007474
2275 44 FPGA_VCCAUX 0.030972 3.281250 0.099649 FPGA_VCCINT 0.006969 1.093750 0.007474
2326 45 FPGA_VCCAUX 0.031746 3.281250 0.102140 FPGA_VCCINT 0.006969 1.093750 0.007474
2379 46 FPGA_VCCAUX 0.031746 3.281250 0.102140 FPGA_VCCINT 0.006969 1.093750 0.007474
2432 47 FPGA_VCCAUX 0.030972 3.281250 0.099649 FPGA_VCCINT 0.006969 1.093750 0.007474
2485 48 FPGA_VCCAUX 0.030972 3.281250 0.099649 FPGA_VCCINT 0.006969 1.093750 0.007474
2536 49 FPGA_VCCAUX 0.030972 3.281250 0.099649 FPGA_VCCINT 0.006969 1.093750 0.007474
2616 50 FPGA_VCCAUX 0.013163 3.281250 0.042351 FPGA_VCCINT 0.006001 1.093750 0.006436
2668 51 FPGA_VCCAUX 0.013163 3.281250 0.042351 FPGA_VCCINT 0.006581 1.093750 0.007058
2722 52 FPGA_VCCAUX 0.013163 3.281250 0.042351 FPGA_VCCINT 0.006581 1.093750 0.007058
2772 53 FPGA_VCCAUX 0.013163 3.281250 0.042351 FPGA_VCCINT 0.006581 1.093750 0.007058
2825 54 FPGA_VCCAUX 0.013163 3.281250 0.042351 FPGA_VCCINT 0.006581 1.093750 0.007058
2878 55 FPGA_VCCAUX 0.013163 3.281250 0.042351 FPGA_VCCINT 0.006581 1.093750 0.007058
2931 56 FPGA_VCCAUX 0.013163 3.281250 0.042351 FPGA_VCCINT 0.006581 1.093750 0.007058
2982 57 FPGA_VCCAUX 0.013163 3.281250 0.042351 FPGA_VCCINT 0.006581 1.093750 0.007058
3035 58 FPGA_VCCAUX 0.013163 3.281250 0.042351 FPGA_VCCINT 0.006581 1.093750 0.007058
3088 59 FPGA_VCCAUX 0.013163 3.281250 0.042351 FPGA_VCCINT 0.006581 1.093750 0.007058
3141 60 FPGA_VCCAUX 0.013163 3.281250 0.042351 FPGA_VCCINT 0.006581 1.093750 0.007058
3191 61 FPGA_VCCAUX 0.013163 3.281250 0.042351 FPGA_VCCINT 0.006581 1.093750 0.007058
3245 62 FPGA_VCCAUX 0.013163 3.281250 0.042351 FPGA_VCCINT 0.006581 1.093750 0.007058
3298 63 FPGA_VCCAUX 0.013163 3.281250 0.042351 FPGA_VCCINT 0.006581 1.093750 0.007058
3351 64 FPGA_VCCAUX 0.013163 3.281250 0.042351 FPGA_VCCINT 0.006581 1.093750 0.007058
3401 65 FPGA_VCCAUX 0.013163 3.281250 0.042351 FPGA_VCCINT 0.006581 1.093750 0.007058
3454 66 FPGA_VCCAUX 0.013163 3.281250 0.042351 FPGA_VCCINT 0.006581 1.093750 0.007058
3507 67 FPGA_VCCAUX 0.013163 3.281250 0.042351 FPGA_VCCINT 0.006581 1.093750 0.007058
3560 68 FPGA_VCCAUX 0.013163 3.281250 0.042351 FPGA_VCCINT 0.006581 1.093750 0.007058
3613 69 FPGA_VCCAUX 0.013163 3.281250 0.042351 FPGA_VCCINT 0.006581 1.093750 0.007058
3664 70 FPGA_VCCAUX 0.013163 3.281250 0.042351 FPGA_VCCINT 0.006581 1.093750 0.007058
3717 71 FPGA_VCCAUX 0.013163 3.281250 0.042351 FPGA_VCCINT 0.006581 1.093750 0.007058
3770 72 FPGA_VCCAUX 0.013163 3.281250 0.042351 FPGA_VCCINT 0.006581 1.093750 0.007058
3823 73 FPGA_VCCAUX 0.013163 3.281250 0.042351 FPGA_VCCINT 0.006581 1.093750 0.007058
3873 74 FPGA_VCCAUX 0.013163 3.281250 0.042351 FPGA_VCCINT 0.006581 1.093750 0.007058
3926 75 FPGA_VCCAUX 0.013163 3.281250 0.042351 FPGA_VCCINT 0.006581 1.093750 0.007058
3980 76 FPGA_VCCAUX 0.013163 3.281250 0.042351 FPGA_VCCINT 0.006581 1.093750 0.007058
4033 77 FPGA_VCCAUX 0.013163 3.281250 0.042351 FPGA_VCCINT 0.006581 1.093750 0.007058
4083 78 FPGA_VCCAUX 0.013163 3.281250 0.042351 FPGA_VCCINT 0.006581 1.093750 0.007058
4136 79 FPGA_VCCAUX 0.013163 3.281250 0.042351 FPGA_VCCINT 0.006581 1.093750 0.007058
4189 80 FPGA_VCCAUX 0.013163 3.281250 0.042351 FPGA_VCCINT 0.006581 1.093750 0.007058
4242 81 FPGA_VCCAUX 0.013163 3.281250 0.042351 FPGA_VCCINT 0.006581 1.093750 0.007058
4295 82 FPGA_VCCAUX 0.013163 3.281250 0.042351 FPGA_VCCINT 0.006581 1.093750 0.007058
4346 83 FPGA_VCCAUX 0.013163 3.281250 0.042351 FPGA_VCCINT 0.006581 1.093750 0.007058
4399 84 FPGA_VCCAUX 0.013163 3.281250 0.042351 FPGA_VCCINT 0.006581 1.093750 0.007058
4452 85 FPGA_VCCAUX 0.013163 3.281250 0.042351 FPGA_VCCINT 0.006581 1.093750 0.007058
4505 86 FPGA_VCCAUX 0.013163 3.281250 0.042351 FPGA_VCCINT 0.006581 1.093750 0.007058
4555 87 FPGA_VCCAUX 0.013163 3.281250 0.042351 FPGA_VCCINT 0.006581 1.093750 0.007058
4608 88 FPGA_VCCAUX 0.013163 3.281250 0.042351 FPGA_VCCINT 0.006581 1.093750 0.007058
4661 89 FPGA_VCCAUX 0.013163 3.281250 0.042351 FPGA_VCCINT 0.006581 1.093750 0.007058
4714 90 FPGA_VCCAUX 0.013163 3.281250 0.042351 FPGA_VCCINT 0.006581 1.093750 0.007058
4767 91 FPGA_VCCAUX 0.013163 3.281250 0.042351 FPGA_VCCINT 0.006581 1.093750 0.007058
4818 92 FPGA_VCCAUX 0.013163 3.281250 0.042351 FPGA_VCCINT 0.006581 1.093750 0.007058
4871 93 FPGA_VCCAUX 0.013163 3.281250 0.042351 FPGA_VCCINT 0.006581 1.093750 0.007058
4924 94 FPGA_VCCAUX 0.013163 3.281250 0.042351 FPGA_VCCINT 0.006581 1.093750 0.007058
4977 95 FPGA_VCCAUX 0.013163 3.281250 0.042351 FPGA_VCCINT 0.006581 1.093750 0.007058
5027 96 FPGA_VCCAUX 0.013163 3.281250 0.042351 FPGA_VCCINT 0.006581 1.093750 0.007058
5080 97 FPGA_VCCAUX 0.013163 3.281250 0.042351 FPGA_VCCINT 0.006581 1.093750 0.007058
5134 98 FPGA_VCCAUX 0.013163 3.281250 0.042351 FPGA_VCCINT 0.006581 1.093750 0.007058
5187 99 FPGA_VCCAUX 0.013163 3.281250 0.042351 FPGA_VCCINT 0.006581 1.093750 0.007058
5237 100 FPGA_VCCAUX 0.013163 3.281250 0.042351 FPGA_VCCINT 0.006581 1.093750 0.007058
5291 101 FPGA_VCCAUX 0.013163 3.281250 0.042351 FPGA_VCCINT 0.006581 1.093750 0.007058
5344 102 FPGA_VCCAUX 0.013163 3.281250 0.042351 FPGA_VCCINT 0.006581 1.093750 0.007058
5394 103 FPGA_VCCAUX 0.013163 3.281250 0.042351 FPGA_VCCINT 0.006581 1.093750 0.007058
5448 104 FPGA_VCCAUX 0.013163 3.281250 0.042351 FPGA_VCCINT 0.006581 1.093750 0.007058
5501 105 FPGA_VCCAUX 0.013163 3.281250 0.042351 FPGA_VCCINT 0.006581 1.093750 0.007058
5552 106 FPGA_VCCAUX 0.013163 3.281250 0.042351 FPGA_VCCINT 0.006581 1.093750 0.007058
5605 107 FPGA_VCCAUX 0.013163 3.281250 0.042351 FPGA_VCCINT 0.006581 1.093750 0.007058
5658 108 FPGA_VCCAUX 0.013163 3.281250 0.042351 FPGA_VCCINT 0.006581 1.093750 0.007058
5711 109 FPGA_VCCAUX 0.013163 3.281250 0.042351 FPGA_VCCINT 0.006581 1.093750 0.007058
5762 110 FPGA_VCCAUX 0.013163 3.281250 0.042351 FPGA_VCCINT 0.006581 1.093750 0.007058
5815 111 FPGA_VCCAUX 0.013163 3.281250 0.042351 FPGA_VCCINT 0.006581 1.093750 0.007058
5921 112 FPGA_VCCAUX 0.013163 3.281250 0.042351 FPGA_VCCINT 0.006581 1.093750 0.007058
5972 113 FPGA_VCCAUX 0.013163 3.281250 0.042351 FPGA_VCCINT 0.006581 1.093750 0.007058
6025 114 FPGA_VCCAUX 0.013163 3.281250 0.042351 FPGA_VCCINT 0.006581 1.093750 0.007058
6129 115 FPGA_VCCAUX 0.013163 3.281250 0.042351 FPGA_VCCINT 0.006581 1.093750 0.007058
6182 116 FPGA_VCCAUX 0.013163 3.281250 0.042351 FPGA_VCCINT 0.006581 1.093750 0.007058
6235 117 FPGA_VCCAUX 0.013163 3.281250 0.042351 FPGA_VCCINT 0.006581 1.093750 0.007058
6288 118 FPGA_VCCAUX 0.013163 3.281250 0.042351 FPGA_VCCINT 0.006581 1.093750 0.007058
6339 119 FPGA_VCCAUX 0.013163 3.281250 0.042351 FPGA_VCCINT 0.006581 1.093750 0.007058
6393 120 FPGA_VCCAUX 0.013163 3.281250 0.042351 FPGA_VCCINT 0.006581 1.093750 0.007058
6446 121 FPGA_VCCAUX 0.013163 3.281250 0.042351 FPGA_VCCINT 0.006581 1.093750 0.007058
6496 122 FPGA_VCCAUX 0.013163 3.281250 0.042351 FPGA_VCCINT 0.006581 1.093750 0.007058
6550 123 FPGA_VCCAUX 0.013163 3.281250 0.042351 FPGA_VCCINT 0.006581 1.093750 0.007058
6603 124 FPGA_VCCAUX 0.013163 3.281250 0.042351 FPGA_VCCINT 0.006581 1.093750 0.007058
6654 125 FPGA_VCCAUX 0.013163 3.281250 0.042351 FPGA_VCCINT 0.006581 1.093750 0.007058
6707 126 FPGA_VCCAUX 0.013163 3.281250 0.042351 FPGA_VCCINT 0.006581 1.093750 0.007058
6760 127 FPGA_VCCAUX 0.013163 3.281250 0.042351 FPGA_VCCINT 0.006581 1.093750 0.007058
6811 128 FPGA_VCCAUX 0.013163 3.281250 0.042351 FPGA_VCCINT 0.006581 1.093750 0.007058
6864 129 FPGA_VCCAUX 0.013163 3.281250 0.042351 FPGA_VCCINT 0.006581 1.093750 0.007058
6918 130 FPGA_VCCAUX 0.013163 3.281250 0.042351 FPGA_VCCINT 0.006581 1.093750 0.007058
6968 131 FPGA_VCCAUX 0.013163 3.281250 0.042351 FPGA_VCCINT 0.006581 1.093750 0.007058
7022 132 FPGA_VCCAUX 0.013163 3.281250 0.042351 FPGA_VCCINT 0.006581 1.093750 0.007058
7075 133 FPGA_VCCAUX 0.013163 3.281250 0.042351 FPGA_VCCINT 0.006581 1.093750 0.007058
7126 134 FPGA_VCCAUX 0.013163 3.281250 0.042351 FPGA_VCCINT 0.006581 1.093750 0.007058
7179 135 FPGA_VCCAUX 0.013163 3.281250 0.042351 FPGA_VCCINT 0.006581 1.093750 0.007058
7232 136 FPGA_VCCAUX 0.013163 3.281250 0.042351 FPGA_VCCINT 0.006581 1.093750 0.007058
7335 137 FPGA_VCCAUX 0.013163 3.281250 0.042351 FPGA_VCCINT 0.006581 1.093750 0.007058
7389 138 FPGA_VCCAUX 0.013163 3.281250 0.042351 FPGA_VCCINT 0.006581 1.093750 0.007058
7442 139 FPGA_VCCAUX 0.013163 3.281250 0.042351 FPGA_VCCINT 0.006581 1.093750 0.007058
7495 140 FPGA_VCCAUX 0.013163 3.281250 0.042351 FPGA_VCCINT 0.006581 1.093750 0.007058
7546 141 FPGA_VCCAUX 0.013163 3.281250 0.042351 FPGA_VCCINT 0.006581 1.093750 0.007058
7599 142 FPGA_VCCAUX 0.013163 3.281250 0.042351 FPGA_VCCINT 0.006581 1.093750 0.007058
7653 143 FPGA_VCCAUX 0.013163 3.281250 0.042351 FPGA_VCCINT 0.006581 1.093750 0.007058
7703 144 FPGA_VCCAUX 0.013163 3.281250 0.042351 FPGA_VCCINT 0.006581 1.093750 0.007058
7757 145 FPGA_VCCAUX 0.013163 3.281250 0.042351 FPGA_VCCINT 0.006581 1.093750 0.007058
7810 146 FPGA_VCCAUX 0.013163 3.281250 0.042351 FPGA_VCCINT 0.006581 1.093750 0.007058
7861 147 FPGA_VCCAUX 0.013163 3.281250 0.042351 FPGA_VCCINT 0.006581 1.093750 0.007058
7914 148 FPGA_VCCAUX 0.013163 3.281250 0.042351 FPGA_VCCINT 0.006581 1.093750 0.007058
7967 149 FPGA_VCCAUX 0.013163 3.281250 0.042351 FPGA_VCCINT 0.006581 1.093750 0.007058
8018 150 FPGA_VCCAUX 0.013163 3.281250 0.042351 FPGA_VCCINT 0.006581 1.093750 0.007058
8071 151 FPGA_VCCAUX 0.013163 3.281250 0.042351 FPGA_VCCINT 0.006581 1.093750 0.007058
8124 152 FPGA_VCCAUX 0.013163 3.281250 0.042351 FPGA_VCCINT 0.006581 1.093750 0.007058
8175 153 FPGA_VCCAUX 0.013163 3.281250 0.042351 FPGA_VCCINT 0.006581 1.093750 0.007058
8228 154 FPGA_VCCAUX 0.013163 3.281250 0.042351 FPGA_VCCINT 0.006581 1.093750 0.007058
8282 155 FPGA_VCCAUX 0.013163 3.281250 0.042351 FPGA_VCCINT 0.006581 1.093750 0.007058
8332 156 FPGA_VCCAUX 0.013163 3.281250 0.042351 FPGA_VCCINT 0.006581 1.093750 0.007058
8386 157 FPGA_VCCAUX 0.013163 3.281250 0.042351 FPGA_VCCINT 0.006581 1.093750 0.007058
8439 158 FPGA_VCCAUX 0.013163 3.281250 0.042351 FPGA_VCCINT 0.006581 1.093750 0.007058
8489 159 FPGA_VCCAUX 0.013163 3.281250 0.042351 FPGA_VCCINT 0.006581 1.093750 0.007058
8543 160 FPGA_VCCAUX 0.013163 3.281250 0.042351 FPGA_VCCINT 0.006581 1.093750 0.007058
8596 161 FPGA_VCCAUX 0.013163 3.281250 0.042351 FPGA_VCCINT 0.006581 1.093750 0.007058
8649 162 FPGA_VCCAUX 0.013163 3.281250 0.042351 FPGA_VCCINT 0.006581 1.093750 0.007058
8700 163 FPGA_VCCAUX 0.013163 3.281250 0.042351 FPGA_VCCINT 0.006581 1.093750 0.007058
8753 164 FPGA_VCCAUX 0.013163 3.281250 0.042351 FPGA_VCCINT 0.006581 1.093750 0.007058
8806 165 FPGA_VCCAUX 0.013163 3.281250 0.042351 FPGA_VCCINT 0.006581 1.093750 0.007058
8857 166 FPGA_VCCAUX 0.013163 3.281250 0.042351 FPGA_VCCINT 0.006581 1.093750 0.007058
8910 167 FPGA_VCCAUX 0.013163 3.281250 0.042351 FPGA_VCCINT 0.006581 1.093750 0.007058
8963 168 FPGA_VCCAUX 0.013163 3.281250 0.042351 FPGA_VCCINT 0.006581 1.093750 0.007058
9016 169 FPGA_VCCAUX 0.013163 3.281250 0.042351 FPGA_VCCINT 0.006581 1.093750 0.007058
9067 170 FPGA_VCCAUX 0.013163 3.281250 0.042351 FPGA_VCCINT 0.006581 1.093750 0.007058
9120 171 FPGA_VCCAUX 0.013163 3.281250 0.042351 FPGA_VCCINT 0.006581 1.093750 0.007058
9173 172 FPGA_VCCAUX 0.013163 3.281250 0.042351 FPGA_VCCINT 0.006581 1.093750 0.007058
9224 173 FPGA_VCCAUX 0.013163 3.281250 0.042351 FPGA_VCCINT 0.006581 1.093750 0.007058
9277 174 FPGA_VCCAUX 0.013163 3.281250 0.042351 FPGA_VCCINT 0.006581 1.093750 0.007058
9331 175 FPGA_VCCAUX 0.013163 3.281250 0.042351 FPGA_VCCINT 0.006581 1.093750 0.007058
9384 176 FPGA_VCCAUX 0.013163 3.281250 0.042351 FPGA_VCCINT 0.006581 1.093750 0.007058
9434 177 FPGA_VCCAUX 0.013163 3.281250 0.042351 FPGA_VCCINT 0.006581 1.093750 0.007058
9487 178 FPGA_VCCAUX 0.013163 3.281250 0.042351 FPGA_VCCINT 0.006581 1.093750 0.007058
9541 179 FPGA_VCCAUX 0.013163 3.281250 0.042351 FPGA_VCCINT 0.006581 1.093750 0.007058
9591 180 FPGA_VCCAUX 0.013163 3.281250 0.042351 FPGA_VCCINT 0.006581 1.093750 0.007058
9644 181 FPGA_VCCAUX 0.013163 3.281250 0.042351 FPGA_VCCINT 0.006581 1.093750 0.007058
9698 182 FPGA_VCCAUX 0.013163 3.281250 0.042351 FPGA_VCCINT 0.006581 1.093750 0.007058
9751 183 FPGA_VCCAUX 0.013163 3.281250 0.042351 FPGA_VCCINT 0.006581 1.093750 0.007058
9802 184 FPGA_VCCAUX 0.013163 3.281250 0.042351 FPGA_VCCINT 0.006581 1.093750 0.007058
9855 185 FPGA_VCCAUX 0.013163 3.281250 0.042351 FPGA_VCCINT 0.006581 1.093750 0.007058
9908 186 FPGA_VCCAUX 0.013163 3.281250 0.042351 FPGA_VCCINT 0.006581 1.093750 0.007058
9959 187 FPGA_VCCAUX 0.013163 3.281250 0.042351 FPGA_VCCINT 0.006581 1.093750 0.007058
10012 188 FPGA_VCCAUX 0.013163 3.281250 0.042351 FPGA_VCCINT 0.006581 1.093750 0.007058
10065 189 FPGA_VCCAUX 0.013163 3.281250 0.042351 FPGA_VCCINT 0.006581 1.093750 0.007058
10116 190 FPGA_VCCAUX 0.013163 3.281250 0.042351 FPGA_VCCINT 0.006581 1.093750 0.007058
10170 191 FPGA_VCCAUX 0.013163 3.281250 0.042351 FPGA_VCCINT 0.006581 1.093750 0.007058
10247 192 FPGA_VCCAUX 0.013163 3.281250 0.042351 FPGA_VCCINT 0.006581 1.093750 0.007058
10300 193 FPGA_VCCAUX 0.013163 3.281250 0.042351 FPGA_VCCINT 0.006581 1.093750 0.007058
10352 194 FPGA_VCCAUX 0.013163 3.281250 0.042351 FPGA_VCCINT 0.006581 1.093750 0.007058
10405 195 FPGA_VCCAUX 0.013163 3.281250 0.042351 FPGA_VCCINT 0.006581 1.093750 0.007058
10459 196 FPGA_VCCAUX 0.013163 3.281250 0.042351 FPGA_VCCINT 0.006581 1.093750 0.007058
10510 197 FPGA_VCCAUX 0.013163 3.281250 0.042351 FPGA_VCCINT 0.006581 1.093750 0.007058
10563 198 FPGA_VCCAUX 0.013163 3.281250 0.042351 FPGA_VCCINT 0.006581 1.093750 0.007058
10614 199 FPGA_VCCAUX 0.013163 3.281250 0.042351 FPGA_VCCINT 0.006581 1.093750 0.007058
10668 200 FPGA_VCCAUX 0.013163 3.281250 0.042351 FPGA_VCCINT 0.006581 1.093750 0.007058
10719 201 FPGA_VCCAUX 0.013163 3.281250 0.042351 FPGA_VCCINT 0.006581 1.093750 0.007058
10773 202 FPGA_VCCAUX 0.013163 3.281250 0.042351 FPGA_VCCINT 0.006581 1.093750 0.007058
10826 203 FPGA_VCCAUX 0.013163 3.281250 0.042351 FPGA_VCCINT 0.006581 1.093750 0.007058
10877 204 FPGA_VCCAUX 0.013163 3.281250 0.042351 FPGA_VCCINT 0.006581 1.093750 0.007058
10930 205 FPGA_VCCAUX 0.013163 3.281250 0.042351 FPGA_VCCINT 0.006581 1.093750 0.007058
10981 206 FPGA_VCCAUX 0.013163 3.281250 0.042351 FPGA_VCCINT 0.006581 1.093750 0.007058
11035 207 FPGA_VCCAUX 0.013163 3.281250 0.042351 FPGA_VCCINT 0.006581 1.093750 0.007058
11139 208 FPGA_VCCAUX 0.013163 3.281250 0.042351 FPGA_VCCINT 0.006581 1.093750 0.007058
11192 209 FPGA_VCCAUX 0.013163 3.281250 0.042351 FPGA_VCCINT 0.006581 1.093750 0.007058
11246 210 FPGA_VCCAUX 0.013163 3.281250 0.042351 FPGA_VCCINT 0.006581 1.093750 0.007058
11296 211 FPGA_VCCAUX 0.013163 3.281250 0.042351 FPGA_VCCINT 0.006581 1.093750 0.007058
11350 212 FPGA_VCCAUX 0.013163 3.281250 0.042351 FPGA_VCCINT 0.006581 1.093750 0.007058
11453 213 FPGA_VCCAUX 0.013163 3.281250 0.042351 FPGA_VCCINT 0.006581 1.093750 0.007058
11507 214 FPGA_VCCAUX 0.013163 3.281250 0.042351 FPGA_VCCINT 0.006581 1.093750 0.007058
11560 215 FPGA_VCCAUX 0.013163 3.281250 0.042351 FPGA_VCCINT 0.006581 1.093750 0.007058
11611 216 FPGA_VCCAUX 0.013163 3.281250 0.042351 FPGA_VCCINT 0.006581 1.093750 0.007058
11665 217 FPGA_VCCAUX 0.013163 3.281250 0.042351 FPGA_VCCINT 0.006581 1.093750 0.007058
11716 218 FPGA_VCCAUX 0.013163 3.281250 0.042351 FPGA_VCCINT 0.006581 1.093750 0.007058
11769 219 FPGA_VCCAUX 0.013163 3.281250 0.042351 FPGA_VCCINT 0.006581 1.093750 0.007058
11823 220 FPGA_VCCAUX 0.013163 3.281250 0.042351 FPGA_VCCINT 0.006581 1.093750 0.007058
11874 221 FPGA_VCCAUX 0.013163 3.281250 0.042351 FPGA_VCCINT 0.006581 1.093750 0.007058
11928 222 FPGA_VCCAUX 0.013163 3.281250 0.042351 FPGA_VCCINT 0.006581 1.093750 0.007058
11979 223 FPGA_VCCAUX 0.013163 3.281250 0.042351 FPGA_VCCINT 0.006581 1.093750 0.007058
12032 224 FPGA_VCCAUX 0.013163 3.281250 0.042351 FPGA_VCCINT 0.006581 1.093750 0.007058
12083 225 FPGA_VCCAUX 0.013163 3.281250 0.042351 FPGA_VCCINT 0.006581 1.093750 0.007058
12137 226 FPGA_VCCAUX 0.013163 3.281250 0.042351 FPGA_VCCINT 0.006581 1.093750 0.007058
12190 227 FPGA_VCCAUX 0.013163 3.281250 0.042351 FPGA_VCCINT 0.006581 1.093750 0.007058
12241 228 FPGA_VCCAUX 0.013163 3.281250 0.042351 FPGA_VCCINT 0.006581 1.093750 0.007058
12295 229 FPGA_VCCAUX 0.013163 3.281250 0.042351 FPGA_VCCINT 0.006581 1.093750 0.007058
12346 230 FPGA_VCCAUX 0.013163 3.281250 0.042351 FPGA_VCCINT 0.006581 1.093750 0.007058
12399 231 FPGA_VCCAUX 0.013163 3.281250 0.042351 FPGA_VCCINT 0.006581 1.093750 0.007058
12453 232 FPGA_VCCAUX 0.013163 3.281250 0.042351 FPGA_VCCINT 0.006581 1.093750 0.007058
12504 233 FPGA_VCCAUX 0.013163 3.281250 0.042351 FPGA_VCCINT 0.006581 1.093750 0.007058
12557 234 FPGA_VCCAUX 0.013163 3.281250 0.042351 FPGA_VCCINT 0.006581 1.093750 0.007058
12609 235 FPGA_VCCAUX 0.013163 3.281250 0.042351 FPGA_VCCINT 0.006581 1.093750 0.007058
12662 236 FPGA_VCCAUX 0.013163 3.281250 0.042351 FPGA_VCCINT 0.006581 1.093750 0.007058
12713 237 FPGA_VCCAUX 0.013163 3.281250 0.042351 FPGA_VCCINT 0.006581 1.093750 0.007058
12766 238 FPGA_VCCAUX 0.013163 3.281250 0.042351 FPGA_VCCINT 0.006581 1.093750 0.007058
12820 239 FPGA_VCCAUX 0.013163 3.281250 0.042351 FPGA_VCCINT 0.006581 1.093750 0.007058
12871 240 FPGA_VCCAUX 0.013163 3.281250 0.042351 FPGA_VCCINT 0.006581 1.093750 0.007058
12924 241 FPGA_VCCAUX 0.013163 3.281250 0.042351 FPGA_VCCINT 0.006581 1.093750 0.007058
12975 242 FPGA_VCCAUX 0.013163 3.281250 0.042351 FPGA_VCCINT 0.006581 1.093750 0.007058
13029 243 FPGA_VCCAUX 0.013163 3.281250 0.042351 FPGA_VCCINT 0.006581 1.093750 0.007058
13082 244 FPGA_VCCAUX 0.013163 3.281250 0.042351 FPGA_VCCINT 0.006581 1.093750 0.007058
13133 245 FPGA_VCCAUX 0.013163 3.281250 0.042351 FPGA_VCCINT 0.006581 1.093750 0.007058
13187 246 FPGA_VCCAUX 0.013163 3.281250 0.042351 FPGA_VCCINT 0.006581 1.093750 0.007058
13238 247 FPGA_VCCAUX 0.013163 3.281250 0.042351 FPGA_VCCINT 0.006581 1.093750 0.007058
13291 248 FPGA_VCCAUX 0.013163 3.281250 0.042351 FPGA_VCCINT 0.006581 1.093750 0.007058
13342 249 FPGA_VCCAUX 0.013163 3.281250 0.042351 FPGA_VCCINT 0.006581 1.093750 0.007058
13396 250 FPGA_VCCAUX 0.013163 3.281250 0.042351 FPGA_VCCINT 0.006581 1.093750 0.007058
13449 251 FPGA_VCCAUX 0.013163 3.281250 0.042351 FPGA_VCCINT 0.006581 1.093750 0.007058
13500 252 FPGA_VCCAUX 0.013163 3.281250 0.042351 FPGA_VCCINT 0.006581 1.093750 0.007058
13554 253 FPGA_VCCAUX 0.013163 3.281250 0.042351 FPGA_VCCINT 0.006581 1.093750 0.007058
13605 254 FPGA_VCCAUX 0.013163 3.281250 0.042351 FPGA_VCCINT 0.006581 1.093750 0.007058
13658 255 FPGA_VCCAUX 0.013163 3.281250 0.042351 FPGA_VCCINT 0.006581 1.093750 0.007058
13710 256 FPGA_VCCAUX 0.013163 3.281250 0.042351 FPGA_VCCINT 0.006581 1.093750 0.007058
13763 257 FPGA_VCCAUX 0.013163 3.281250 0.042351 FPGA_VCCINT 0.006581 1.093750 0.007058
13817 258 FPGA_VCCAUX 0.013163 3.281250 0.042351 FPGA_VCCINT 0.006581 1.093750 0.007058
13867 259 FPGA_VCCAUX 0.013163 3.281250 0.042351 FPGA_VCCINT 0.006581 1.093750 0.007058
13921 260 FPGA_VCCAUX 0.013163 3.281250 0.042351 FPGA_VCCINT 0.006581 1.093750 0.007058
13974 261 FPGA_VCCAUX 0.013163 3.281250 0.042351 FPGA_VCCINT 0.006581 1.093750 0.007058
14025 262 FPGA_VCCAUX 0.013163 3.281250 0.042351 FPGA_VCCINT 0.006581 1.093750 0.007058
14079 263 FPGA_VCCAUX 0.013163 3.281250 0.042351 FPGA_VCCINT 0.006581 1.093750 0.007058
14130 264 FPGA_VCCAUX 0.013163 3.281250 0.042351 FPGA_VCCINT 0.006581 1.093750 0.007058
14183 265 FPGA_VCCAUX 0.013163 3.281250 0.042351 FPGA_VCCINT 0.006581 1.093750 0.007058
14237 266 FPGA_VCCAUX 0.013163 3.281250 0.042351 FPGA_VCCINT 0.006581 1.093750 0.007058
14288 267 FPGA_VCCAUX 0.013163 3.281250 0.042351 FPGA_VCCINT 0.006581 1.093750 0.007058
14341 268 FPGA_VCCAUX 0.013163 3.281250 0.042351 FPGA_VCCINT 0.006581 1.093750 0.007058
14392 269 FPGA_VCCAUX 0.013163 3.281250 0.042351 FPGA_VCCINT 0.006581 1.093750 0.007058
14446 270 FPGA_VCCAUX 0.013163 3.281250 0.042351 FPGA_VCCINT 0.006581 1.093750 0.007058
14497 271 FPGA_VCCAUX 0.013163 3.281250 0.042351 FPGA_VCCINT 0.006581 1.093750 0.007058
14550 272 FPGA_VCCAUX 0.013163 3.281250 0.042351 FPGA_VCCINT 0.006581 1.093750 0.007058
14654 273 FPGA_VCCAUX 0.013163 3.281250 0.042351 FPGA_VCCINT 0.006581 1.093750 0.007058
14708 274 FPGA_VCCAUX 0.013163 3.281250 0.042351 FPGA_VCCINT 0.006581 1.093750 0.007058
14761 275 FPGA_VCCAUX 0.013163 3.281250 0.042351 FPGA_VCCINT 0.006581 1.093750 0.007058
14812 276 FPGA_VCCAUX 0.013163 3.281250 0.042351 FPGA_VCCINT 0.006581 1.093750 0.007058
14866 277 FPGA_VCCAUX 0.013163 3.281250 0.042351 FPGA_VCCINT 0.006581 1.093750 0.007058
14919 278 FPGA_VCCAUX 0.013163 3.281250 0.042351 FPGA_VCCINT 0.006581 1.093750 0.007058
14970 279 FPGA_VCCAUX 0.013163 3.281250 0.042351 FPGA_VCCINT 0.006581 1.093750 0.007058
15023 280 FPGA_VCCAUX 0.013163 3.281250 0.042351 FPGA_VCCINT 0.006581 1.093750 0.007058
15074 281 FPGA_VCCAUX 0.013163 3.281250 0.042351 FPGA_VCCINT 0.006581 1.093750 0.007058
15128 282 FPGA_VCCAUX 0.013163 3.281250 0.042351 FPGA_VCCINT 0.006581 1.093750 0.007058
15179 283 FPGA_VCCAUX 0.013163 3.281250 0.042351 FPGA_VCCINT 0.006581 1.093750 0.007058
15233 284 FPGA_VCCAUX 0.013163 3.281250 0.042351 FPGA_VCCINT 0.006581 1.093750 0.007058
15286 285 FPGA_VCCAUX 0.013163 3.281250 0.042351 FPGA_VCCINT 0.006581 1.093750 0.007058
15337 286 FPGA_VCCAUX 0.013163 3.281250 0.042351 FPGA_VCCINT 0.006581 1.093750 0.007058
15391 287 FPGA_VCCAUX 0.013163 3.281250 0.042351 FPGA_VCCINT 0.006581 1.093750 0.007058
15441 288 FPGA_VCCAUX 0.013163 3.281250 0.042351 FPGA_VCCINT 0.006581 1.093750 0.007058
15495 289 FPGA_VCCAUX 0.013163 3.281250 0.042351 FPGA_VCCINT 0.006581 1.093750 0.007058
15546 290 FPGA_VCCAUX 0.013163 3.281250 0.042351 FPGA_VCCINT 0.006581 1.093750 0.007058
15600 291 FPGA_VCCAUX 0.013163 3.281250 0.042351 FPGA_VCCINT 0.006581 1.093750 0.007058
15653 292 FPGA_VCCAUX 0.013163 3.281250 0.042351 FPGA_VCCINT 0.006581 1.093750 0.007058
15704 293 FPGA_VCCAUX 0.013163 3.281250 0.042351 FPGA_VCCINT 0.006581 1.093750 0.007058
15758 294 FPGA_VCCAUX 0.013163 3.281250 0.042351 FPGA_VCCINT 0.006581 1.093750 0.007058
15809 295 FPGA_VCCAUX 0.013163 3.281250 0.042351 FPGA_VCCINT 0.006581 1.093750 0.007058
15862 296 FPGA_VCCAUX 0.013163 3.281250 0.042351 FPGA_VCCINT 0.006581 1.093750 0.007058
15916 297 FPGA_VCCAUX 0.013163 3.281250 0.042351 FPGA_VCCINT 0.006581 1.093750 0.007058
15967 298 FPGA_VCCAUX 0.013163 3.281250 0.042351 FPGA_VCCINT 0.006581 1.093750 0.007058
16020 299 FPGA_VCCAUX 0.013163 3.281250 0.042351 FPGA_VCCINT 0.006581 1.093750 0.007058
16071 300 FPGA_VCCAUX 0.013163 3.281250 0.042351 FPGA_VCCINT 0.006581 1.093750 0.007058
16125 301 FPGA_VCCAUX 0.013163 3.281250 0.042351 FPGA_VCCINT 0.006581 1.093750 0.007058
16178 302 FPGA_VCCAUX 0.013163 3.281250 0.042351 FPGA_VCCINT 0.006581 1.093750 0.007058
16229 303 FPGA_VCCAUX 0.013163 3.281250 0.042351 FPGA_VCCINT 0.006581 1.093750 0.007058
16283 304 FPGA_VCCAUX 0.013163 3.281250 0.042351 FPGA_VCCINT 0.006581 1.093750 0.007058
16334 305 FPGA_VCCAUX 0.013163 3.281250 0.042351 FPGA_VCCINT 0.006581 1.093750 0.007058
16388 306 FPGA_VCCAUX 0.013163 3.281250 0.042351 FPGA_VCCINT 0.006581 1.093750 0.007058
16438 307 FPGA_VCCAUX 0.013163 3.281250 0.042351 FPGA_VCCINT 0.006581 1.093750 0.007058
16492 308 FPGA_VCCAUX 0.013163 3.281250 0.042351 FPGA_VCCINT 0.006581 1.093750 0.007058
16545 309 FPGA_VCCAUX 0.013163 3.281250 0.042351 FPGA_VCCINT 0.006581 1.093750 0.007058
16596 310 FPGA_VCCAUX 0.013163 3.281250 0.042351 FPGA_VCCINT 0.006581 1.093750 0.007058
16650 311 FPGA_VCCAUX 0.013163 3.281250 0.042351 FPGA_VCCINT 0.006581 1.093750 0.007058
16701 312 FPGA_VCCAUX 0.013163 3.281250 0.042351 FPGA_VCCINT 0.006581 1.093750 0.007058
16755 313 FPGA_VCCAUX 0.013163 3.281250 0.042351 FPGA_VCCINT 0.006581 1.093750 0.007058
16806 314 FPGA_VCCAUX 0.013163 3.281250 0.042351 FPGA_VCCINT 0.006581 1.093750 0.007058
16859 315 FPGA_VCCAUX 0.013163 3.281250 0.042351 FPGA_VCCINT 0.006581 1.093750 0.007058
16913 316 FPGA_VCCAUX 0.013163 3.281250 0.042351 FPGA_VCCINT 0.006581 1.093750 0.007058
16963 317 FPGA_VCCAUX 0.013163 3.281250 0.042351 FPGA_VCCINT 0.006581 1.093750 0.007058
17017 318 FPGA_VCCAUX 0.013163 3.281250 0.042351 FPGA_VCCINT 0.006581 1.093750 0.007058
17068 319 FPGA_VCCAUX 0.013163 3.281250 0.042351 FPGA_VCCINT 0.006581 1.093750 0.007058
17122 320 FPGA_VCCAUX 0.013163 3.281250 0.042351 FPGA_VCCINT 0.006581 1.093750 0.007058
17173 321 FPGA_VCCAUX 0.013163 3.281250 0.042351 FPGA_VCCINT 0.006581 1.093750 0.007058
17226 322 FPGA_VCCAUX 0.013163 3.281250 0.042351 FPGA_VCCINT 0.006581 1.093750 0.007058
17280 323 FPGA_VCCAUX 0.013163 3.281250 0.042351 FPGA_VCCINT 0.006581 1.093750 0.007058
17331 324 FPGA_VCCAUX 0.013163 3.281250 0.042351 FPGA_VCCINT 0.006581 1.093750 0.007058
17384 325 FPGA_VCCAUX 0.013163 3.281250 0.042351 FPGA_VCCINT 0.006581 1.093750 0.007058
17435 326 FPGA_VCCAUX 0.013163 3.281250 0.042351 FPGA_VCCINT 0.006581 1.093750 0.007058
17489 327 FPGA_VCCAUX 0.013163 3.281250 0.042351 FPGA_VCCINT 0.006581 1.093750 0.007058
17540 328 FPGA_VCCAUX 0.013163 3.281250 0.042351 FPGA_VCCINT 0.006581 1.093750 0.007058
17593 329 FPGA_VCCAUX 0.013163 3.281250 0.042351 FPGA_VCCINT 0.006581 1.093750 0.007058
17647 330 FPGA_VCCAUX 0.013163 3.281250 0.042351 FPGA_VCCINT 0.006581 1.093750 0.007058
17698 331 FPGA_VCCAUX 0.013163 3.281250 0.042351 FPGA_VCCINT 0.006581 1.093750 0.007058
17751 332 FPGA_VCCAUX 0.013163 3.281250 0.042351 FPGA_VCCINT 0.006581 1.093750 0.007058
17803 333 FPGA_VCCAUX 0.013163 3.281250 0.042351 FPGA_VCCINT 0.006581 1.093750 0.007058
17882 334 FPGA_VCCAUX 0.013163 3.281250 0.042351 FPGA_VCCINT 0.006581 1.093750 0.007058
17933 335 FPGA_VCCAUX 0.013163 3.281250 0.042351 FPGA_VCCINT 0.006581 1.093750 0.007058
17987 336 FPGA_VCCAUX 0.013163 3.281250 0.042351 FPGA_VCCINT 0.006581 1.093750 0.007058
18040 337 FPGA_VCCAUX 0.013163 3.281250 0.042351 FPGA_VCCINT 0.006581 1.093750 0.007058
18092 338 FPGA_VCCAUX 0.013163 3.281250 0.042351 FPGA_VCCINT 0.006581 1.093750 0.007058
18145 339 FPGA_VCCAUX 0.013163 3.281250 0.042351 FPGA_VCCINT 0.006581 1.093750 0.007058
18196 340 FPGA_VCCAUX 0.013163 3.281250 0.042351 FPGA_VCCINT 0.006581 1.093750 0.007058
18250 341 FPGA_VCCAUX 0.013163 3.281250 0.042351 FPGA_VCCINT 0.006581 1.093750 0.007058
18301 342 FPGA_VCCAUX 0.013163 3.281250 0.042351 FPGA_VCCINT 0.006581 1.093750 0.007058
18354 343 FPGA_VCCAUX 0.013163 3.281250 0.042351 FPGA_VCCINT 0.006581 1.093750 0.007058
18408 344 FPGA_VCCAUX 0.013163 3.281250 0.042351 FPGA_VCCINT 0.006581 1.093750 0.007058
18459 345 FPGA_VCCAUX 0.013163 3.281250 0.042351 FPGA_VCCINT 0.006581 1.093750 0.007058
18512 346 FPGA_VCCAUX 0.013163 3.281250 0.042351 FPGA_VCCINT 0.006581 1.093750 0.007058
18563 347 FPGA_VCCAUX 0.013163 3.281250 0.042351 FPGA_VCCINT 0.006581 1.093750 0.007058
18617 348 FPGA_VCCAUX 0.013163 3.281250 0.042351 FPGA_VCCINT 0.006581 1.093750 0.007058
18668 349 FPGA_VCCAUX 0.013163 3.281250 0.042351 FPGA_VCCINT 0.006581 1.093750 0.007058
18721 350 FPGA_VCCAUX 0.013163 3.281250 0.042351 FPGA_VCCINT 0.006581 1.093750 0.007058
18775 351 FPGA_VCCAUX 0.013163 3.281250 0.042351 FPGA_VCCINT 0.006581 1.093750 0.007058
18826 352 FPGA_VCCAUX 0.013163 3.281250 0.042351 FPGA_VCCINT 0.006581 1.093750 0.007058
18880 353 FPGA_VCCAUX 0.013163 3.281250 0.042351 FPGA_VCCINT 0.006581 1.093750 0.007058
18930 354 FPGA_VCCAUX 0.013163 3.281250 0.042351 FPGA_VCCINT 0.006581 1.093750 0.007058
18984 355 FPGA_VCCAUX 0.013163 3.281250 0.042351 FPGA_VCCINT 0.006581 1.093750 0.007058
19038 356 FPGA_VCCAUX 0.013163 3.281250 0.042351 FPGA_VCCINT 0.006581 1.093750 0.007058
19088 357 FPGA_VCCAUX 0.013163 3.281250 0.042351 FPGA_VCCINT 0.006581 1.093750 0.007058
19142 358 FPGA_VCCAUX 0.013163 3.281250 0.042351 FPGA_VCCINT 0.006581 1.093750 0.007058
19193 359 FPGA_VCCAUX 0.013163 3.281250 0.042351 FPGA_VCCINT 0.006581 1.093750 0.007058
19247 360 FPGA_VCCAUX 0.013163 3.281250 0.042351 FPGA_VCCINT 0.006581 1.093750 0.007058
19298 361 FPGA_VCCAUX 0.013163 3.281250 0.042351 FPGA_VCCINT 0.006581 1.093750 0.007058
19351 362 FPGA_VCCAUX 0.013163 3.281250 0.042351 FPGA_VCCINT 0.006581 1.093750 0.007058
19405 363 FPGA_VCCAUX 0.013163 3.281250 0.042351 FPGA_VCCINT 0.006581 1.093750 0.007058
19456 364 FPGA_VCCAUX 0.013163 3.281250 0.042351 FPGA_VCCINT 0.006581 1.093750 0.007058
19509 365 FPGA_VCCAUX 0.013163 3.281250 0.042351 FPGA_VCCINT 0.006581 1.093750 0.007058
19560 366 FPGA_VCCAUX 0.013163 3.281250 0.042351 FPGA_VCCINT 0.006581 1.093750 0.007058
19614 367 FPGA_VCCAUX 0.013163 3.281250 0.042351 FPGA_VCCINT 0.006581 1.093750 0.007058
19665 368 FPGA_VCCAUX 0.013163 3.281250 0.042351 FPGA_VCCINT 0.006581 1.093750 0.007058
19718 369 FPGA_VCCAUX 0.013163 3.281250 0.042351 FPGA_VCCINT 0.006581 1.093750 0.007058
19772 370 FPGA_VCCAUX 0.013163 3.281250 0.042351 FPGA_VCCINT 0.006581 1.093750 0.007058
19823 371 FPGA_VCCAUX 0.013163 3.281250 0.042351 FPGA_VCCINT 0.006581 1.093750 0.007058
19876 372 FPGA_VCCAUX 0.013163 3.281250 0.042351 FPGA_VCCINT 0.006581 1.093750 0.007058
19928 373 FPGA_VCCAUX 0.013163 3.281250 0.042351 FPGA_VCCINT 0.006581 1.093750 0.007058
19981 374 FPGA_VCCAUX 0.013163 3.281250 0.042351 FPGA_VCCINT 0.006581 1.093750 0.007058
20032 375 FPGA_VCCAUX 0.013163 3.281250 0.042351 FPGA_VCCINT 0.006581 1.093750 0.007058
20086 376 FPGA_VCCAUX 0.013163 3.281250 0.042351 FPGA_VCCINT 0.006581 1.093750 0.007058
20139 377 FPGA_VCCAUX 0.013163 3.281250 0.042351 FPGA_VCCINT 0.006581 1.093750 0.007058
20190 378 FPGA_VCCAUX 0.013163 3.281250 0.042351 FPGA_VCCINT 0.006581 1.093750 0.007058
20244 379 FPGA_VCCAUX 0.013163 3.281250 0.042351 FPGA_VCCINT 0.006581 1.093750 0.007058
20295 380 FPGA_VCCAUX 0.013163 3.281250 0.042351 FPGA_VCCINT 0.006581 1.093750 0.007058
20348 381 FPGA_VCCAUX 0.013163 3.281250 0.042351 FPGA_VCCINT 0.006581 1.093750 0.007058
20399 382 FPGA_VCCAUX 0.013163 3.281250 0.042351 FPGA_VCCINT 0.006581 1.093750 0.007058
20453 383 FPGA_VCCAUX 0.013163 3.281250 0.042351 FPGA_VCCINT 0.006581 1.093750 0.007058
20506 384 FPGA_VCCAUX 0.013163 3.281250 0.042351 FPGA_VCCINT 0.006581 1.093750 0.007058
20557 385 FPGA_VCCAUX 0.013163 3.281250 0.042351 FPGA_VCCINT 0.006581 1.093750 0.007058
20611 386 FPGA_VCCAUX 0.013163 3.281250 0.042351 FPGA_VCCINT 0.006581 1.093750 0.007058
20662 387 FPGA_VCCAUX 0.013163 3.281250 0.042351 FPGA_VCCINT 0.006581 1.093750 0.007058
20715 388 FPGA_VCCAUX 0.013163 3.281250 0.042351 FPGA_VCCINT 0.006581 1.093750 0.007058
20769 389 FPGA_VCCAUX 0.013163 3.281250 0.042351 FPGA_VCCINT 0.006581 1.093750 0.007058
20820 390 FPGA_VCCAUX 0.013163 3.281250 0.042351 FPGA_VCCINT 0.006581 1.093750 0.007058
20873 391 FPGA_VCCAUX 0.013163 3.281250 0.042351 FPGA_VCCINT 0.006581 1.093750 0.007058
20924 392 FPGA_VCCAUX 0.013163 3.281250 0.042351 FPGA_VCCINT 0.006581 1.093750 0.007058
20978 393 FPGA_VCCAUX 0.013163 3.281250 0.042351 FPGA_VCCINT 0.006581 1.093750 0.007058
21029 394 FPGA_VCCAUX 0.013163 3.281250 0.042351 FPGA_VCCINT 0.006581 1.093750 0.007058
21082 395 FPGA_VCCAUX 0.013163 3.281250 0.042351 FPGA_VCCINT 0.006581 1.093750 0.007058
21136 396 FPGA_VCCAUX 0.013163 3.281250 0.042351 FPGA_VCCINT 0.006581 1.093750 0.007058
21187 397 FPGA_VCCAUX 0.013163 3.281250 0.042351 FPGA_VCCINT 0.006581 1.093750 0.007058
21240 398 FPGA_VCCAUX 0.013163 3.281250 0.042351 FPGA_VCCINT 0.006581 1.093750 0.007058
21291 399 FPGA_VCCAUX 0.013163 3.281250 0.042351 FPGA_VCCINT 0.006581 1.093750 0.007058
21345 400 FPGA_VCCAUX 0.013163 3.281250 0.042351 FPGA_VCCINT 0.006581 1.093750 0.007058
21396 401 FPGA_VCCAUX 0.013163 3.281250 0.042351 FPGA_VCCINT 0.006581 1.093750 0.007058
21449 402 FPGA_VCCAUX 0.013163 3.281250 0.042351 FPGA_VCCINT 0.006581 1.093750 0.007058
21503 403 FPGA_VCCAUX 0.013163 3.281250 0.042351 FPGA_VCCINT 0.006581 1.093750 0.007058
21554 404 FPGA_VCCAUX 0.013163 3.281250 0.042351 FPGA_VCCINT 0.006581 1.093750 0.007058
21608 405 FPGA_VCCAUX 0.013163 3.281250 0.042351 FPGA_VCCINT 0.006581 1.093750 0.007058
21658 406 FPGA_VCCAUX 0.013163 3.281250 0.042351 FPGA_VCCINT 0.006581 1.093750 0.007058
21712 407 FPGA_VCCAUX 0.013163 3.281250 0.042351 FPGA_VCCINT 0.006581 1.093750 0.007058
21763 408 FPGA_VCCAUX 0.013163 3.281250 0.042351 FPGA_VCCINT 0.006581 1.093750 0.007058
21816 409 FPGA_VCCAUX 0.013163 3.281250 0.042351 FPGA_VCCINT 0.006581 1.093750 0.007058
21870 410 FPGA_VCCAUX 0.013163 3.281250 0.042351 FPGA_VCCINT 0.006581 1.093750 0.007058
21921 411 FPGA_VCCAUX 0.013163 3.281250 0.042351 FPGA_VCCINT 0.006581 1.093750 0.007058
21975 412 FPGA_VCCAUX 0.013163 3.281250 0.042351 FPGA_VCCINT 0.006581 1.093750 0.007058
22026 413 FPGA_VCCAUX 0.013163 3.281250 0.042351 FPGA_VCCINT 0.006581 1.093750 0.007058
22079 414 FPGA_VCCAUX 0.013163 3.281250 0.042351 FPGA_VCCINT 0.006581 1.093750 0.007058
22130 415 FPGA_VCCAUX 0.013163 3.281250 0.042351 FPGA_VCCINT 0.006581 1.093750 0.007058
22184 416 FPGA_VCCAUX 0.013163 3.281250 0.042351 FPGA_VCCINT 0.006581 1.093750 0.007058
22237 417 FPGA_VCCAUX 0.013163 3.281250 0.042351 FPGA_VCCINT 0.006581 1.093750 0.007058
22288 418 FPGA_VCCAUX 0.013163 3.281250 0.042351 FPGA_VCCINT 0.006581 1.093750 0.007058
22342 419 FPGA_VCCAUX 0.013163 3.281250 0.042351 FPGA_VCCINT 0.006581 1.093750 0.007058
22393 420 FPGA_VCCAUX 0.013163 3.281250 0.042351 FPGA_VCCINT 0.006581 1.093750 0.007058
22446 421 FPGA_VCCAUX 0.013163 3.281250 0.042351 FPGA_VCCINT 0.006581 1.093750 0.007058
22497 422 FPGA_VCCAUX 0.013163 3.281250 0.042351 FPGA_VCCINT 0.006581 1.093750 0.007058
22551 423 FPGA_VCCAUX 0.013163 3.281250 0.042351 FPGA_VCCINT 0.006581 1.093750 0.007058
22605 424 FPGA_VCCAUX 0.013163 3.281250 0.042351 FPGA_VCCINT 0.006581 1.093750 0.007058
22656 425 FPGA_VCCAUX 0.013163 3.281250 0.042351 FPGA_VCCINT 0.006581 1.093750 0.007058
22709 426 FPGA_VCCAUX 0.013163 3.281250 0.042351 FPGA_VCCINT 0.006581 1.093750 0.007058
22760 427 FPGA_VCCAUX 0.013163 3.281250 0.042351 FPGA_VCCINT 0.006581 1.093750 0.007058
22814 428 FPGA_VCCAUX 0.013163 3.281250 0.042351 FPGA_VCCINT 0.006581 1.093750 0.007058
22867 429 FPGA_VCCAUX 0.013163 3.281250 0.042351 FPGA_VCCINT 0.006581 1.093750 0.007058
22918 430 FPGA_VCCAUX 0.013163 3.281250 0.042351 FPGA_VCCINT 0.006581 1.093750 0.007058
22971 431 FPGA_VCCAUX 0.013163 3.281250 0.042351 FPGA_VCCINT 0.006581 1.093750 0.007058
23075 432 FPGA_VCCAUX 0.013163 3.281250 0.042351 FPGA_VCCINT 0.006581 1.093750 0.007058
23128 433 FPGA_VCCAUX 0.013163 3.281250 0.042351 FPGA_VCCINT 0.006581 1.093750 0.007058
23182 434 FPGA_VCCAUX 0.013163 3.281250 0.042351 FPGA_VCCINT 0.006581 1.093750 0.007058
23232 435 FPGA_VCCAUX 0.013163 3.281250 0.042351 FPGA_VCCINT 0.006581 1.093750 0.007058
23286 436 FPGA_VCCAUX 0.013163 3.281250 0.042351 FPGA_VCCINT 0.006581 1.093750 0.007058
23339 437 FPGA_VCCAUX 0.013163 3.281250 0.042351 FPGA_VCCINT 0.006581 1.093750 0.007058
23391 438 FPGA_VCCAUX 0.013163 3.281250 0.042351 FPGA_VCCINT 0.006581 1.093750 0.007058
23444 439 FPGA_VCCAUX 0.013163 3.281250 0.042351 FPGA_VCCINT 0.006581 1.093750 0.007058
23495 440 FPGA_VCCAUX 0.013163 3.281250 0.042351 FPGA_VCCINT 0.006581 1.093750 0.007058
23549 441 FPGA_VCCAUX 0.013163 3.281250 0.042351 FPGA_VCCINT 0.006581 1.093750 0.007058
23600 442 FPGA_VCCAUX 0.013163 3.281250 0.042351 FPGA_VCCINT 0.006581 1.093750 0.007058
23654 443 FPGA_VCCAUX 0.013163 3.281250 0.042351 FPGA_VCCINT 0.006581 1.093750 0.007058
23704 444 FPGA_VCCAUX 0.013163 3.281250 0.042351 FPGA_VCCINT 0.006581 1.093750 0.007058
23758 445 FPGA_VCCAUX 0.013163 3.281250 0.042351 FPGA_VCCINT 0.006581 1.093750 0.007058
23809 446 FPGA_VCCAUX 0.013163 3.281250 0.042351 FPGA_VCCINT 0.006581 1.093750 0.007058
23863 447 FPGA_VCCAUX 0.013163 3.281250 0.042351 FPGA_VCCINT 0.006581 1.093750 0.007058
23914 448 FPGA_VCCAUX 0.013163 3.281250 0.042351 FPGA_VCCINT 0.006581 1.093750 0.007058
23968 449 FPGA_VCCAUX 0.013163 3.281250 0.042351 FPGA_VCCINT 0.006581 1.093750 0.007058
24021 450 FPGA_VCCAUX 0.013163 3.281250 0.042351 FPGA_VCCINT 0.006581 1.093750 0.007058
24072 451 FPGA_VCCAUX 0.013163 3.281250 0.042351 FPGA_VCCINT 0.006581 1.093750 0.007058
24125 452 FPGA_VCCAUX 0.013163 3.281250 0.042351 FPGA_VCCINT 0.006581 1.093750 0.007058
24176 453 FPGA_VCCAUX 0.013163 3.281250 0.042351 FPGA_VCCINT 0.006581 1.093750 0.007058
24230 454 FPGA_VCCAUX 0.013163 3.281250 0.042351 FPGA_VCCINT 0.006581 1.093750 0.007058
24284 455 FPGA_VCCAUX 0.013163 3.281250 0.042351 FPGA_VCCINT 0.006581 1.093750 0.007058
24335 456 FPGA_VCCAUX 0.013163 3.281250 0.042351 FPGA_VCCINT 0.006581 1.093750 0.007058
24388 457 FPGA_VCCAUX 0.013163 3.281250 0.042351 FPGA_VCCINT 0.006581 1.093750 0.007058
24439 458 FPGA_VCCAUX 0.013163 3.281250 0.042351 FPGA_VCCINT 0.006581 1.093750 0.007058
24493 459 FPGA_VCCAUX 0.013163 3.281250 0.042351 FPGA_VCCINT 0.006581 1.093750 0.007058
24596 460 FPGA_VCCAUX 0.013163 3.281250 0.042351 FPGA_VCCINT 0.006581 1.093750 0.007058
24650 461 FPGA_VCCAUX 0.013163 3.281250 0.042351 FPGA_VCCINT 0.006581 1.093750 0.007058
24704 462 FPGA_VCCAUX 0.013163 3.281250 0.042351 FPGA_VCCINT 0.006581 1.093750 0.007058
24755 463 FPGA_VCCAUX 0.013163 3.281250 0.042351 FPGA_VCCINT 0.006581 1.093750 0.007058
24808 464 FPGA_VCCAUX 0.013163 3.281250 0.042351 FPGA_VCCINT 0.006581 1.093750 0.007058
24859 465 FPGA_VCCAUX 0.013163 3.281250 0.042351 FPGA_VCCINT 0.006581 1.093750 0.007058
24913 466 FPGA_VCCAUX 0.013163 3.281250 0.042351 FPGA_VCCINT 0.006581 1.093750 0.007058
24964 467 FPGA_VCCAUX 0.013163 3.281250 0.042351 FPGA_VCCINT 0.006581 1.093750 0.007058
25018 468 FPGA_VCCAUX 0.013163 3.281250 0.042351 FPGA_VCCINT 0.006581 1.093750 0.007058
25069 469 FPGA_VCCAUX 0.013163 3.281250 0.042351 FPGA_VCCINT 0.006581 1.093750 0.007058
25122 470 FPGA_VCCAUX 0.013163 3.281250 0.042351 FPGA_VCCINT 0.006581 1.093750 0.007058
25176 471 FPGA_VCCAUX 0.013163 3.281250 0.042351 FPGA_VCCINT 0.006581 1.093750 0.007058
25227 472 FPGA_VCCAUX 0.013163 3.281250 0.042351 FPGA_VCCINT 0.006581 1.093750 0.007058
25280 473 FPGA_VCCAUX 0.013163 3.281250 0.042351 FPGA_VCCINT 0.006581 1.093750 0.007058
25331 474 FPGA_VCCAUX 0.013163 3.281250 0.042351 FPGA_VCCINT 0.006581 1.093750 0.007058
25385 475 FPGA_VCCAUX 0.013163 3.281250 0.042351 FPGA_VCCINT 0.006581 1.093750 0.007058
25436 476 FPGA_VCCAUX 0.013163 3.281250 0.042351 FPGA_VCCINT 0.006581 1.093750 0.007058
25516 477 FPGA_VCCAUX 0.013163 3.281250 0.042351 FPGA_VCCINT 0.006581 1.093750 0.007058
25569 478 FPGA_VCCAUX 0.013163 3.281250 0.042351 FPGA_VCCINT 0.006581 1.093750 0.007058
25620 479 FPGA_VCCAUX 0.013163 3.281250 0.042351 FPGA_VCCINT 0.006581 1.093750 0.007058
25674 480 FPGA_VCCAUX 0.013163 3.281250 0.042351 FPGA_VCCINT 0.006581 1.093750 0.007058
25725 481 FPGA_VCCAUX 0.013163 3.281250 0.042351 FPGA_VCCINT 0.006581 1.093750 0.007058
25779 482 FPGA_VCCAUX 0.013163 3.281250 0.042351 FPGA_VCCINT 0.006581 1.093750 0.007058
25829 483 FPGA_VCCAUX 0.013163 3.281250 0.042351 FPGA_VCCINT 0.006581 1.093750 0.007058
25883 484 FPGA_VCCAUX 0.013163 3.281250 0.042351 FPGA_VCCINT 0.006581 1.093750 0.007058
25934 485 FPGA_VCCAUX 0.013163 3.281250 0.042351 FPGA_VCCINT 0.006581 1.093750 0.007058
25988 486 FPGA_VCCAUX 0.013163 3.281250 0.042351 FPGA_VCCINT 0.006581 1.093750 0.007058
26042 487 FPGA_VCCAUX 0.013163 3.281250 0.042351 FPGA_VCCINT 0.006581 1.093750 0.007058
26093 488 FPGA_VCCAUX 0.013163 3.281250 0.042351 FPGA_VCCINT 0.006581 1.093750 0.007058
26146 489 FPGA_VCCAUX 0.013163 3.281250 0.042351 FPGA_VCCINT 0.006581 1.093750 0.007058
26197 490 FPGA_VCCAUX 0.013163 3.281250 0.042351 FPGA_VCCINT 0.006581 1.093750 0.007058
26250 491 FPGA_VCCAUX 0.013163 3.281250 0.042351 FPGA_VCCINT 0.006581 1.093750 0.007058
26357 492 FPGA_VCCAUX 0.013163 3.281250 0.042351 FPGA_VCCINT 0.006581 1.093750 0.007058
26407 493 FPGA_VCCAUX 0.013163 3.281250 0.042351 FPGA_VCCINT 0.006581 1.093750 0.007058
26461 494 FPGA_VCCAUX 0.013163 3.281250 0.042351 FPGA_VCCINT 0.006581 1.093750 0.007058
26512 495 FPGA_VCCAUX 0.013163 3.281250 0.042351 FPGA_VCCINT 0.006581 1.093750 0.007058
26566 496 FPGA_VCCAUX 0.013163 3.281250 0.042351 FPGA_VCCINT 0.006581 1.093750 0.007058
26617 497 FPGA_VCCAUX 0.013163 3.281250 0.042351 FPGA_VCCINT 0.006581 1.093750 0.007058
26671 498 FPGA_VCCAUX 0.013163 3.281250 0.042351 FPGA_VCCINT 0.006581 1.093750 0.007058
26721 499 FPGA_VCCAUX 0.013163 3.281250 0.042351 FPGA_VCCINT 0.006581 1.093750 0.007058
26775 500 FPGA_VCCAUX 0.013163 3.281250 0.042351 FPGA_VCCINT 0.006581 1.093750 0.007058
26826 501 FPGA_VCCAUX 0.013163 3.281250 0.042351 FPGA_VCCINT 0.006581 1.093750 0.007058
26880 502 FPGA_VCCAUX 0.013163 3.281250 0.042351 FPGA_VCCINT 0.006581 1.093750 0.007058
26934 503 FPGA_VCCAUX 0.013163 3.281250 0.042351 FPGA_VCCINT 0.006581 1.093750 0.007058
26984 504 FPGA_VCCAUX 0.013163 3.281250 0.042351 FPGA_VCCINT 0.006581 1.093750 0.007058
27038 505 FPGA_VCCAUX 0.013163 3.281250 0.042351 FPGA_VCCINT 0.006581 1.093750 0.007058
27089 506 FPGA_VCCAUX 0.013163 3.281250 0.042351 FPGA_VCCINT 0.006581 1.093750 0.007058
27142 507 FPGA_VCCAUX 0.013163 3.281250 0.042351 FPGA_VCCINT 0.006581 1.093750 0.007058
27194 508 FPGA_VCCAUX 0.013163 3.281250 0.042351 FPGA_VCCINT 0.006581 1.093750 0.007058
27247 509 FPGA_VCCAUX 0.013163 3.281250 0.042351 FPGA_VCCINT 0.006581 1.093750 0.007058
27301 510 FPGA_VCCAUX 0.013163 3.281250 0.042351 FPGA_VCCINT 0.006581 1.093750 0.007058
27352 511 FPGA_VCCAUX 0.013163 3.281250 0.042351 FPGA_VCCINT 0.006581 1.093750 0.007058
27405 512 FPGA_VCCAUX 0.013163 3.281250 0.042351 FPGA_VCCINT 0.006581 1.093750 0.007058
27508 513 FPGA_VCCAUX 0.013163 3.281250 0.042351 FPGA_VCCINT 0.006581 1.093750 0.007058
27562 514 FPGA_VCCAUX 0.013163 3.281250 0.042351 FPGA_VCCINT 0.006581 1.093750 0.007058
27615 515 FPGA_VCCAUX 0.013163 3.281250 0.042351 FPGA_VCCINT 0.006581 1.093750 0.007058
27666 516 FPGA_VCCAUX 0.013163 3.281250 0.042351 FPGA_VCCINT 0.006581 1.093750 0.007058
27720 517 FPGA_VCCAUX 0.013163 3.281250 0.042351 FPGA_VCCINT 0.006581 1.093750 0.007058
27773 518 FPGA_VCCAUX 0.013163 3.281250 0.042351 FPGA_VCCINT 0.006581 1.093750 0.007058
27824 519 FPGA_VCCAUX 0.013163 3.281250 0.042351 FPGA_VCCINT 0.006581 1.093750 0.007058
27878 520 FPGA_VCCAUX 0.013163 3.281250 0.042351 FPGA_VCCINT 0.006581 1.093750 0.007058
27929 521 FPGA_VCCAUX 0.013163 3.281250 0.042351 FPGA_VCCINT 0.006581 1.093750 0.007058
27982 522 FPGA_VCCAUX 0.013163 3.281250 0.042351 FPGA_VCCINT 0.006581 1.093750 0.007058
28033 523 FPGA_VCCAUX 0.013163 3.281250 0.042351 FPGA_VCCINT 0.006581 1.093750 0.007058
28087 524 FPGA_VCCAUX 0.013163 3.281250 0.042351 FPGA_VCCINT 0.006581 1.093750 0.007058
28141 525 FPGA_VCCAUX 0.013163 3.281250 0.042351 FPGA_VCCINT 0.006581 1.093750 0.007058
28191 526 FPGA_VCCAUX 0.013163 3.281250 0.042351 FPGA_VCCINT 0.006581 1.093750 0.007058
28245 527 FPGA_VCCAUX 0.013163 3.281250 0.042351 FPGA_VCCINT 0.006581 1.093750 0.007058
28296 528 FPGA_VCCAUX 0.013163 3.281250 0.042351 FPGA_VCCINT 0.006581 1.093750 0.007058
28350 529 FPGA_VCCAUX 0.013163 3.281250 0.042351 FPGA_VCCINT 0.006581 1.093750 0.007058
28453 530 FPGA_VCCAUX 0.013163 3.281250 0.042351 FPGA_VCCINT 0.006581 1.093750 0.007058
28506 531 FPGA_VCCAUX 0.013163 3.281250 0.042351 FPGA_VCCINT 0.006581 1.093750 0.007058
28560 532 FPGA_VCCAUX 0.013163 3.281250 0.042351 FPGA_VCCINT 0.006581 1.093750 0.007058
28611 533 FPGA_VCCAUX 0.013163 3.281250 0.042351 FPGA_VCCINT 0.006581 1.093750 0.007058
28664 534 FPGA_VCCAUX 0.013163 3.281250 0.042351 FPGA_VCCINT 0.006581 1.093750 0.007058
28715 535 FPGA_VCCAUX 0.013163 3.281250 0.042351 FPGA_VCCINT 0.006581 1.093750 0.007058
28769 536 FPGA_VCCAUX 0.013163 3.281250 0.042351 FPGA_VCCINT 0.006581 1.093750 0.007058
28875 537 FPGA_VCCAUX 0.013163 3.281250 0.042351 FPGA_VCCINT 0.006581 1.093750 0.007058
28926 538 FPGA_VCCAUX 0.013163 3.281250 0.042351 FPGA_VCCINT 0.006581 1.093750 0.007058
28980 539 FPGA_VCCAUX 0.013163 3.281250 0.042351 FPGA_VCCINT 0.006581 1.093750 0.007058
29031 540 FPGA_VCCAUX 0.013163 3.281250 0.042351 FPGA_VCCINT 0.006581 1.093750 0.007058
29084 541 FPGA_VCCAUX 0.013163 3.281250 0.042351 FPGA_VCCINT 0.006581 1.093750 0.007058
29135 542 FPGA_VCCAUX 0.013163 3.281250 0.042351 FPGA_VCCINT 0.006581 1.093750 0.007058
29189 543 FPGA_VCCAUX 0.013163 3.281250 0.042351 FPGA_VCCINT 0.006581 1.093750 0.007058
29240 544 FPGA_VCCAUX 0.013163 3.281250 0.042351 FPGA_VCCINT 0.006581 1.093750 0.007058
29293 545 FPGA_VCCAUX 0.013163 3.281250 0.042351 FPGA_VCCINT 0.006581 1.093750 0.007058
29347 546 FPGA_VCCAUX 0.013163 3.281250 0.042351 FPGA_VCCINT 0.006581 1.093750 0.007058
29398 547 FPGA_VCCAUX 0.013163 3.281250 0.042351 FPGA_VCCINT 0.006581 1.093750 0.007058
29452 548 FPGA_VCCAUX 0.013163 3.281250 0.042351 FPGA_VCCINT 0.006581 1.093750 0.007058
29503 549 FPGA_VCCAUX 0.013163 3.281250 0.042351 FPGA_VCCINT 0.006581 1.093750 0.007058
29556 550 FPGA_VCCAUX 0.013163 3.281250 0.042351 FPGA_VCCINT 0.006581 1.093750 0.007058
29608 551 FPGA_VCCAUX 0.013163 3.281250 0.042351 FPGA_VCCINT 0.006581 1.093750 0.007058
29661 552 FPGA_VCCAUX 0.013163 3.281250 0.042351 FPGA_VCCINT 0.006581 1.093750 0.007058
29712 553 FPGA_VCCAUX 0.013163 3.281250 0.042351 FPGA_VCCINT 0.006581 1.093750 0.007058
29766 554 FPGA_VCCAUX 0.013163 3.281250 0.042351 FPGA_VCCINT 0.006581 1.093750 0.007058
29817 555 FPGA_VCCAUX 0.013163 3.281250 0.042351 FPGA_VCCINT 0.006581 1.093750 0.007058
29870 556 FPGA_VCCAUX 0.013163 3.281250 0.042351 FPGA_VCCINT 0.006581 1.093750 0.007058
29924 557 FPGA_VCCAUX 0.013163 3.281250 0.042351 FPGA_VCCINT 0.006581 1.093750 0.007058
29975 558 FPGA_VCCAUX 0.013163 3.281250 0.042351 FPGA_VCCINT 0.006581 1.093750 0.007058
30029 559 FPGA_VCCAUX 0.013163 3.281250 0.042351 FPGA_VCCINT 0.006581 1.093750 0.007058
30080 560 FPGA_VCCAUX 0.013163 3.281250 0.042351 FPGA_VCCINT 0.006581 1.093750 0.007058
30133 561 FPGA_VCCAUX 0.013163 3.281250 0.042351 FPGA_VCCINT 0.006581 1.093750 0.007058
30184 562 FPGA_VCCAUX 0.013163 3.281250 0.042351 FPGA_VCCINT 0.006581 1.093750 0.007058
30238 563 FPGA_VCCAUX 0.013163 3.281250 0.042351 FPGA_VCCINT 0.006581 1.093750 0.007058
30291 564 FPGA_VCCAUX 0.013163 3.281250 0.042351 FPGA_VCCINT 0.006581 1.093750 0.007058
30342 565 FPGA_VCCAUX 0.013163 3.281250 0.042351 FPGA_VCCINT 0.006581 1.093750 0.007058
30396 566 FPGA_VCCAUX 0.013163 3.281250 0.042351 FPGA_VCCINT 0.006581 1.093750 0.007058
30447 567 FPGA_VCCAUX 0.013163 3.281250 0.042351 FPGA_VCCINT 0.006581 1.093750 0.007058
30500 568 FPGA_VCCAUX 0.013163 3.281250 0.042351 FPGA_VCCINT 0.006581 1.093750 0.007058
30551 569 FPGA_VCCAUX 0.013163 3.281250 0.042351 FPGA_VCCINT 0.006581 1.093750 0.007058
30605 570 FPGA_VCCAUX 0.013163 3.281250 0.042351 FPGA_VCCINT 0.006581 1.093750 0.007058
30659 571 FPGA_VCCAUX 0.013163 3.281250 0.042351 FPGA_VCCINT 0.006581 1.093750 0.007058
30710 572 FPGA_VCCAUX 0.013163 3.281250 0.042351 FPGA_VCCINT 0.006581 1.093750 0.007058
30763 573 FPGA_VCCAUX 0.013163 3.281250 0.042351 FPGA_VCCINT 0.006581 1.093750 0.007058
30814 574 FPGA_VCCAUX 0.013163 3.281250 0.042351 FPGA_VCCINT 0.006581 1.093750 0.007058
30868 575 FPGA_VCCAUX 0.013163 3.281250 0.042351 FPGA_VCCINT 0.006581 1.093750 0.007058
30919 576 FPGA_VCCAUX 0.013163 3.281250 0.042351 FPGA_VCCINT 0.006581 1.093750 0.007058
30973 577 FPGA_VCCAUX 0.013163 3.281250 0.042351 FPGA_VCCINT 0.006581 1.093750 0.007058
31024 578 FPGA_VCCAUX 0.013163 3.281250 0.042351 FPGA_VCCINT 0.006581 1.093750 0.007058
31077 579 FPGA_VCCAUX 0.013163 3.281250 0.042351 FPGA_VCCINT 0.006581 1.093750 0.007058
31131 580 FPGA_VCCAUX 0.013163 3.281250 0.042351 FPGA_VCCINT 0.006581 1.093750 0.007058
31181 581 FPGA_VCCAUX 0.013163 3.281250 0.042351 FPGA_VCCINT 0.006581 1.093750 0.007058
