13 1 FPGA_VCCAUX 0.012776 3.281250 0.041105 FPGA_VCCINT 0.006194 1.093750 0.006643
47 2 FPGA_VCCAUX 0.012776 3.281250 0.041105 FPGA_VCCINT 0.006194 1.093750 0.006643
97 3 FPGA_VCCAUX 0.012776 3.281250 0.041105 FPGA_VCCINT 0.006194 1.093750 0.006643
149 4 FPGA_VCCAUX 0.012776 3.281250 0.041105 FPGA_VCCINT 0.006194 1.250000 0.007592
201 5 FPGA_VCCAUX 0.012776 3.281250 0.041105 FPGA_VCCINT 0.006194 1.250000 0.007592
254 6 FPGA_VCCAUX 0.012776 3.281250 0.041105 FPGA_VCCINT 0.006194 1.250000 0.007592
306 7 FPGA_VCCAUX 0.012776 3.281250 0.041105 FPGA_VCCINT 0.006194 1.250000 0.007592
358 8 FPGA_VCCAUX 0.012776 3.281250 0.041105 FPGA_VCCINT 0.006194 1.250000 0.007592
411 9 FPGA_VCCAUX 0.012776 3.281250 0.041105 FPGA_VCCINT 0.006194 1.250000 0.007592
463 10 FPGA_VCCAUX 0.012776 3.281250 0.041105 FPGA_VCCINT 0.006194 1.093750 0.006643
516 11 FPGA_VCCAUX 0.012776 3.281250 0.041105 FPGA_VCCINT 0.006194 1.093750 0.006643
568 12 FPGA_VCCAUX 0.012776 3.281250 0.041105 FPGA_VCCINT 0.006194 1.093750 0.006643
621 13 FPGA_VCCAUX 0.012776 3.281250 0.041105 FPGA_VCCINT 0.006194 1.093750 0.006643
674 14 FPGA_VCCAUX 0.012776 3.281250 0.041105 FPGA_VCCINT 0.006194 1.093750 0.006643
727 15 FPGA_VCCAUX 0.012776 3.281250 0.041105 FPGA_VCCINT 0.006194 1.093750 0.006643
779 16 FPGA_VCCAUX 0.012776 3.281250 0.041105 FPGA_VCCINT 0.006194 1.093750 0.006643
832 17 FPGA_VCCAUX 0.012776 3.281250 0.041105 FPGA_VCCINT 0.006194 1.093750 0.006643
885 18 FPGA_VCCAUX 0.012776 3.281250 0.041105 FPGA_VCCINT 0.006194 1.093750 0.006643
938 19 FPGA_VCCAUX 0.012776 3.281250 0.041105 FPGA_VCCINT 0.006194 1.093750 0.006643
1093 20 FPGA_VCCAUX 0.012776 3.281250 0.041105 FPGA_VCCINT 0.006194 1.250000 0.007592
1145 21 FPGA_VCCAUX 0.012776 3.281250 0.041105 FPGA_VCCINT 0.006194 1.250000 0.007592
1198 22 FPGA_VCCAUX 0.012776 3.281250 0.041105 FPGA_VCCINT 0.006194 1.250000 0.007592
1251 23 FPGA_VCCAUX 0.012776 3.281250 0.041105 FPGA_VCCINT 0.006194 1.250000 0.007592
1304 24 FPGA_VCCAUX 0.012776 3.281250 0.041105 FPGA_VCCINT 0.006194 1.250000 0.007592
1356 25 FPGA_VCCAUX 0.012776 3.281250 0.041105 FPGA_VCCINT 0.006194 1.250000 0.007592
1409 26 FPGA_VCCAUX 0.012776 3.281250 0.041105 FPGA_VCCINT 0.006194 1.250000 0.007592
1462 27 FPGA_VCCAUX 0.012776 3.281250 0.041105 FPGA_VCCINT 0.006194 1.250000 0.007592
1514 28 FPGA_VCCAUX 0.012776 3.281250 0.041105 FPGA_VCCINT 0.006194 1.250000 0.007592
1567 29 FPGA_VCCAUX 0.012776 3.281250 0.041105 FPGA_VCCINT 0.006194 1.250000 0.007592
1620 30 FPGA_VCCAUX 0.012776 3.281250 0.041105 FPGA_VCCINT 0.006194 1.093750 0.006643
1671 31 FPGA_VCCAUX 0.012776 3.281250 0.041105 FPGA_VCCINT 0.006194 1.093750 0.006643
1724 32 FPGA_VCCAUX 0.012776 3.281250 0.041105 FPGA_VCCINT 0.006194 1.093750 0.006643
1777 33 FPGA_VCCAUX 0.016260 3.281250 0.052316 FPGA_VCCINT 0.006194 1.093750 0.006643
1830 34 FPGA_VCCAUX 0.024390 3.281250 0.079675 FPGA_VCCINT 0.006194 1.093750 0.006643
1880 35 FPGA_VCCAUX 0.024390 3.281250 0.079675 FPGA_VCCINT 0.006194 1.250000 0.007592
1933 36 FPGA_VCCAUX 0.024390 3.281250 0.079675 FPGA_VCCINT 0.006194 1.250000 0.007592
1986 37 FPGA_VCCAUX 0.024390 3.281250 0.079675 FPGA_VCCINT 0.006194 1.250000 0.007592
2039 38 FPGA_VCCAUX 0.024390 3.281250 0.079675 FPGA_VCCINT 0.006194 1.250000 0.007592
2092 39 FPGA_VCCAUX 0.024390 3.281250 0.079675 FPGA_VCCINT 0.006194 1.250000 0.007592
2143 40 FPGA_VCCAUX 0.024390 3.281250 0.079675 FPGA_VCCINT 0.006194 1.250000 0.007592
2196 41 FPGA_VCCAUX 0.024390 3.281250 0.079675 FPGA_VCCINT 0.006194 1.250000 0.007592
2249 42 FPGA_VCCAUX 0.024390 3.281250 0.079675 FPGA_VCCINT 0.006194 1.250000 0.007592
2302 43 FPGA_VCCAUX 0.024390 3.281250 0.079675 FPGA_VCCINT 0.006194 1.250000 0.007592
2352 44 FPGA_VCCAUX 0.024390 3.281250 0.079675 FPGA_VCCINT 0.006194 1.250000 0.007592
2405 45 FPGA_VCCAUX 0.024390 3.281250 0.079675 FPGA_VCCINT 0.006194 1.250000 0.007592
2458 46 FPGA_VCCAUX 0.024390 3.281250 0.079675 FPGA_VCCINT 0.006194 1.250000 0.007592
2511 47 FPGA_VCCAUX 0.024390 3.281250 0.079675 FPGA_VCCINT 0.006194 1.250000 0.007592
2564 48 FPGA_VCCAUX 0.024390 3.281250 0.079675 FPGA_VCCINT 0.006194 1.250000 0.007592
2617 49 FPGA_VCCAUX 0.012776 3.281250 0.041105 FPGA_VCCINT 0.004646 1.250000 0.005694
2667 50 FPGA_VCCAUX 0.012776 3.281250 0.041105 FPGA_VCCINT 0.006194 1.250000 0.007592
2720 51 FPGA_VCCAUX 0.012776 3.281250 0.041105 FPGA_VCCINT 0.006194 1.093750 0.006643
2773 52 FPGA_VCCAUX 0.012776 3.281250 0.041105 FPGA_VCCINT 0.006194 1.093750 0.006643
2826 53 FPGA_VCCAUX 0.012776 3.281250 0.041105 FPGA_VCCINT 0.006194 1.093750 0.006643
2879 54 FPGA_VCCAUX 0.012776 3.281250 0.041105 FPGA_VCCINT 0.006194 1.093750 0.006643
2932 55 FPGA_VCCAUX 0.012776 3.281250 0.041105 FPGA_VCCINT 0.006194 1.093750 0.006643
2983 56 FPGA_VCCAUX 0.012776 3.281250 0.041105 FPGA_VCCINT 0.006194 1.250000 0.007592
3035 57 FPGA_VCCAUX 0.012776 3.281250 0.041105 FPGA_VCCINT 0.006194 1.250000 0.007592
3088 58 FPGA_VCCAUX 0.012776 3.281250 0.041105 FPGA_VCCINT 0.006194 1.250000 0.007592
3141 59 FPGA_VCCAUX 0.012776 3.281250 0.041105 FPGA_VCCINT 0.006194 1.250000 0.007592
3194 60 FPGA_VCCAUX 0.012776 3.281250 0.041105 FPGA_VCCINT 0.006194 1.250000 0.007592
3247 61 FPGA_VCCAUX 0.012776 3.281250 0.041105 FPGA_VCCINT 0.006194 1.250000 0.007592
3352 62 FPGA_VCCAUX 0.012776 3.281250 0.041105 FPGA_VCCINT 0.006194 1.250000 0.007592
3402 63 FPGA_VCCAUX 0.012776 3.281250 0.041105 FPGA_VCCINT 0.006194 1.250000 0.007592
3455 64 FPGA_VCCAUX 0.012776 3.281250 0.041105 FPGA_VCCINT 0.006194 1.250000 0.007592
3508 65 FPGA_VCCAUX 0.012776 3.281250 0.041105 FPGA_VCCINT 0.006194 1.250000 0.007592
3561 66 FPGA_VCCAUX 0.012776 3.281250 0.041105 FPGA_VCCINT 0.006194 1.250000 0.007592
3613 67 FPGA_VCCAUX 0.012776 3.281250 0.041105 FPGA_VCCINT 0.006194 1.250000 0.007592
3666 68 FPGA_VCCAUX 0.012776 3.281250 0.041105 FPGA_VCCINT 0.006194 1.093750 0.006643
3719 69 FPGA_VCCAUX 0.012776 3.281250 0.041105 FPGA_VCCINT 0.006194 1.250000 0.007592
3770 70 FPGA_VCCAUX 0.012776 3.281250 0.041105 FPGA_VCCINT 0.006194 1.250000 0.007592
3822 71 FPGA_VCCAUX 0.012776 3.281250 0.041105 FPGA_VCCINT 0.006194 1.250000 0.007592
3875 72 FPGA_VCCAUX 0.012776 3.281250 0.041105 FPGA_VCCINT 0.006194 1.250000 0.007592
