13 1 FPGA_VCCAUX 0.051549 3.300781 0.169687 FPGA_VCCINT 0.007064 1.191406 0.008392
81 2 FPGA_VCCAUX 0.051549 3.300781 0.169687 FPGA_VCCINT 0.007064 1.191406 0.008392
407 3 FPGA_VCCAUX 0.051358 3.300781 0.169092 FPGA_VCCINT 0.007064 1.191406 0.008392
732 4 FPGA_VCCAUX 0.051549 3.300781 0.169687 FPGA_VCCINT 0.007064 1.191406 0.008392
1058 5 FPGA_VCCAUX 0.051358 3.300781 0.169092 FPGA_VCCINT 0.007064 1.191406 0.008392
1381 6 FPGA_VCCAUX 0.051358 3.300781 0.169092 FPGA_VCCINT 0.007064 1.191406 0.008392
1707 7 FPGA_VCCAUX 0.051549 3.300781 0.169687 FPGA_VCCINT 0.007064 1.191406 0.008392
2033 8 FPGA_VCCAUX 0.029402 3.320313 0.097372 FPGA_VCCINT 0.007255 1.191406 0.008571
2359 9 FPGA_VCCAUX 0.031120 3.320313 0.103026 FPGA_VCCINT 0.007064 1.191406 0.008392
2681 10 FPGA_VCCAUX 0.027875 3.320313 0.092313 FPGA_VCCINT 0.007064 1.191406 0.008392
3008 11 FPGA_VCCAUX 0.012792 3.320313 0.042318 FPGA_VCCINT 0.006682 1.191406 0.007916
3334 12 FPGA_VCCAUX 0.012792 3.320313 0.042318 FPGA_VCCINT 0.006682 1.191406 0.007916
3657 13 FPGA_VCCAUX 0.012792 3.320313 0.042318 FPGA_VCCINT 0.006682 1.191406 0.007916
3983 14 FPGA_VCCAUX 0.012792 3.320313 0.042318 FPGA_VCCINT 0.006682 1.191406 0.007916
4309 15 FPGA_VCCAUX 0.012792 3.320313 0.042318 FPGA_VCCINT 0.006682 1.191406 0.007916
4632 16 FPGA_VCCAUX 0.012792 3.320313 0.042318 FPGA_VCCINT 0.006682 1.191406 0.007916
4959 17 FPGA_VCCAUX 0.012792 3.320313 0.042318 FPGA_VCCINT 0.006682 1.191406 0.007916
5285 18 FPGA_VCCAUX 0.012792 3.320313 0.042318 FPGA_VCCINT 0.006682 1.191406 0.007916
5608 19 FPGA_VCCAUX 0.012792 3.320313 0.042318 FPGA_VCCINT 0.006682 1.191406 0.007916
5934 20 FPGA_VCCAUX 0.012792 3.320313 0.042318 FPGA_VCCINT 0.006682 1.191406 0.007916
6260 21 FPGA_VCCAUX 0.012792 3.320313 0.042318 FPGA_VCCINT 0.006682 1.191406 0.007916
6584 22 FPGA_VCCAUX 0.012792 3.320313 0.042318 FPGA_VCCINT 0.006682 1.191406 0.007916
6909 23 FPGA_VCCAUX 0.012792 3.320313 0.042318 FPGA_VCCINT 0.006682 1.191406 0.007916
7396 24 FPGA_VCCAUX 0.012792 3.320313 0.042318 FPGA_VCCINT 0.006682 1.191406 0.007916
7722 25 FPGA_VCCAUX 0.012792 3.320313 0.042318 FPGA_VCCINT 0.006682 1.191406 0.007916
8048 26 FPGA_VCCAUX 0.012792 3.320313 0.042318 FPGA_VCCINT 0.006682 1.191406 0.007916
8373 27 FPGA_VCCAUX 0.012792 3.320313 0.042318 FPGA_VCCINT 0.006682 1.191406 0.007916
8697 28 FPGA_VCCAUX 0.012792 3.320313 0.042318 FPGA_VCCINT 0.006682 1.191406 0.007916
9023 29 FPGA_VCCAUX 0.012792 3.320313 0.042318 FPGA_VCCINT 0.006682 1.191406 0.007916
9347 30 FPGA_VCCAUX 0.012792 3.320313 0.042318 FPGA_VCCINT 0.006682 1.191406 0.007916
9673 31 FPGA_VCCAUX 0.012792 3.320313 0.042318 FPGA_VCCINT 0.006682 1.191406 0.007916
9999 32 FPGA_VCCAUX 0.012792 3.320313 0.042318 FPGA_VCCINT 0.006682 1.191406 0.007916
10322 33 FPGA_VCCAUX 0.012792 3.320313 0.042318 FPGA_VCCINT 0.006682 1.191406 0.007916
10648 34 FPGA_VCCAUX 0.012792 3.320313 0.042318 FPGA_VCCINT 0.006682 1.191406 0.007916
10974 35 FPGA_VCCAUX 0.012792 3.320313 0.042318 FPGA_VCCINT 0.006682 1.191406 0.007916
11298 36 FPGA_VCCAUX 0.012792 3.320313 0.042318 FPGA_VCCINT 0.006682 1.191406 0.007916
11624 37 FPGA_VCCAUX 0.012792 3.320313 0.042318 FPGA_VCCINT 0.006491 1.191406 0.007678
11948 38 FPGA_VCCAUX 0.012792 3.320313 0.042318 FPGA_VCCINT 0.006491 1.191406 0.007678
12274 39 FPGA_VCCAUX 0.012792 3.320313 0.042318 FPGA_VCCINT 0.006682 1.191406 0.007916
12600 40 FPGA_VCCAUX 0.012792 3.320313 0.042318 FPGA_VCCINT 0.006682 1.191406 0.007916
12924 41 FPGA_VCCAUX 0.012792 3.320313 0.042318 FPGA_VCCINT 0.006491 1.191406 0.007678
13250 42 FPGA_VCCAUX 0.012792 3.320313 0.042318 FPGA_VCCINT 0.006491 1.191406 0.007678
13574 43 FPGA_VCCAUX 0.012792 3.320313 0.042318 FPGA_VCCINT 0.006491 1.191406 0.007678
13900 44 FPGA_VCCAUX 0.012792 3.320313 0.042318 FPGA_VCCINT 0.006682 1.191406 0.007916
14224 45 FPGA_VCCAUX 0.012792 3.320313 0.042318 FPGA_VCCINT 0.006491 1.191406 0.007678
14550 46 FPGA_VCCAUX 0.012792 3.320313 0.042318 FPGA_VCCINT 0.006491 1.191406 0.007678
15036 47 FPGA_VCCAUX 0.012792 3.320313 0.042318 FPGA_VCCINT 0.006491 1.191406 0.007678
15362 48 FPGA_VCCAUX 0.012792 3.320313 0.042318 FPGA_VCCINT 0.006491 1.191406 0.007678
