442 FPGA_VCCINT_MON 0.014683 3.281250 0.047240 FPGA_VCCAUX_MON 0.006151 1.093750 0.006597
443 FPGA_VCCINT_MON 0.014683 3.281250 0.047240 FPGA_VCCAUX_MON 0.006151 1.093750 0.006597
444 FPGA_VCCINT_MON 0.014683 3.281250 0.047240 FPGA_VCCAUX_MON 0.006151 1.093750 0.006597
445 FPGA_VCCINT_MON 0.014683 3.281250 0.047240 FPGA_VCCAUX_MON 0.006151 1.093750 0.006597
446 FPGA_VCCINT_MON 0.020635 3.281250 0.066391 FPGA_VCCAUX_MON 0.006151 1.093750 0.006597
447 FPGA_VCCINT_MON 0.020635 3.281250 0.066391 FPGA_VCCAUX_MON 0.006151 1.093750 0.006597
448 FPGA_VCCINT_MON 0.020635 3.281250 0.066391 FPGA_VCCAUX_MON 0.006151 1.093750 0.006597
449 FPGA_VCCINT_MON 0.020635 3.281250 0.066391 FPGA_VCCAUX_MON 0.006151 1.093750 0.006597
450 FPGA_VCCINT_MON 0.020635 3.281250 0.066391 FPGA_VCCAUX_MON 0.006151 1.093750 0.006597
451 FPGA_VCCINT_MON 0.020635 3.281250 0.066391 FPGA_VCCAUX_MON 0.006151 1.093750 0.006597
452 FPGA_VCCINT_MON 0.020635 3.281250 0.066391 FPGA_VCCAUX_MON 0.006151 1.093750 0.006597
453 FPGA_VCCINT_MON 0.020635 3.281250 0.066391 FPGA_VCCAUX_MON 0.006151 1.093750 0.006597
454 FPGA_VCCINT_MON 0.020635 3.281250 0.066391 FPGA_VCCAUX_MON 0.006151 1.093750 0.006597
455 FPGA_VCCINT_MON 0.020635 3.281250 0.066391 FPGA_VCCAUX_MON 0.006151 1.093750 0.006597
456 FPGA_VCCINT_MON 0.020635 3.281250 0.066391 FPGA_VCCAUX_MON 0.006151 1.093750 0.006597
457 FPGA_VCCINT_MON 0.020635 3.281250 0.066391 FPGA_VCCAUX_MON 0.006151 1.093750 0.006597
458 FPGA_VCCINT_MON 0.020635 3.281250 0.066391 FPGA_VCCAUX_MON 0.006151 1.093750 0.006597
459 FPGA_VCCINT_MON 0.020635 3.281250 0.066391 FPGA_VCCAUX_MON 0.006151 1.093750 0.006597
460 FPGA_VCCINT_MON 0.020635 3.281250 0.066391 FPGA_VCCAUX_MON 0.006151 1.093750 0.006597
461 FPGA_VCCINT_MON 0.020635 3.281250 0.066391 FPGA_VCCAUX_MON 0.006151 1.093750 0.006597
462 FPGA_VCCINT_MON 0.020635 3.281250 0.066391 FPGA_VCCAUX_MON 0.006151 1.093750 0.006597
463 FPGA_VCCINT_MON 0.020635 3.281250 0.066391 FPGA_VCCAUX_MON 0.006151 1.093750 0.006597
464 FPGA_VCCINT_MON 0.020635 3.281250 0.066391 FPGA_VCCAUX_MON 0.006151 1.093750 0.006597
465 FPGA_VCCINT_MON 0.020635 3.281250 0.066391 FPGA_VCCAUX_MON 0.006151 1.093750 0.006597
466 FPGA_VCCINT_MON 0.020635 3.281250 0.066391 FPGA_VCCAUX_MON 0.006151 1.093750 0.006597
467 FPGA_VCCINT_MON 0.020635 3.281250 0.066391 FPGA_VCCAUX_MON 0.006151 1.093750 0.006597
468 FPGA_VCCINT_MON 0.020635 3.281250 0.066391 FPGA_VCCAUX_MON 0.006151 1.093750 0.006597
469 FPGA_VCCINT_MON 0.020635 3.281250 0.066391 FPGA_VCCAUX_MON 0.006151 1.093750 0.006597
470 FPGA_VCCINT_MON 0.020635 3.281250 0.066391 FPGA_VCCAUX_MON 0.006151 1.093750 0.006597
471 FPGA_VCCINT_MON 0.020635 3.281250 0.066391 FPGA_VCCAUX_MON 0.006151 1.093750 0.006597
472 FPGA_VCCINT_MON 0.020635 3.281250 0.066391 FPGA_VCCAUX_MON 0.006151 1.093750 0.006597
473 FPGA_VCCINT_MON 0.020635 3.281250 0.066391 FPGA_VCCAUX_MON 0.006151 1.093750 0.006597
474 FPGA_VCCINT_MON 0.020635 3.281250 0.066391 FPGA_VCCAUX_MON 0.006151 1.093750 0.006597
475 FPGA_VCCINT_MON 0.020635 3.281250 0.066391 FPGA_VCCAUX_MON 0.006151 1.093750 0.006597
476 FPGA_VCCINT_MON 0.020635 3.281250 0.066391 FPGA_VCCAUX_MON 0.006151 1.093750 0.006597
477 FPGA_VCCINT_MON 0.020635 3.281250 0.066391 FPGA_VCCAUX_MON 0.006151 1.093750 0.006597
478 FPGA_VCCINT_MON 0.020635 3.281250 0.066391 FPGA_VCCAUX_MON 0.006151 1.093750 0.006597
479 FPGA_VCCINT_MON 0.020635 3.281250 0.066391 FPGA_VCCAUX_MON 0.006151 1.093750 0.006597
480 FPGA_VCCINT_MON 0.020635 3.281250 0.066391 FPGA_VCCAUX_MON 0.006151 1.093750 0.006597
481 FPGA_VCCINT_MON 0.020635 3.281250 0.066391 FPGA_VCCAUX_MON 0.006151 1.093750 0.006597
482 FPGA_VCCINT_MON 0.020635 3.281250 0.066391 FPGA_VCCAUX_MON 0.006151 1.093750 0.006597
483 FPGA_VCCINT_MON 0.014286 3.281250 0.045963 FPGA_VCCAUX_MON 0.006151 1.093750 0.006597
484 FPGA_VCCINT_MON 0.013095 3.281250 0.042133 FPGA_VCCAUX_MON 0.006151 1.093750 0.006597
485 FPGA_VCCINT_MON 0.013095 3.281250 0.042133 FPGA_VCCAUX_MON 0.006151 1.093750 0.006597
486 FPGA_VCCINT_MON 0.013095 3.281250 0.042133 FPGA_VCCAUX_MON 0.006151 1.093750 0.006597
487 FPGA_VCCINT_MON 0.013095 3.281250 0.042133 FPGA_VCCAUX_MON 0.006151 1.093750 0.006597
488 FPGA_VCCINT_MON 0.013095 3.281250 0.042133 FPGA_VCCAUX_MON 0.006151 1.093750 0.006597
489 FPGA_VCCINT_MON 0.013095 3.281250 0.042133 FPGA_VCCAUX_MON 0.006151 1.093750 0.006597
490 FPGA_VCCINT_MON 0.013095 3.281250 0.042133 FPGA_VCCAUX_MON 0.006151 1.093750 0.006597
491 FPGA_VCCINT_MON 0.013095 3.281250 0.042133 FPGA_VCCAUX_MON 0.006151 1.093750 0.006597
492 FPGA_VCCINT_MON 0.013095 3.281250 0.042133 FPGA_VCCAUX_MON 0.006151 1.093750 0.006597
493 FPGA_VCCINT_MON 0.013095 3.281250 0.042133 FPGA_VCCAUX_MON 0.006151 1.093750 0.006597
494 FPGA_VCCINT_MON 0.013095 3.281250 0.042133 FPGA_VCCAUX_MON 0.006151 1.093750 0.006597
495 FPGA_VCCINT_MON 0.013095 3.281250 0.042133 FPGA_VCCAUX_MON 0.006151 1.093750 0.006597
496 FPGA_VCCINT_MON 0.013095 3.281250 0.042133 FPGA_VCCAUX_MON 0.006151 1.093750 0.006597
497 FPGA_VCCINT_MON 0.013095 3.281250 0.042133 FPGA_VCCAUX_MON 0.006151 1.093750 0.006597
498 FPGA_VCCINT_MON 0.013095 3.281250 0.042133 FPGA_VCCAUX_MON 0.006151 1.093750 0.006597
499 FPGA_VCCINT_MON 0.013095 3.281250 0.042133 FPGA_VCCAUX_MON 0.006151 1.093750 0.006597
500 FPGA_VCCINT_MON 0.013095 3.281250 0.042133 FPGA_VCCAUX_MON 0.006151 1.093750 0.006597
501 FPGA_VCCINT_MON 0.013095 3.281250 0.042133 FPGA_VCCAUX_MON 0.006151 1.093750 0.006597
502 FPGA_VCCINT_MON 0.013095 3.281250 0.042133 FPGA_VCCAUX_MON 0.006151 1.093750 0.006597
503 FPGA_VCCINT_MON 0.013095 3.281250 0.042133 FPGA_VCCAUX_MON 0.006151 1.093750 0.006597
504 FPGA_VCCINT_MON 0.013095 3.281250 0.042133 FPGA_VCCAUX_MON 0.006151 1.093750 0.006597
505 FPGA_VCCINT_MON 0.013095 3.281250 0.042133 FPGA_VCCAUX_MON 0.006151 1.093750 0.006597
506 FPGA_VCCINT_MON 0.013095 3.281250 0.042133 FPGA_VCCAUX_MON 0.006151 1.093750 0.006597
507 FPGA_VCCINT_MON 0.013095 3.281250 0.042133 FPGA_VCCAUX_MON 0.006151 1.093750 0.006597
508 FPGA_VCCINT_MON 0.013095 3.281250 0.042133 FPGA_VCCAUX_MON 0.006151 1.093750 0.006597
509 FPGA_VCCINT_MON 0.013095 3.281250 0.042133 FPGA_VCCAUX_MON 0.006151 1.093750 0.006597
510 FPGA_VCCINT_MON 0.013095 3.281250 0.042133 FPGA_VCCAUX_MON 0.006151 1.093750 0.006597
511 FPGA_VCCINT_MON 0.013095 3.281250 0.042133 FPGA_VCCAUX_MON 0.006151 1.093750 0.006597
512 FPGA_VCCINT_MON 0.013095 3.281250 0.042133 FPGA_VCCAUX_MON 0.006151 1.093750 0.006597
513 FPGA_VCCINT_MON 0.013095 3.281250 0.042133 FPGA_VCCAUX_MON 0.006151 1.093750 0.006597
514 FPGA_VCCINT_MON 0.013095 3.281250 0.042133 FPGA_VCCAUX_MON 0.006151 1.093750 0.006597
515 FPGA_VCCINT_MON 0.013095 3.281250 0.042133 FPGA_VCCAUX_MON 0.006151 1.093750 0.006597
516 FPGA_VCCINT_MON 0.013095 3.281250 0.042133 FPGA_VCCAUX_MON 0.006151 1.093750 0.006597
517 FPGA_VCCINT_MON 0.013095 3.281250 0.042133 FPGA_VCCAUX_MON 0.006151 1.093750 0.006597
518 FPGA_VCCINT_MON 0.013095 3.281250 0.042133 FPGA_VCCAUX_MON 0.006151 1.093750 0.006597
519 FPGA_VCCINT_MON 0.013095 3.281250 0.042133 FPGA_VCCAUX_MON 0.006151 1.093750 0.006597
520 FPGA_VCCINT_MON 0.020635 3.281250 0.066391 FPGA_VCCAUX_MON 0.006151 1.093750 0.006597
521 FPGA_VCCINT_MON 0.020635 3.281250 0.066391 FPGA_VCCAUX_MON 0.006151 1.093750 0.006597
522 FPGA_VCCINT_MON 0.020635 3.281250 0.066391 FPGA_VCCAUX_MON 0.006151 1.093750 0.006597
523 FPGA_VCCINT_MON 0.020635 3.281250 0.066391 FPGA_VCCAUX_MON 0.006151 1.093750 0.006597
524 FPGA_VCCINT_MON 0.020635 3.281250 0.066391 FPGA_VCCAUX_MON 0.006151 1.093750 0.006597
525 FPGA_VCCINT_MON 0.020635 3.281250 0.066391 FPGA_VCCAUX_MON 0.006151 1.093750 0.006597
526 FPGA_VCCINT_MON 0.020635 3.281250 0.066391 FPGA_VCCAUX_MON 0.006151 1.093750 0.006597
527 FPGA_VCCINT_MON 0.020635 3.281250 0.066391 FPGA_VCCAUX_MON 0.006151 1.093750 0.006597
528 FPGA_VCCINT_MON 0.020635 3.281250 0.066391 FPGA_VCCAUX_MON 0.006151 1.093750 0.006597
529 FPGA_VCCINT_MON 0.020635 3.281250 0.066391 FPGA_VCCAUX_MON 0.006151 1.093750 0.006597
530 FPGA_VCCINT_MON 0.020635 3.281250 0.066391 FPGA_VCCAUX_MON 0.006151 1.093750 0.006597
531 FPGA_VCCINT_MON 0.020635 3.281250 0.066391 FPGA_VCCAUX_MON 0.006151 1.093750 0.006597
532 FPGA_VCCINT_MON 0.020635 3.281250 0.066391 FPGA_VCCAUX_MON 0.006151 1.093750 0.006597
533 FPGA_VCCINT_MON 0.020635 3.281250 0.066391 FPGA_VCCAUX_MON 0.006151 1.093750 0.006597
534 FPGA_VCCINT_MON 0.020635 3.281250 0.066391 FPGA_VCCAUX_MON 0.006151 1.093750 0.006597
535 FPGA_VCCINT_MON 0.020635 3.281250 0.066391 FPGA_VCCAUX_MON 0.006151 1.093750 0.006597
536 FPGA_VCCINT_MON 0.020635 3.281250 0.066391 FPGA_VCCAUX_MON 0.006151 1.093750 0.006597
537 FPGA_VCCINT_MON 0.020635 3.281250 0.066391 FPGA_VCCAUX_MON 0.006151 1.093750 0.006597
538 FPGA_VCCINT_MON 0.020635 3.281250 0.066391 FPGA_VCCAUX_MON 0.006151 1.093750 0.006597
539 FPGA_VCCINT_MON 0.020635 3.281250 0.066391 FPGA_VCCAUX_MON 0.006151 1.093750 0.006597
540 FPGA_VCCINT_MON 0.020635 3.281250 0.066391 FPGA_VCCAUX_MON 0.006151 1.093750 0.006597
541 FPGA_VCCINT_MON 0.020635 3.281250 0.066391 FPGA_VCCAUX_MON 0.006151 1.093750 0.006597
542 FPGA_VCCINT_MON 0.020635 3.281250 0.066391 FPGA_VCCAUX_MON 0.006151 1.093750 0.006597
543 FPGA_VCCINT_MON 0.020635 3.281250 0.066391 FPGA_VCCAUX_MON 0.006151 1.093750 0.006597
544 FPGA_VCCINT_MON 0.020635 3.281250 0.066391 FPGA_VCCAUX_MON 0.006151 1.093750 0.006597
545 FPGA_VCCINT_MON 0.020635 3.281250 0.066391 FPGA_VCCAUX_MON 0.006151 1.093750 0.006597
546 FPGA_VCCINT_MON 0.020635 3.281250 0.066391 FPGA_VCCAUX_MON 0.006151 1.093750 0.006597
547 FPGA_VCCINT_MON 0.020635 3.281250 0.066391 FPGA_VCCAUX_MON 0.006151 1.093750 0.006597
548 FPGA_VCCINT_MON 0.020635 3.281250 0.066391 FPGA_VCCAUX_MON 0.006151 1.093750 0.006597
549 FPGA_VCCINT_MON 0.020635 3.281250 0.066391 FPGA_VCCAUX_MON 0.006151 1.093750 0.006597
550 FPGA_VCCINT_MON 0.020635 3.281250 0.066391 FPGA_VCCAUX_MON 0.006151 1.093750 0.006597
551 FPGA_VCCINT_MON 0.020635 3.281250 0.066391 FPGA_VCCAUX_MON 0.006151 1.093750 0.006597
552 FPGA_VCCINT_MON 0.020635 3.281250 0.066391 FPGA_VCCAUX_MON 0.006151 1.093750 0.006597
553 FPGA_VCCINT_MON 0.020635 3.281250 0.066391 FPGA_VCCAUX_MON 0.006151 1.093750 0.006597
554 FPGA_VCCINT_MON 0.013095 3.281250 0.042133 FPGA_VCCAUX_MON 0.006151 1.093750 0.006597
555 FPGA_VCCINT_MON 0.013095 3.281250 0.042133 FPGA_VCCAUX_MON 0.006151 1.093750 0.006597
556 FPGA_VCCINT_MON 0.013095 3.281250 0.042133 FPGA_VCCAUX_MON 0.006151 1.093750 0.006597
557 FPGA_VCCINT_MON 0.013095 3.281250 0.042133 FPGA_VCCAUX_MON 0.006151 1.093750 0.006597
558 FPGA_VCCINT_MON 0.013095 3.281250 0.042133 FPGA_VCCAUX_MON 0.006151 1.093750 0.006597
559 FPGA_VCCINT_MON 0.013095 3.281250 0.042133 FPGA_VCCAUX_MON 0.006151 1.093750 0.006597
560 FPGA_VCCINT_MON 0.013095 3.281250 0.042133 FPGA_VCCAUX_MON 0.006151 1.093750 0.006597
561 FPGA_VCCINT_MON 0.013095 3.281250 0.042133 FPGA_VCCAUX_MON 0.006151 1.093750 0.006597
562 FPGA_VCCINT_MON 0.013095 3.281250 0.042133 FPGA_VCCAUX_MON 0.006151 1.093750 0.006597
563 FPGA_VCCINT_MON 0.013095 3.281250 0.042133 FPGA_VCCAUX_MON 0.006151 1.093750 0.006597
564 FPGA_VCCINT_MON 0.013095 3.281250 0.042133 FPGA_VCCAUX_MON 0.006151 1.093750 0.006597
565 FPGA_VCCINT_MON 0.013095 3.281250 0.042133 FPGA_VCCAUX_MON 0.006151 1.093750 0.006597
566 FPGA_VCCINT_MON 0.013095 3.281250 0.042133 FPGA_VCCAUX_MON 0.006151 1.093750 0.006597
567 FPGA_VCCINT_MON 0.013095 3.281250 0.042133 FPGA_VCCAUX_MON 0.006151 1.093750 0.006597
568 FPGA_VCCINT_MON 0.013095 3.281250 0.042133 FPGA_VCCAUX_MON 0.006151 1.093750 0.006597
569 FPGA_VCCINT_MON 0.013095 3.281250 0.042133 FPGA_VCCAUX_MON 0.006151 1.093750 0.006597
570 FPGA_VCCINT_MON 0.013095 3.281250 0.042133 FPGA_VCCAUX_MON 0.006151 1.093750 0.006597
571 FPGA_VCCINT_MON 0.013095 3.281250 0.042133 FPGA_VCCAUX_MON 0.006151 1.093750 0.006597
572 FPGA_VCCINT_MON 0.013095 3.281250 0.042133 FPGA_VCCAUX_MON 0.006151 1.093750 0.006597
573 FPGA_VCCINT_MON 0.013095 3.281250 0.042133 FPGA_VCCAUX_MON 0.006151 1.093750 0.006597
574 FPGA_VCCINT_MON 0.013095 3.281250 0.042133 FPGA_VCCAUX_MON 0.006151 1.093750 0.006597
575 FPGA_VCCINT_MON 0.013095 3.281250 0.042133 FPGA_VCCAUX_MON 0.006151 1.093750 0.006597
576 FPGA_VCCINT_MON 0.013095 3.281250 0.042133 FPGA_VCCAUX_MON 0.006151 1.093750 0.006597
577 FPGA_VCCINT_MON 0.013095 3.281250 0.042133 FPGA_VCCAUX_MON 0.006151 1.093750 0.006597
578 FPGA_VCCINT_MON 0.013095 3.281250 0.042133 FPGA_VCCAUX_MON 0.006151 1.093750 0.006597
579 FPGA_VCCINT_MON 0.013095 3.281250 0.042133 FPGA_VCCAUX_MON 0.006151 1.093750 0.006597
580 FPGA_VCCINT_MON 0.013095 3.281250 0.042133 FPGA_VCCAUX_MON 0.006151 1.093750 0.006597
581 FPGA_VCCINT_MON 0.013095 3.281250 0.042133 FPGA_VCCAUX_MON 0.006151 1.093750 0.006597
582 FPGA_VCCINT_MON 0.013095 3.281250 0.042133 FPGA_VCCAUX_MON 0.006151 1.093750 0.006597
583 FPGA_VCCINT_MON 0.013095 3.281250 0.042133 FPGA_VCCAUX_MON 0.006151 1.093750 0.006597
584 FPGA_VCCINT_MON 0.013095 3.281250 0.042133 FPGA_VCCAUX_MON 0.006151 1.093750 0.006597
585 FPGA_VCCINT_MON 0.013095 3.281250 0.042133 FPGA_VCCAUX_MON 0.006151 1.093750 0.006597
586 FPGA_VCCINT_MON 0.013095 3.281250 0.042133 FPGA_VCCAUX_MON 0.006151 1.093750 0.006597
587 FPGA_VCCINT_MON 0.013095 3.281250 0.042133 FPGA_VCCAUX_MON 0.006151 1.093750 0.006597
588 FPGA_VCCINT_MON 0.013095 3.281250 0.042133 FPGA_VCCAUX_MON 0.006151 1.093750 0.006597
589 FPGA_VCCINT_MON 0.013095 3.281250 0.042133 FPGA_VCCAUX_MON 0.006151 1.093750 0.006597
590 FPGA_VCCINT_MON 0.013095 3.281250 0.042133 FPGA_VCCAUX_MON 0.006151 1.093750 0.006597
591 FPGA_VCCINT_MON 0.020635 3.281250 0.066391 FPGA_VCCAUX_MON 0.006151 1.093750 0.006597
592 FPGA_VCCINT_MON 0.020635 3.281250 0.066391 FPGA_VCCAUX_MON 0.006151 1.093750 0.006597
593 FPGA_VCCINT_MON 0.020635 3.281250 0.066391 FPGA_VCCAUX_MON 0.006151 1.093750 0.006597
594 FPGA_VCCINT_MON 0.020635 3.281250 0.066391 FPGA_VCCAUX_MON 0.006151 1.093750 0.006597
595 FPGA_VCCINT_MON 0.020635 3.281250 0.066391 FPGA_VCCAUX_MON 0.006151 1.093750 0.006597
596 FPGA_VCCINT_MON 0.020635 3.281250 0.066391 FPGA_VCCAUX_MON 0.006151 1.093750 0.006597
597 FPGA_VCCINT_MON 0.020635 3.281250 0.066391 FPGA_VCCAUX_MON 0.006151 1.093750 0.006597
598 FPGA_VCCINT_MON 0.020635 3.281250 0.066391 FPGA_VCCAUX_MON 0.006151 1.093750 0.006597
599 FPGA_VCCINT_MON 0.020635 3.281250 0.066391 FPGA_VCCAUX_MON 0.006151 1.093750 0.006597
600 FPGA_VCCINT_MON 0.020635 3.281250 0.066391 FPGA_VCCAUX_MON 0.006151 1.093750 0.006597
601 FPGA_VCCINT_MON 0.020635 3.281250 0.066391 FPGA_VCCAUX_MON 0.006151 1.093750 0.006597
602 FPGA_VCCINT_MON 0.020635 3.281250 0.066391 FPGA_VCCAUX_MON 0.006151 1.093750 0.006597
603 FPGA_VCCINT_MON 0.020635 3.281250 0.066391 FPGA_VCCAUX_MON 0.006151 1.093750 0.006597
604 FPGA_VCCINT_MON 0.020635 3.281250 0.066391 FPGA_VCCAUX_MON 0.006151 1.093750 0.006597
605 FPGA_VCCINT_MON 0.020635 3.281250 0.066391 FPGA_VCCAUX_MON 0.006151 1.093750 0.006597
606 FPGA_VCCINT_MON 0.020635 3.281250 0.066391 FPGA_VCCAUX_MON 0.006151 1.093750 0.006597
607 FPGA_VCCINT_MON 0.020635 3.281250 0.066391 FPGA_VCCAUX_MON 0.006151 1.093750 0.006597
608 FPGA_VCCINT_MON 0.020635 3.281250 0.066391 FPGA_VCCAUX_MON 0.006151 1.093750 0.006597
609 FPGA_VCCINT_MON 0.020635 3.281250 0.066391 FPGA_VCCAUX_MON 0.006151 1.093750 0.006597
610 FPGA_VCCINT_MON 0.020635 3.281250 0.066391 FPGA_VCCAUX_MON 0.006151 1.093750 0.006597
611 FPGA_VCCINT_MON 0.020635 3.281250 0.066391 FPGA_VCCAUX_MON 0.006151 1.093750 0.006597
612 FPGA_VCCINT_MON 0.020635 3.281250 0.066391 FPGA_VCCAUX_MON 0.006151 1.093750 0.006597
613 FPGA_VCCINT_MON 0.020635 3.281250 0.066391 FPGA_VCCAUX_MON 0.006151 1.093750 0.006597
614 FPGA_VCCINT_MON 0.020635 3.281250 0.066391 FPGA_VCCAUX_MON 0.006151 1.093750 0.006597
615 FPGA_VCCINT_MON 0.020635 3.281250 0.066391 FPGA_VCCAUX_MON 0.006151 1.093750 0.006597
616 FPGA_VCCINT_MON 0.020635 3.281250 0.066391 FPGA_VCCAUX_MON 0.006151 1.093750 0.006597
617 FPGA_VCCINT_MON 0.020635 3.281250 0.066391 FPGA_VCCAUX_MON 0.006151 1.093750 0.006597
618 FPGA_VCCINT_MON 0.020635 3.281250 0.066391 FPGA_VCCAUX_MON 0.006151 1.093750 0.006597
619 FPGA_VCCINT_MON 0.020635 3.281250 0.066391 FPGA_VCCAUX_MON 0.006151 1.093750 0.006597
620 FPGA_VCCINT_MON 0.020635 3.281250 0.066391 FPGA_VCCAUX_MON 0.006151 1.093750 0.006597
621 FPGA_VCCINT_MON 0.020635 3.281250 0.066391 FPGA_VCCAUX_MON 0.006151 1.093750 0.006597
622 FPGA_VCCINT_MON 0.020635 3.281250 0.066391 FPGA_VCCAUX_MON 0.006151 1.093750 0.006597
623 FPGA_VCCINT_MON 0.020635 3.281250 0.066391 FPGA_VCCAUX_MON 0.006151 1.093750 0.006597
624 FPGA_VCCINT_MON 0.020635 3.281250 0.066391 FPGA_VCCAUX_MON 0.006151 1.093750 0.006597
625 FPGA_VCCINT_MON 0.020635 3.281250 0.066391 FPGA_VCCAUX_MON 0.006151 1.093750 0.006597
626 FPGA_VCCINT_MON 0.020635 3.281250 0.066391 FPGA_VCCAUX_MON 0.006151 1.093750 0.006597
627 FPGA_VCCINT_MON 0.019048 3.281250 0.061284 FPGA_VCCAUX_MON 0.006151 1.093750 0.006597
628 FPGA_VCCINT_MON 0.013095 3.281250 0.042133 FPGA_VCCAUX_MON 0.006151 1.093750 0.006597
629 FPGA_VCCINT_MON 0.013095 3.281250 0.042133 FPGA_VCCAUX_MON 0.006151 1.093750 0.006597
630 FPGA_VCCINT_MON 0.013095 3.281250 0.042133 FPGA_VCCAUX_MON 0.006151 1.093750 0.006597
631 FPGA_VCCINT_MON 0.013095 3.281250 0.042133 FPGA_VCCAUX_MON 0.006151 1.093750 0.006597
632 FPGA_VCCINT_MON 0.013095 3.281250 0.042133 FPGA_VCCAUX_MON 0.006151 1.093750 0.006597
633 FPGA_VCCINT_MON 0.013095 3.281250 0.042133 FPGA_VCCAUX_MON 0.006151 1.093750 0.006597
634 FPGA_VCCINT_MON 0.013095 3.281250 0.042133 FPGA_VCCAUX_MON 0.006151 1.093750 0.006597
635 FPGA_VCCINT_MON 0.013095 3.281250 0.042133 FPGA_VCCAUX_MON 0.006151 1.093750 0.006597
636 FPGA_VCCINT_MON 0.013095 3.281250 0.042133 FPGA_VCCAUX_MON 0.006151 1.093750 0.006597
637 FPGA_VCCINT_MON 0.013095 3.281250 0.042133 FPGA_VCCAUX_MON 0.006151 1.093750 0.006597
638 FPGA_VCCINT_MON 0.013095 3.281250 0.042133 FPGA_VCCAUX_MON 0.006151 1.093750 0.006597
639 FPGA_VCCINT_MON 0.013095 3.281250 0.042133 FPGA_VCCAUX_MON 0.006151 1.093750 0.006597
640 FPGA_VCCINT_MON 0.013095 3.281250 0.042133 FPGA_VCCAUX_MON 0.006151 1.093750 0.006597
641 FPGA_VCCINT_MON 0.013095 3.281250 0.042133 FPGA_VCCAUX_MON 0.006151 1.093750 0.006597
642 FPGA_VCCINT_MON 0.013095 3.281250 0.042133 FPGA_VCCAUX_MON 0.006151 1.093750 0.006597
643 FPGA_VCCINT_MON 0.013095 3.281250 0.042133 FPGA_VCCAUX_MON 0.006151 1.093750 0.006597
644 FPGA_VCCINT_MON 0.013095 3.281250 0.042133 FPGA_VCCAUX_MON 0.006151 1.093750 0.006597
645 FPGA_VCCINT_MON 0.013095 3.281250 0.042133 FPGA_VCCAUX_MON 0.006151 1.093750 0.006597
646 FPGA_VCCINT_MON 0.013095 3.281250 0.042133 FPGA_VCCAUX_MON 0.006151 1.093750 0.006597
647 FPGA_VCCINT_MON 0.013095 3.281250 0.042133 FPGA_VCCAUX_MON 0.006151 1.093750 0.006597
648 FPGA_VCCINT_MON 0.013095 3.281250 0.042133 FPGA_VCCAUX_MON 0.006151 1.093750 0.006597
649 FPGA_VCCINT_MON 0.013095 3.281250 0.042133 FPGA_VCCAUX_MON 0.006151 1.093750 0.006597
650 FPGA_VCCINT_MON 0.013095 3.281250 0.042133 FPGA_VCCAUX_MON 0.006151 1.093750 0.006597
651 FPGA_VCCINT_MON 0.013095 3.281250 0.042133 FPGA_VCCAUX_MON 0.006151 1.093750 0.006597
652 FPGA_VCCINT_MON 0.013095 3.281250 0.042133 FPGA_VCCAUX_MON 0.006151 1.093750 0.006597
653 FPGA_VCCINT_MON 0.013095 3.281250 0.042133 FPGA_VCCAUX_MON 0.006151 1.093750 0.006597
654 FPGA_VCCINT_MON 0.013095 3.281250 0.042133 FPGA_VCCAUX_MON 0.006151 1.093750 0.006597
655 FPGA_VCCINT_MON 0.013095 3.281250 0.042133 FPGA_VCCAUX_MON 0.006151 1.093750 0.006597
656 FPGA_VCCINT_MON 0.013095 3.281250 0.042133 FPGA_VCCAUX_MON 0.006151 1.093750 0.006597
657 FPGA_VCCINT_MON 0.013095 3.281250 0.042133 FPGA_VCCAUX_MON 0.006151 1.093750 0.006597
658 FPGA_VCCINT_MON 0.013095 3.281250 0.042133 FPGA_VCCAUX_MON 0.006151 1.093750 0.006597
659 FPGA_VCCINT_MON 0.013095 3.281250 0.042133 FPGA_VCCAUX_MON 0.006151 1.093750 0.006597
660 FPGA_VCCINT_MON 0.013095 3.281250 0.042133 FPGA_VCCAUX_MON 0.006151 1.093750 0.006597
661 FPGA_VCCINT_MON 0.013095 3.281250 0.042133 FPGA_VCCAUX_MON 0.006151 1.093750 0.006597
662 FPGA_VCCINT_MON 0.013095 3.281250 0.042133 FPGA_VCCAUX_MON 0.006151 1.093750 0.006597
663 FPGA_VCCINT_MON 0.013095 3.281250 0.042133 FPGA_VCCAUX_MON 0.006151 1.093750 0.006597
664 FPGA_VCCINT_MON 0.014286 3.281250 0.045963 FPGA_VCCAUX_MON 0.006151 1.093750 0.006597
665 FPGA_VCCINT_MON 0.014683 3.281250 0.047240 FPGA_VCCAUX_MON 0.006151 1.093750 0.006597
666 FPGA_VCCINT_MON 0.014683 3.281250 0.047240 FPGA_VCCAUX_MON 0.006151 1.093750 0.006597
667 FPGA_VCCINT_MON 0.014683 3.281250 0.047240 FPGA_VCCAUX_MON 0.006151 1.093750 0.006597
668 FPGA_VCCINT_MON 0.014683 3.281250 0.047240 FPGA_VCCAUX_MON 0.006151 1.093750 0.006597
669 FPGA_VCCINT_MON 0.014683 3.281250 0.047240 FPGA_VCCAUX_MON 0.006151 1.093750 0.006597
670 FPGA_VCCINT_MON 0.014683 3.281250 0.047240 FPGA_VCCAUX_MON 0.006151 1.093750 0.006597
671 FPGA_VCCINT_MON 0.014683 3.281250 0.047240 FPGA_VCCAUX_MON 0.006151 1.093750 0.006597
672 FPGA_VCCINT_MON 0.014683 3.281250 0.047240 FPGA_VCCAUX_MON 0.006151 1.093750 0.006597
673 FPGA_VCCINT_MON 0.014683 3.281250 0.047240 FPGA_VCCAUX_MON 0.006151 1.093750 0.006597
674 FPGA_VCCINT_MON 0.014683 3.281250 0.047240 FPGA_VCCAUX_MON 0.006151 1.093750 0.006597
675 FPGA_VCCINT_MON 0.014683 3.281250 0.047240 FPGA_VCCAUX_MON 0.006151 1.093750 0.006597
676 FPGA_VCCINT_MON 0.014683 3.281250 0.047240 FPGA_VCCAUX_MON 0.006151 1.093750 0.006597
677 FPGA_VCCINT_MON 0.014683 3.281250 0.047240 FPGA_VCCAUX_MON 0.006151 1.093750 0.006597
678 FPGA_VCCINT_MON 0.014683 3.281250 0.047240 FPGA_VCCAUX_MON 0.006151 1.093750 0.006597
679 FPGA_VCCINT_MON 0.014683 3.281250 0.047240 FPGA_VCCAUX_MON 0.006151 1.093750 0.006597
680 FPGA_VCCINT_MON 0.014683 3.281250 0.047240 FPGA_VCCAUX_MON 0.006151 1.093750 0.006597
681 FPGA_VCCINT_MON 0.014683 3.281250 0.047240 FPGA_VCCAUX_MON 0.006151 1.093750 0.006597
682 FPGA_VCCINT_MON 0.014683 3.281250 0.047240 FPGA_VCCAUX_MON 0.006151 1.093750 0.006597
683 FPGA_VCCINT_MON 0.014683 3.281250 0.047240 FPGA_VCCAUX_MON 0.006151 1.093750 0.006597
684 FPGA_VCCINT_MON 0.014683 3.281250 0.047240 FPGA_VCCAUX_MON 0.006151 1.093750 0.006597
685 FPGA_VCCINT_MON 0.014683 3.281250 0.047240 FPGA_VCCAUX_MON 0.006151 1.093750 0.006597
686 FPGA_VCCINT_MON 0.014683 3.281250 0.047240 FPGA_VCCAUX_MON 0.006151 1.093750 0.006597
687 FPGA_VCCINT_MON 0.014683 3.281250 0.047240 FPGA_VCCAUX_MON 0.006151 1.093750 0.006597
688 FPGA_VCCINT_MON 0.014683 3.281250 0.047240 FPGA_VCCAUX_MON 0.006151 1.093750 0.006597
689 FPGA_VCCINT_MON 0.014683 3.281250 0.047240 FPGA_VCCAUX_MON 0.006151 1.093750 0.006597
690 FPGA_VCCINT_MON 0.014683 3.281250 0.047240 FPGA_VCCAUX_MON 0.006151 1.093750 0.006597
691 FPGA_VCCINT_MON 0.014683 3.281250 0.047240 FPGA_VCCAUX_MON 0.006151 1.093750 0.006597
692 FPGA_VCCINT_MON 0.014683 3.281250 0.047240 FPGA_VCCAUX_MON 0.006151 1.093750 0.006597
693 FPGA_VCCINT_MON 0.014683 3.281250 0.047240 FPGA_VCCAUX_MON 0.006151 1.093750 0.006597
694 FPGA_VCCINT_MON 0.014683 3.281250 0.047240 FPGA_VCCAUX_MON 0.006151 1.093750 0.006597
695 FPGA_VCCINT_MON 0.014683 3.281250 0.047240 FPGA_VCCAUX_MON 0.006151 1.093750 0.006597
696 FPGA_VCCINT_MON 0.014683 3.281250 0.047240 FPGA_VCCAUX_MON 0.006151 1.093750 0.006597
697 FPGA_VCCINT_MON 0.014683 3.281250 0.047240 FPGA_VCCAUX_MON 0.006151 1.093750 0.006597
698 FPGA_VCCINT_MON 0.014683 3.281250 0.047240 FPGA_VCCAUX_MON 0.006151 1.093750 0.006597
699 FPGA_VCCINT_MON 0.014683 3.281250 0.047240 FPGA_VCCAUX_MON 0.006151 1.093750 0.006597
700 FPGA_VCCINT_MON 0.014683 3.281250 0.047240 FPGA_VCCAUX_MON 0.006151 1.093750 0.006597
701 FPGA_VCCINT_MON 0.014683 3.281250 0.047240 FPGA_VCCAUX_MON 0.006151 1.093750 0.006597
702 FPGA_VCCINT_MON 0.014683 3.281250 0.047240 FPGA_VCCAUX_MON 0.006151 1.093750 0.006597
703 FPGA_VCCINT_MON 0.014683 3.281250 0.047240 FPGA_VCCAUX_MON 0.006151 1.093750 0.006597
704 FPGA_VCCINT_MON 0.014683 3.281250 0.047240 FPGA_VCCAUX_MON 0.006151 1.093750 0.006597
705 FPGA_VCCINT_MON 0.014683 3.281250 0.047240 FPGA_VCCAUX_MON 0.006151 1.093750 0.006597
706 FPGA_VCCINT_MON 0.014683 3.281250 0.047240 FPGA_VCCAUX_MON 0.006151 1.093750 0.006597
707 FPGA_VCCINT_MON 0.014683 3.281250 0.047240 FPGA_VCCAUX_MON 0.006151 1.093750 0.006597
708 FPGA_VCCINT_MON 0.014683 3.281250 0.047240 FPGA_VCCAUX_MON 0.006151 1.093750 0.006597
709 FPGA_VCCINT_MON 0.014683 3.281250 0.047240 FPGA_VCCAUX_MON 0.006151 1.093750 0.006597
710 FPGA_VCCINT_MON 0.014683 3.281250 0.047240 FPGA_VCCAUX_MON 0.006151 1.093750 0.006597
711 FPGA_VCCINT_MON 0.014683 3.281250 0.047240 FPGA_VCCAUX_MON 0.006151 1.093750 0.006597
712 FPGA_VCCINT_MON 0.014683 3.281250 0.047240 FPGA_VCCAUX_MON 0.006151 1.093750 0.006597
713 FPGA_VCCINT_MON 0.014683 3.281250 0.047240 FPGA_VCCAUX_MON 0.006151 1.093750 0.006597
714 FPGA_VCCINT_MON 0.014683 3.281250 0.047240 FPGA_VCCAUX_MON 0.006151 1.093750 0.006597
715 FPGA_VCCINT_MON 0.014683 3.281250 0.047240 FPGA_VCCAUX_MON 0.006151 1.093750 0.006597
716 FPGA_VCCINT_MON 0.014683 3.281250 0.047240 FPGA_VCCAUX_MON 0.006151 1.093750 0.006597
717 FPGA_VCCINT_MON 0.014683 3.281250 0.047240 FPGA_VCCAUX_MON 0.006151 1.093750 0.006597
718 FPGA_VCCINT_MON 0.014683 3.281250 0.047240 FPGA_VCCAUX_MON 0.006151 1.093750 0.006597
719 FPGA_VCCINT_MON 0.014683 3.281250 0.047240 FPGA_VCCAUX_MON 0.006151 1.093750 0.006597
720 FPGA_VCCINT_MON 0.014683 3.281250 0.047240 FPGA_VCCAUX_MON 0.006151 1.093750 0.006597
721 FPGA_VCCINT_MON 0.014683 3.281250 0.047240 FPGA_VCCAUX_MON 0.006151 1.093750 0.006597
722 FPGA_VCCINT_MON 0.014683 3.281250 0.047240 FPGA_VCCAUX_MON 0.006151 1.093750 0.006597
723 FPGA_VCCINT_MON 0.014683 3.281250 0.047240 FPGA_VCCAUX_MON 0.006151 1.093750 0.006597
724 FPGA_VCCINT_MON 0.014683 3.281250 0.047240 FPGA_VCCAUX_MON 0.006151 1.093750 0.006597
725 FPGA_VCCINT_MON 0.014683 3.281250 0.047240 FPGA_VCCAUX_MON 0.006151 1.093750 0.006597
726 FPGA_VCCINT_MON 0.014683 3.281250 0.047240 FPGA_VCCAUX_MON 0.006151 1.093750 0.006597
727 FPGA_VCCINT_MON 0.014683 3.281250 0.047240 FPGA_VCCAUX_MON 0.006151 1.093750 0.006597
728 FPGA_VCCINT_MON 0.014683 3.281250 0.047240 FPGA_VCCAUX_MON 0.006151 1.093750 0.006597
729 FPGA_VCCINT_MON 0.014683 3.281250 0.047240 FPGA_VCCAUX_MON 0.006151 1.093750 0.006597
730 FPGA_VCCINT_MON 0.014683 3.281250 0.047240 FPGA_VCCAUX_MON 0.006151 1.093750 0.006597
731 FPGA_VCCINT_MON 0.014683 3.281250 0.047240 FPGA_VCCAUX_MON 0.006151 1.093750 0.006597
732 FPGA_VCCINT_MON 0.014683 3.281250 0.047240 FPGA_VCCAUX_MON 0.006151 1.093750 0.006597
733 FPGA_VCCINT_MON 0.014683 3.281250 0.047240 FPGA_VCCAUX_MON 0.006151 1.093750 0.006597
734 FPGA_VCCINT_MON 0.014683 3.281250 0.047240 FPGA_VCCAUX_MON 0.006151 1.093750 0.006597
735 FPGA_VCCINT_MON 0.014683 3.281250 0.047240 FPGA_VCCAUX_MON 0.006151 1.093750 0.006597
736 FPGA_VCCINT_MON 0.014683 3.281250 0.047240 FPGA_VCCAUX_MON 0.006151 1.093750 0.006597
737 FPGA_VCCINT_MON 0.014683 3.281250 0.047240 FPGA_VCCAUX_MON 0.006151 1.093750 0.006597
738 FPGA_VCCINT_MON 0.014683 3.281250 0.047240 FPGA_VCCAUX_MON 0.006151 1.093750 0.006597
739 FPGA_VCCINT_MON 0.014683 3.281250 0.047240 FPGA_VCCAUX_MON 0.006151 1.093750 0.006597
740 FPGA_VCCINT_MON 0.014683 3.281250 0.047240 FPGA_VCCAUX_MON 0.006151 1.093750 0.006597
741 FPGA_VCCINT_MON 0.014683 3.281250 0.047240 FPGA_VCCAUX_MON 0.006151 1.093750 0.006597
742 FPGA_VCCINT_MON 0.014683 3.281250 0.047240 FPGA_VCCAUX_MON 0.006151 1.093750 0.006597
743 FPGA_VCCINT_MON 0.014683 3.281250 0.047240 FPGA_VCCAUX_MON 0.006151 1.093750 0.006597
744 FPGA_VCCINT_MON 0.014683 3.281250 0.047240 FPGA_VCCAUX_MON 0.006151 1.093750 0.006597
745 FPGA_VCCINT_MON 0.014683 3.281250 0.047240 FPGA_VCCAUX_MON 0.006151 1.093750 0.006597
746 FPGA_VCCINT_MON 0.014683 3.281250 0.047240 FPGA_VCCAUX_MON 0.006151 1.093750 0.006597
747 FPGA_VCCINT_MON 0.014683 3.281250 0.047240 FPGA_VCCAUX_MON 0.006151 1.093750 0.006597
748 FPGA_VCCINT_MON 0.014683 3.281250 0.047240 FPGA_VCCAUX_MON 0.006151 1.093750 0.006597
749 FPGA_VCCINT_MON 0.014683 3.281250 0.047240 FPGA_VCCAUX_MON 0.006151 1.093750 0.006597
750 FPGA_VCCINT_MON 0.014683 3.281250 0.047240 FPGA_VCCAUX_MON 0.006151 1.093750 0.006597
751 FPGA_VCCINT_MON 0.014683 3.281250 0.047240 FPGA_VCCAUX_MON 0.006151 1.093750 0.006597
752 FPGA_VCCINT_MON 0.014683 3.281250 0.047240 FPGA_VCCAUX_MON 0.006151 1.093750 0.006597
753 FPGA_VCCINT_MON 0.014683 3.281250 0.047240 FPGA_VCCAUX_MON 0.006151 1.093750 0.006597
754 FPGA_VCCINT_MON 0.014683 3.281250 0.047240 FPGA_VCCAUX_MON 0.006151 1.093750 0.006597
755 FPGA_VCCINT_MON 0.014683 3.281250 0.047240 FPGA_VCCAUX_MON 0.006151 1.093750 0.006597
756 FPGA_VCCINT_MON 0.014683 3.281250 0.047240 FPGA_VCCAUX_MON 0.006151 1.093750 0.006597
757 FPGA_VCCINT_MON 0.014683 3.281250 0.047240 FPGA_VCCAUX_MON 0.006151 1.093750 0.006597
758 FPGA_VCCINT_MON 0.014683 3.281250 0.047240 FPGA_VCCAUX_MON 0.006151 1.093750 0.006597
759 FPGA_VCCINT_MON 0.014683 3.281250 0.047240 FPGA_VCCAUX_MON 0.006151 1.093750 0.006597
760 FPGA_VCCINT_MON 0.014683 3.281250 0.047240 FPGA_VCCAUX_MON 0.006151 1.093750 0.006597
761 FPGA_VCCINT_MON 0.014683 3.281250 0.047240 FPGA_VCCAUX_MON 0.006151 1.093750 0.006597
762 FPGA_VCCINT_MON 0.014683 3.281250 0.047240 FPGA_VCCAUX_MON 0.006151 1.093750 0.006597
763 FPGA_VCCINT_MON 0.014683 3.281250 0.047240 FPGA_VCCAUX_MON 0.006151 1.093750 0.006597
764 FPGA_VCCINT_MON 0.014683 3.281250 0.047240 FPGA_VCCAUX_MON 0.006151 1.093750 0.006597
765 FPGA_VCCINT_MON 0.014683 3.281250 0.047240 FPGA_VCCAUX_MON 0.006151 1.093750 0.006597
766 FPGA_VCCINT_MON 0.014683 3.281250 0.047240 FPGA_VCCAUX_MON 0.006151 1.093750 0.006597
767 FPGA_VCCINT_MON 0.014683 3.281250 0.047240 FPGA_VCCAUX_MON 0.006151 1.093750 0.006597
768 FPGA_VCCINT_MON 0.014683 3.281250 0.047240 FPGA_VCCAUX_MON 0.006151 1.093750 0.006597
769 FPGA_VCCINT_MON 0.014683 3.281250 0.047240 FPGA_VCCAUX_MON 0.006151 1.093750 0.006597
770 FPGA_VCCINT_MON 0.014683 3.281250 0.047240 FPGA_VCCAUX_MON 0.006151 1.093750 0.006597
771 FPGA_VCCINT_MON 0.014683 3.281250 0.047240 FPGA_VCCAUX_MON 0.006151 1.093750 0.006597
772 FPGA_VCCINT_MON 0.014683 3.281250 0.047240 FPGA_VCCAUX_MON 0.006151 1.093750 0.006597
773 FPGA_VCCINT_MON 0.014683 3.281250 0.047240 FPGA_VCCAUX_MON 0.006151 1.093750 0.006597
774 FPGA_VCCINT_MON 0.014683 3.281250 0.047240 FPGA_VCCAUX_MON 0.006151 1.093750 0.006597
775 FPGA_VCCINT_MON 0.014683 3.281250 0.047240 FPGA_VCCAUX_MON 0.006151 1.093750 0.006597
776 FPGA_VCCINT_MON 0.014683 3.281250 0.047240 FPGA_VCCAUX_MON 0.006151 1.093750 0.006597
777 FPGA_VCCINT_MON 0.014683 3.281250 0.047240 FPGA_VCCAUX_MON 0.006151 1.093750 0.006597
778 FPGA_VCCINT_MON 0.014683 3.281250 0.047240 FPGA_VCCAUX_MON 0.006151 1.093750 0.006597
779 FPGA_VCCINT_MON 0.014683 3.281250 0.047240 FPGA_VCCAUX_MON 0.006151 1.093750 0.006597
780 FPGA_VCCINT_MON 0.014683 3.281250 0.047240 FPGA_VCCAUX_MON 0.006151 1.093750 0.006597
781 FPGA_VCCINT_MON 0.014683 3.281250 0.047240 FPGA_VCCAUX_MON 0.006151 1.093750 0.006597
782 FPGA_VCCINT_MON 0.014683 3.281250 0.047240 FPGA_VCCAUX_MON 0.006151 1.093750 0.006597
783 FPGA_VCCINT_MON 0.014683 3.281250 0.047240 FPGA_VCCAUX_MON 0.006151 1.093750 0.006597
784 FPGA_VCCINT_MON 0.014683 3.281250 0.047240 FPGA_VCCAUX_MON 0.006151 1.093750 0.006597
785 FPGA_VCCINT_MON 0.014683 3.281250 0.047240 FPGA_VCCAUX_MON 0.006151 1.093750 0.006597
786 FPGA_VCCINT_MON 0.014683 3.281250 0.047240 FPGA_VCCAUX_MON 0.006151 1.093750 0.006597
787 FPGA_VCCINT_MON 0.014683 3.281250 0.047240 FPGA_VCCAUX_MON 0.006151 1.093750 0.006597
788 FPGA_VCCINT_MON 0.014683 3.281250 0.047240 FPGA_VCCAUX_MON 0.006151 1.093750 0.006597
789 FPGA_VCCINT_MON 0.014683 3.281250 0.047240 FPGA_VCCAUX_MON 0.006151 1.093750 0.006597
790 FPGA_VCCINT_MON 0.014683 3.281250 0.047240 FPGA_VCCAUX_MON 0.006151 1.093750 0.006597
791 FPGA_VCCINT_MON 0.014683 3.281250 0.047240 FPGA_VCCAUX_MON 0.006151 1.093750 0.006597
792 FPGA_VCCINT_MON 0.014683 3.281250 0.047240 FPGA_VCCAUX_MON 0.006151 1.093750 0.006597
793 FPGA_VCCINT_MON 0.014683 3.281250 0.047240 FPGA_VCCAUX_MON 0.006151 1.093750 0.006597
794 FPGA_VCCINT_MON 0.014683 3.281250 0.047240 FPGA_VCCAUX_MON 0.006151 1.093750 0.006597
795 FPGA_VCCINT_MON 0.014683 3.281250 0.047240 FPGA_VCCAUX_MON 0.006151 1.093750 0.006597
796 FPGA_VCCINT_MON 0.014683 3.281250 0.047240 FPGA_VCCAUX_MON 0.006151 1.093750 0.006597
797 FPGA_VCCINT_MON 0.014683 3.281250 0.047240 FPGA_VCCAUX_MON 0.006151 1.093750 0.006597
798 FPGA_VCCINT_MON 0.014683 3.281250 0.047240 FPGA_VCCAUX_MON 0.006151 1.093750 0.006597
799 FPGA_VCCINT_MON 0.014683 3.281250 0.047240 FPGA_VCCAUX_MON 0.006151 1.093750 0.006597
800 FPGA_VCCINT_MON 0.014683 3.281250 0.047240 FPGA_VCCAUX_MON 0.006151 1.093750 0.006597
801 FPGA_VCCINT_MON 0.014683 3.281250 0.047240 FPGA_VCCAUX_MON 0.006151 1.093750 0.006597
802 FPGA_VCCINT_MON 0.014683 3.281250 0.047240 FPGA_VCCAUX_MON 0.006151 1.093750 0.006597
803 FPGA_VCCINT_MON 0.014683 3.281250 0.047240 FPGA_VCCAUX_MON 0.006151 1.093750 0.006597
804 FPGA_VCCINT_MON 0.014683 3.281250 0.047240 FPGA_VCCAUX_MON 0.006151 1.093750 0.006597
805 FPGA_VCCINT_MON 0.014683 3.281250 0.047240 FPGA_VCCAUX_MON 0.006151 1.093750 0.006597
806 FPGA_VCCINT_MON 0.014683 3.281250 0.047240 FPGA_VCCAUX_MON 0.006151 1.093750 0.006597
807 FPGA_VCCINT_MON 0.014683 3.281250 0.047240 FPGA_VCCAUX_MON 0.006151 1.093750 0.006597
808 FPGA_VCCINT_MON 0.014683 3.281250 0.047240 FPGA_VCCAUX_MON 0.006151 1.093750 0.006597
809 FPGA_VCCINT_MON 0.014683 3.281250 0.047240 FPGA_VCCAUX_MON 0.006151 1.093750 0.006597
810 FPGA_VCCINT_MON 0.014683 3.281250 0.047240 FPGA_VCCAUX_MON 0.006151 1.093750 0.006597
811 FPGA_VCCINT_MON 0.014683 3.281250 0.047240 FPGA_VCCAUX_MON 0.006151 1.093750 0.006597
812 FPGA_VCCINT_MON 0.014683 3.281250 0.047240 FPGA_VCCAUX_MON 0.006151 1.093750 0.006597
813 FPGA_VCCINT_MON 0.014683 3.281250 0.047240 FPGA_VCCAUX_MON 0.006151 1.093750 0.006597
814 FPGA_VCCINT_MON 0.014683 3.281250 0.047240 FPGA_VCCAUX_MON 0.006151 1.093750 0.006597
815 FPGA_VCCINT_MON 0.014683 3.281250 0.047240 FPGA_VCCAUX_MON 0.006151 1.093750 0.006597
816 FPGA_VCCINT_MON 0.014683 3.281250 0.047240 FPGA_VCCAUX_MON 0.006151 1.093750 0.006597
817 FPGA_VCCINT_MON 0.014683 3.281250 0.047240 FPGA_VCCAUX_MON 0.006151 1.093750 0.006597
818 FPGA_VCCINT_MON 0.014683 3.281250 0.047240 FPGA_VCCAUX_MON 0.006151 1.093750 0.006597
819 FPGA_VCCINT_MON 0.014683 3.281250 0.047240 FPGA_VCCAUX_MON 0.006151 1.093750 0.006597
820 FPGA_VCCINT_MON 0.014683 3.281250 0.047240 FPGA_VCCAUX_MON 0.006151 1.093750 0.006597
821 FPGA_VCCINT_MON 0.014683 3.281250 0.047240 FPGA_VCCAUX_MON 0.006151 1.093750 0.006597
822 FPGA_VCCINT_MON 0.014683 3.281250 0.047240 FPGA_VCCAUX_MON 0.006151 1.093750 0.006597
823 FPGA_VCCINT_MON 0.014683 3.281250 0.047240 FPGA_VCCAUX_MON 0.006151 1.093750 0.006597
824 FPGA_VCCINT_MON 0.014683 3.281250 0.047240 FPGA_VCCAUX_MON 0.006151 1.093750 0.006597
825 FPGA_VCCINT_MON 0.014683 3.281250 0.047240 FPGA_VCCAUX_MON 0.006151 1.093750 0.006597
826 FPGA_VCCINT_MON 0.014683 3.281250 0.047240 FPGA_VCCAUX_MON 0.006151 1.093750 0.006597
827 FPGA_VCCINT_MON 0.014683 3.281250 0.047240 FPGA_VCCAUX_MON 0.006151 1.093750 0.006597
828 FPGA_VCCINT_MON 0.014683 3.281250 0.047240 FPGA_VCCAUX_MON 0.006151 1.093750 0.006597
829 FPGA_VCCINT_MON 0.014683 3.281250 0.047240 FPGA_VCCAUX_MON 0.006151 1.093750 0.006597
830 FPGA_VCCINT_MON 0.014683 3.281250 0.047240 FPGA_VCCAUX_MON 0.006151 1.093750 0.006597
831 FPGA_VCCINT_MON 0.014683 3.281250 0.047240 FPGA_VCCAUX_MON 0.006151 1.093750 0.006597
832 FPGA_VCCINT_MON 0.014683 3.281250 0.047240 FPGA_VCCAUX_MON 0.006151 1.093750 0.006597
833 FPGA_VCCINT_MON 0.014683 3.281250 0.047240 FPGA_VCCAUX_MON 0.006151 1.093750 0.006597
834 FPGA_VCCINT_MON 0.014683 3.281250 0.047240 FPGA_VCCAUX_MON 0.006151 1.093750 0.006597
835 FPGA_VCCINT_MON 0.014683 3.281250 0.047240 FPGA_VCCAUX_MON 0.006151 1.093750 0.006597
836 FPGA_VCCINT_MON 0.014683 3.281250 0.047240 FPGA_VCCAUX_MON 0.006151 1.093750 0.006597
837 FPGA_VCCINT_MON 0.014683 3.281250 0.047240 FPGA_VCCAUX_MON 0.006151 1.093750 0.006597
838 FPGA_VCCINT_MON 0.014683 3.281250 0.047240 FPGA_VCCAUX_MON 0.006151 1.093750 0.006597
839 FPGA_VCCINT_MON 0.014683 3.281250 0.047240 FPGA_VCCAUX_MON 0.006151 1.093750 0.006597
840 FPGA_VCCINT_MON 0.014683 3.281250 0.047240 FPGA_VCCAUX_MON 0.006151 1.093750 0.006597
841 FPGA_VCCINT_MON 0.014683 3.281250 0.047240 FPGA_VCCAUX_MON 0.006151 1.093750 0.006597
842 FPGA_VCCINT_MON 0.014683 3.281250 0.047240 FPGA_VCCAUX_MON 0.006151 1.093750 0.006597
843 FPGA_VCCINT_MON 0.014683 3.281250 0.047240 FPGA_VCCAUX_MON 0.006151 1.093750 0.006597
844 FPGA_VCCINT_MON 0.014683 3.281250 0.047240 FPGA_VCCAUX_MON 0.006151 1.093750 0.006597
845 FPGA_VCCINT_MON 0.014683 3.281250 0.047240 FPGA_VCCAUX_MON 0.006151 1.093750 0.006597
846 FPGA_VCCINT_MON 0.014683 3.281250 0.047240 FPGA_VCCAUX_MON 0.006151 1.093750 0.006597
847 FPGA_VCCINT_MON 0.014683 3.281250 0.047240 FPGA_VCCAUX_MON 0.006151 1.093750 0.006597
848 FPGA_VCCINT_MON 0.014683 3.281250 0.047240 FPGA_VCCAUX_MON 0.006151 1.093750 0.006597
849 FPGA_VCCINT_MON 0.014683 3.281250 0.047240 FPGA_VCCAUX_MON 0.006151 1.093750 0.006597
850 FPGA_VCCINT_MON 0.014683 3.281250 0.047240 FPGA_VCCAUX_MON 0.006151 1.093750 0.006597
851 FPGA_VCCINT_MON 0.014683 3.281250 0.047240 FPGA_VCCAUX_MON 0.006151 1.093750 0.006597
852 FPGA_VCCINT_MON 0.014683 3.281250 0.047240 FPGA_VCCAUX_MON 0.006151 1.093750 0.006597
853 FPGA_VCCINT_MON 0.014683 3.281250 0.047240 FPGA_VCCAUX_MON 0.006151 1.093750 0.006597
854 FPGA_VCCINT_MON 0.014683 3.281250 0.047240 FPGA_VCCAUX_MON 0.006151 1.093750 0.006597
855 FPGA_VCCINT_MON 0.014683 3.281250 0.047240 FPGA_VCCAUX_MON 0.006151 1.093750 0.006597
856 FPGA_VCCINT_MON 0.014683 3.281250 0.047240 FPGA_VCCAUX_MON 0.006151 1.093750 0.006597
857 FPGA_VCCINT_MON 0.014683 3.281250 0.047240 FPGA_VCCAUX_MON 0.006151 1.093750 0.006597
858 FPGA_VCCINT_MON 0.014683 3.281250 0.047240 FPGA_VCCAUX_MON 0.006151 1.093750 0.006597
859 FPGA_VCCINT_MON 0.014683 3.281250 0.047240 FPGA_VCCAUX_MON 0.006151 1.093750 0.006597
860 FPGA_VCCINT_MON 0.014683 3.281250 0.047240 FPGA_VCCAUX_MON 0.006151 1.093750 0.006597
861 FPGA_VCCINT_MON 0.014683 3.281250 0.047240 FPGA_VCCAUX_MON 0.006151 1.093750 0.006597
862 FPGA_VCCINT_MON 0.014683 3.281250 0.047240 FPGA_VCCAUX_MON 0.006151 1.093750 0.006597
863 FPGA_VCCINT_MON 0.014683 3.281250 0.047240 FPGA_VCCAUX_MON 0.006151 1.093750 0.006597
864 FPGA_VCCINT_MON 0.014683 3.281250 0.047240 FPGA_VCCAUX_MON 0.006151 1.093750 0.006597
865 FPGA_VCCINT_MON 0.014683 3.281250 0.047240 FPGA_VCCAUX_MON 0.006151 1.093750 0.006597
866 FPGA_VCCINT_MON 0.014683 3.281250 0.047240 FPGA_VCCAUX_MON 0.006151 1.093750 0.006597
867 FPGA_VCCINT_MON 0.014683 3.281250 0.047240 FPGA_VCCAUX_MON 0.006151 1.093750 0.006597
868 FPGA_VCCINT_MON 0.014683 3.281250 0.047240 FPGA_VCCAUX_MON 0.006151 1.093750 0.006597
869 FPGA_VCCINT_MON 0.014683 3.281250 0.047240 FPGA_VCCAUX_MON 0.006151 1.093750 0.006597
870 FPGA_VCCINT_MON 0.014683 3.281250 0.047240 FPGA_VCCAUX_MON 0.006151 1.093750 0.006597
871 FPGA_VCCINT_MON 0.014683 3.281250 0.047240 FPGA_VCCAUX_MON 0.006151 1.093750 0.006597
872 FPGA_VCCINT_MON 0.014683 3.281250 0.047240 FPGA_VCCAUX_MON 0.006151 1.093750 0.006597
873 FPGA_VCCINT_MON 0.014683 3.281250 0.047240 