1 FPGA_VCCINT_MON 0.014683 3.281250 0.047240 FPGA_VCCAUX_MON 0.006151 1.093750 0.006597
2 FPGA_VCCINT_MON 0.014683 3.281250 0.047240 FPGA_VCCAUX_MON 0.006151 1.093750 0.006597
3 FPGA_VCCINT_MON 0.014683 3.281250 0.047240 FPGA_VCCAUX_MON 0.006151 1.093750 0.006597
4 FPGA_VCCINT_MON 0.014683 3.281250 0.047240 FPGA_VCCAUX_MON 0.006151 1.093750 0.006597
5 FPGA_VCCINT_MON 0.014683 3.281250 0.047240 FPGA_VCCAUX_MON 0.006151 1.093750 0.006597
6 FPGA_VCCINT_MON 0.014683 3.281250 0.047240 FPGA_VCCAUX_MON 0.006349 1.093750 0.006809
7 FPGA_VCCINT_MON 0.014683 3.281250 0.047240 FPGA_VCCAUX_MON 0.006349 1.093750 0.006809
8 FPGA_VCCINT_MON 0.020635 3.281250 0.066391 FPGA_VCCAUX_MON 0.006151 1.093750 0.006597
9 FPGA_VCCINT_MON 0.020635 3.281250 0.066391 FPGA_VCCAUX_MON 0.006151 1.093750 0.006597
10 FPGA_VCCINT_MON 0.020635 3.281250 0.066391 FPGA_VCCAUX_MON 0.006151 1.093750 0.006597
11 FPGA_VCCINT_MON 0.020635 3.281250 0.066391 FPGA_VCCAUX_MON 0.006151 1.093750 0.006597
12 FPGA_VCCINT_MON 0.020635 3.281250 0.066391 FPGA_VCCAUX_MON 0.006151 1.093750 0.006597
13 FPGA_VCCINT_MON 0.020635 3.281250 0.066391 FPGA_VCCAUX_MON 0.006151 1.093750 0.006597
14 FPGA_VCCINT_MON 0.020635 3.281250 0.066391 FPGA_VCCAUX_MON 0.006151 1.093750 0.006597
15 FPGA_VCCINT_MON 0.020635 3.281250 0.066391 FPGA_VCCAUX_MON 0.006151 1.093750 0.006597
16 FPGA_VCCINT_MON 0.020635 3.281250 0.066391 FPGA_VCCAUX_MON 0.006151 1.093750 0.006597
17 FPGA_VCCINT_MON 0.020635 3.281250 0.066391 FPGA_VCCAUX_MON 0.006151 1.093750 0.006597
18 FPGA_VCCINT_MON 0.020635 3.281250 0.066391 FPGA_VCCAUX_MON 0.006151 1.093750 0.006597
19 FPGA_VCCINT_MON 0.020635 3.281250 0.066391 FPGA_VCCAUX_MON 0.006151 1.093750 0.006597
20 FPGA_VCCINT_MON 0.020635 3.281250 0.066391 FPGA_VCCAUX_MON 0.006151 1.093750 0.006597
21 FPGA_VCCINT_MON 0.020635 3.281250 0.066391 FPGA_VCCAUX_MON 0.006151 1.093750 0.006597
22 FPGA_VCCINT_MON 0.020635 3.281250 0.066391 FPGA_VCCAUX_MON 0.006151 1.093750 0.006597
23 FPGA_VCCINT_MON 0.020635 3.281250 0.066391 FPGA_VCCAUX_MON 0.006151 1.093750 0.006597
24 FPGA_VCCINT_MON 0.020635 3.281250 0.066391 FPGA_VCCAUX_MON 0.006151 1.093750 0.006597
25 FPGA_VCCINT_MON 0.020635 3.281250 0.066391 FPGA_VCCAUX_MON 0.006151 1.093750 0.006597
26 FPGA_VCCINT_MON 0.020635 3.281250 0.066391 FPGA_VCCAUX_MON 0.006151 1.093750 0.006597
27 FPGA_VCCINT_MON 0.020635 3.281250 0.066391 FPGA_VCCAUX_MON 0.006151 1.093750 0.006597
28 FPGA_VCCINT_MON 0.020635 3.281250 0.066391 FPGA_VCCAUX_MON 0.006151 1.093750 0.006597
29 FPGA_VCCINT_MON 0.020635 3.281250 0.066391 FPGA_VCCAUX_MON 0.006151 1.093750 0.006597
30 FPGA_VCCINT_MON 0.020635 3.281250 0.066391 FPGA_VCCAUX_MON 0.006151 1.093750 0.006597
31 FPGA_VCCINT_MON 0.020635 3.281250 0.066391 FPGA_VCCAUX_MON 0.006151 1.093750 0.006597
32 FPGA_VCCINT_MON 0.020635 3.281250 0.066391 FPGA_VCCAUX_MON 0.006151 1.093750 0.006597
33 FPGA_VCCINT_MON 0.020635 3.281250 0.066391 FPGA_VCCAUX_MON 0.006151 1.093750 0.006597
34 FPGA_VCCINT_MON 0.020635 3.281250 0.066391 FPGA_VCCAUX_MON 0.006151 1.093750 0.006597
35 FPGA_VCCINT_MON 0.020635 3.281250 0.066391 FPGA_VCCAUX_MON 0.006151 1.093750 0.006597
36 FPGA_VCCINT_MON 0.020635 3.281250 0.066391 FPGA_VCCAUX_MON 0.006151 1.093750 0.006597
37 FPGA_VCCINT_MON 0.020635 3.281250 0.066391 FPGA_VCCAUX_MON 0.006151 1.093750 0.006597
38 FPGA_VCCINT_MON 0.020635 3.281250 0.066391 FPGA_VCCAUX_MON 0.006151 1.093750 0.006597
39 FPGA_VCCINT_MON 0.020635 3.281250 0.066391 FPGA_VCCAUX_MON 0.006151 1.093750 0.006597
40 FPGA_VCCINT_MON 0.020635 3.281250 0.066391 FPGA_VCCAUX_MON 0.006151 1.093750 0.006597
41 FPGA_VCCINT_MON 0.020635 3.281250 0.066391 FPGA_VCCAUX_MON 0.006151 1.093750 0.006597
42 FPGA_VCCINT_MON 0.020635 3.281250 0.066391 FPGA_VCCAUX_MON 0.006151 1.093750 0.006597
43 FPGA_VCCINT_MON 0.013095 3.281250 0.042133 FPGA_VCCAUX_MON 0.006151 1.093750 0.006597
44 FPGA_VCCINT_MON 0.013095 3.281250 0.042133 FPGA_VCCAUX_MON 0.006151 1.093750 0.006597
45 FPGA_VCCINT_MON 0.013095 3.281250 0.042133 FPGA_VCCAUX_MON 0.006151 1.093750 0.006597
46 FPGA_VCCINT_MON 0.013095 3.281250 0.042133 FPGA_VCCAUX_MON 0.006151 1.093750 0.006597
47 FPGA_VCCINT_MON 0.013095 3.281250 0.042133 FPGA_VCCAUX_MON 0.006151 1.093750 0.006597
48 FPGA_VCCINT_MON 0.013095 3.281250 0.042133 FPGA_VCCAUX_MON 0.006151 1.093750 0.006597
49 FPGA_VCCINT_MON 0.013095 3.281250 0.042133 FPGA_VCCAUX_MON 0.006151 1.093750 0.006597
50 FPGA_VCCINT_MON 0.013095 3.281250 0.042133 FPGA_VCCAUX_MON 0.006151 1.093750 0.006597
51 FPGA_VCCINT_MON 0.013095 3.281250 0.042133 FPGA_VCCAUX_MON 0.006151 1.093750 0.006597
52 FPGA_VCCINT_MON 0.013095 3.281250 0.042133 FPGA_VCCAUX_MON 0.006151 1.093750 0.006597
53 FPGA_VCCINT_MON 0.013095 3.281250 0.042133 FPGA_VCCAUX_MON 0.006151 1.093750 0.006597
54 FPGA_VCCINT_MON 0.013095 3.281250 0.042133 FPGA_VCCAUX_MON 0.006151 1.093750 0.006597
55 FPGA_VCCINT_MON 0.013095 3.281250 0.042133 FPGA_VCCAUX_MON 0.006151 1.093750 0.006597
56 FPGA_VCCINT_MON 0.013095 3.281250 0.042133 FPGA_VCCAUX_MON 0.006151 1.093750 0.006597
57 FPGA_VCCINT_MON 0.013095 3.281250 0.042133 FPGA_VCCAUX_MON 0.006151 1.093750 0.006597
58 FPGA_VCCINT_MON 0.013095 3.281250 0.042133 FPGA_VCCAUX_MON 0.006151 1.093750 0.006597
59 FPGA_VCCINT_MON 0.013095 3.281250 0.042133 FPGA_VCCAUX_MON 0.006151 1.093750 0.006597
60 FPGA_VCCINT_MON 0.013095 3.281250 0.042133 FPGA_VCCAUX_MON 0.006151 1.093750 0.006597
61 FPGA_VCCINT_MON 0.013095 3.281250 0.042133 FPGA_VCCAUX_MON 0.006151 1.093750 0.006597
62 FPGA_VCCINT_MON 0.013095 3.281250 0.042133 FPGA_VCCAUX_MON 0.006151 1.093750 0.006597
63 FPGA_VCCINT_MON 0.013095 3.281250 0.042133 FPGA_VCCAUX_MON 0.006151 1.093750 0.006597
64 FPGA_VCCINT_MON 0.013095 3.281250 0.042133 FPGA_VCCAUX_MON 0.006151 1.093750 0.006597
65 FPGA_VCCINT_MON 0.013095 3.281250 0.042133 FPGA_VCCAUX_MON 0.006151 1.093750 0.006597
66 FPGA_VCCINT_MON 0.013095 3.281250 0.042133 FPGA_VCCAUX_MON 0.006151 1.093750 0.006597
67 FPGA_VCCINT_MON 0.013095 3.281250 0.042133 FPGA_VCCAUX_MON 0.006151 1.093750 0.006597
68 FPGA_VCCINT_MON 0.013095 3.281250 0.042133 FPGA_VCCAUX_MON 0.006151 1.093750 0.006597
69 FPGA_VCCINT_MON 0.013095 3.281250 0.042133 FPGA_VCCAUX_MON 0.006151 1.093750 0.006597
70 FPGA_VCCINT_MON 0.013095 3.281250 0.042133 FPGA_VCCAUX_MON 0.006151 1.093750 0.006597
71 FPGA_VCCINT_MON 0.013095 3.281250 0.042133 FPGA_VCCAUX_MON 0.006151 1.093750 0.006597
72 FPGA_VCCINT_MON 0.013095 3.281250 0.042133 FPGA_VCCAUX_MON 0.006151 1.093750 0.006597
73 FPGA_VCCINT_MON 0.013095 3.281250 0.042133 FPGA_VCCAUX_MON 0.006151 1.093750 0.006597
74 FPGA_VCCINT_MON 0.013095 3.281250 0.042133 FPGA_VCCAUX_MON 0.006151 1.093750 0.006597
75 FPGA_VCCINT_MON 0.013095 3.281250 0.042133 FPGA_VCCAUX_MON 0.006151 1.093750 0.006597
76 FPGA_VCCINT_MON 0.013095 3.281250 0.042133 FPGA_VCCAUX_MON 0.006151 1.093750 0.006597
77 FPGA_VCCINT_MON 0.013095 3.281250 0.042133 FPGA_VCCAUX_MON 0.006151 1.093750 0.006597
78 FPGA_VCCINT_MON 0.020635 3.281250 0.066391 FPGA_VCCAUX_MON 0.006151 1.093750 0.006597
79 FPGA_VCCINT_MON 0.020635 3.281250 0.066391 FPGA_VCCAUX_MON 0.006151 1.093750 0.006597
80 FPGA_VCCINT_MON 0.020635 3.281250 0.066391 FPGA_VCCAUX_MON 0.006151 1.093750 0.006597
81 FPGA_VCCINT_MON 0.020635 3.281250 0.066391 FPGA_VCCAUX_MON 0.006151 1.093750 0.006597
82 FPGA_VCCINT_MON 0.020635 3.281250 0.066391 FPGA_VCCAUX_MON 0.006151 1.093750 0.006597
83 FPGA_VCCINT_MON 0.020635 3.281250 0.066391 FPGA_VCCAUX_MON 0.006151 1.093750 0.006597
84 FPGA_VCCINT_MON 0.020635 3.281250 0.066391 FPGA_VCCAUX_MON 0.006151 1.093750 0.006597
85 FPGA_VCCINT_MON 0.020635 3.281250 0.066391 FPGA_VCCAUX_MON 0.006151 1.093750 0.006597
86 FPGA_VCCINT_MON 0.020635 3.281250 0.066391 FPGA_VCCAUX_MON 0.006151 1.093750 0.006597
87 FPGA_VCCINT_MON 0.020635 3.281250 0.066391 FPGA_VCCAUX_MON 0.006151 1.093750 0.006597
88 FPGA_VCCINT_MON 0.020635 3.281250 0.066391 FPGA_VCCAUX_MON 0.006151 1.093750 0.006597
89 FPGA_VCCINT_MON 0.020635 3.281250 0.066391 FPGA_VCCAUX_MON 0.006151 1.093750 0.006597
90 FPGA_VCCINT_MON 0.020635 3.281250 0.066391 FPGA_VCCAUX_MON 0.006151 1.093750 0.006597
91 FPGA_VCCINT_MON 0.020635 3.281250 0.066391 FPGA_VCCAUX_MON 0.006151 1.093750 0.006597
92 FPGA_VCCINT_MON 0.020635 3.281250 0.066391 FPGA_VCCAUX_MON 0.006151 1.093750 0.006597
93 FPGA_VCCINT_MON 0.020635 3.281250 0.066391 FPGA_VCCAUX_MON 0.006151 1.093750 0.006597
94 FPGA_VCCINT_MON 0.020635 3.281250 0.066391 FPGA_VCCAUX_MON 0.006151 1.093750 0.006597
95 FPGA_VCCINT_MON 0.020635 3.281250 0.066391 FPGA_VCCAUX_MON 0.006151 1.093750 0.006597
96 FPGA_VCCINT_MON 0.020635 3.281250 0.066391 FPGA_VCCAUX_MON 0.006151 1.093750 0.006597
97 FPGA_VCCINT_MON 0.020635 3.281250 0.066391 FPGA_VCCAUX_MON 0.006151 1.093750 0.006597
98 FPGA_VCCINT_MON 0.020635 3.281250 0.066391 FPGA_VCCAUX_MON 0.006151 1.093750 0.006597
99 FPGA_VCCINT_MON 0.020635 3.281250 0.066391 FPGA_VCCAUX_MON 0.006151 1.093750 0.006597
100 FPGA_VCCINT_MON 0.020635 3.281250 0.066391 FPGA_VCCAUX_MON 0.006151 1.093750 0.006597
101 FPGA_VCCINT_MON 0.020635 3.281250 0.066391 FPGA_VCCAUX_MON 0.006151 1.093750 0.006597
102 FPGA_VCCINT_MON 0.020635 3.281250 0.066391 FPGA_VCCAUX_MON 0.006151 1.093750 0.006597
103 FPGA_VCCINT_MON 0.020635 3.281250 0.066391 FPGA_VCCAUX_MON 0.006151 1.093750 0.006597
104 FPGA_VCCINT_MON 0.020635 3.281250 0.066391 FPGA_VCCAUX_MON 0.006151 1.093750 0.006597
105 FPGA_VCCINT_MON 0.020635 3.281250 0.066391 FPGA_VCCAUX_MON 0.006151 1.093750 0.006597
106 FPGA_VCCINT_MON 0.020635 3.281250 0.066391 FPGA_VCCAUX_MON 0.006151 1.093750 0.006597
107 FPGA_VCCINT_MON 0.020635 3.281250 0.066391 FPGA_VCCAUX_MON 0.006151 1.093750 0.006597
108 FPGA_VCCINT_MON 0.020635 3.281250 0.066391 FPGA_VCCAUX_MON 0.006151 1.093750 0.006597
109 FPGA_VCCINT_MON 0.020635 3.281250 0.066391 FPGA_VCCAUX_MON 0.006151 1.093750 0.006597
110 FPGA_VCCINT_MON 0.020635 3.281250 0.066391 FPGA_VCCAUX_MON 0.006151 1.093750 0.006597
111 FPGA_VCCINT_MON 0.020635 3.281250 0.066391 FPGA_VCCAUX_MON 0.006151 1.093750 0.006597
112 FPGA_VCCINT_MON 0.020635 3.281250 0.066391 FPGA_VCCAUX_MON 0.006151 1.093750 0.006597
113 FPGA_VCCINT_MON 0.020635 3.281250 0.066391 FPGA_VCCAUX_MON 0.006151 1.093750 0.006597
114 FPGA_VCCINT_MON 0.020635 3.281250 0.066391 FPGA_VCCAUX_MON 0.006151 1.093750 0.006597
115 FPGA_VCCINT_MON 0.017460 3.281250 0.056177 FPGA_VCCAUX_MON 0.006151 1.093750 0.006597
116 FPGA_VCCINT_MON 0.013095 3.281250 0.042133 FPGA_VCCAUX_MON 0.006151 1.093750 0.006597
117 FPGA_VCCINT_MON 0.013095 3.281250 0.042133 FPGA_VCCAUX_MON 0.006151 1.093750 0.006597
118 FPGA_VCCINT_MON 0.013095 3.281250 0.042133 FPGA_VCCAUX_MON 0.006151 1.093750 0.006597
119 FPGA_VCCINT_MON 0.013095 3.281250 0.042133 FPGA_VCCAUX_MON 0.006151 1.093750 0.006597
120 FPGA_VCCINT_MON 0.013095 3.281250 0.042133 FPGA_VCCAUX_MON 0.006151 1.093750 0.006597
121 FPGA_VCCINT_MON 0.013095 3.281250 0.042133 FPGA_VCCAUX_MON 0.006151 1.093750 0.006597
122 FPGA_VCCINT_MON 0.013095 3.281250 0.042133 FPGA_VCCAUX_MON 0.006151 1.093750 0.006597
123 FPGA_VCCINT_MON 0.013095 3.281250 0.042133 FPGA_VCCAUX_MON 0.006151 1.093750 0.006597
124 FPGA_VCCINT_MON 0.013095 3.281250 0.042133 FPGA_VCCAUX_MON 0.006151 1.093750 0.006597
125 FPGA_VCCINT_MON 0.013095 3.281250 0.042133 FPGA_VCCAUX_MON 0.006151 1.093750 0.006597
126 FPGA_VCCINT_MON 0.013095 3.281250 0.042133 FPGA_VCCAUX_MON 0.006151 1.093750 0.006597
127 FPGA_VCCINT_MON 0.013095 3.281250 0.042133 FPGA_VCCAUX_MON 0.006151 1.093750 0.006597
128 FPGA_VCCINT_MON 0.013095 3.281250 0.042133 FPGA_VCCAUX_MON 0.006151 1.093750 0.006597
129 FPGA_VCCINT_MON 0.013095 3.281250 0.042133 FPGA_VCCAUX_MON 0.006151 1.093750 0.006597
130 FPGA_VCCINT_MON 0.013095 3.281250 0.042133 FPGA_VCCAUX_MON 0.006151 1.093750 0.006597
131 FPGA_VCCINT_MON 0.013095 3.281250 0.042133 FPGA_VCCAUX_MON 0.006151 1.093750 0.006597
132 FPGA_VCCINT_MON 0.013095 3.281250 0.042133 FPGA_VCCAUX_MON 0.006151 1.093750 0.006597
133 FPGA_VCCINT_MON 0.013095 3.281250 0.042133 FPGA_VCCAUX_MON 0.006151 1.093750 0.006597
134 FPGA_VCCINT_MON 0.013095 3.281250 0.042133 FPGA_VCCAUX_MON 0.006151 1.093750 0.006597
135 FPGA_VCCINT_MON 0.013095 3.281250 0.042133 FPGA_VCCAUX_MON 0.006151 1.093750 0.006597
136 FPGA_VCCINT_MON 0.013095 3.281250 0.042133 FPGA_VCCAUX_MON 0.006151 1.093750 0.006597
137 FPGA_VCCINT_MON 0.013095 3.281250 0.042133 FPGA_VCCAUX_MON 0.006151 1.093750 0.006597
138 FPGA_VCCINT_MON 0.013095 3.281250 0.042133 FPGA_VCCAUX_MON 0.006151 1.093750 0.006597
139 FPGA_VCCINT_MON 0.013095 3.281250 0.042133 FPGA_VCCAUX_MON 0.006151 1.093750 0.006597
140 FPGA_VCCINT_MON 0.013095 3.281250 0.042133 FPGA_VCCAUX_MON 0.006151 1.093750 0.006597
141 FPGA_VCCINT_MON 0.013095 3.281250 0.042133 FPGA_VCCAUX_MON 0.006151 1.093750 0.006597
142 FPGA_VCCINT_MON 0.013095 3.281250 0.042133 FPGA_VCCAUX_MON 0.006151 1.093750 0.006597
143 FPGA_VCCINT_MON 0.013095 3.281250 0.042133 FPGA_VCCAUX_MON 0.006151 1.093750 0.006597
144 FPGA_VCCINT_MON 0.013095 3.281250 0.042133 FPGA_VCCAUX_MON 0.006151 1.093750 0.006597
145 FPGA_VCCINT_MON 0.013095 3.281250 0.042133 FPGA_VCCAUX_MON 0.006151 1.093750 0.006597
146 FPGA_VCCINT_MON 0.013095 3.281250 0.042133 FPGA_VCCAUX_MON 0.006151 1.093750 0.006597
147 FPGA_VCCINT_MON 0.013095 3.281250 0.042133 FPGA_VCCAUX_MON 0.006151 1.093750 0.006597
148 FPGA_VCCINT_MON 0.013095 3.281250 0.042133 FPGA_VCCAUX_MON 0.006151 1.093750 0.006597
149 FPGA_VCCINT_MON 0.020635 3.281250 0.066391 FPGA_VCCAUX_MON 0.006151 1.093750 0.006597
150 FPGA_VCCINT_MON 0.020635 3.281250 0.066391 FPGA_VCCAUX_MON 0.006151 1.093750 0.006597
151 FPGA_VCCINT_MON 0.020635 3.281250 0.066391 FPGA_VCCAUX_MON 0.006151 1.093750 0.006597
152 FPGA_VCCINT_MON 0.020635 3.281250 0.066391 FPGA_VCCAUX_MON 0.006151 1.093750 0.006597
153 FPGA_VCCINT_MON 0.020635 3.281250 0.066391 FPGA_VCCAUX_MON 0.006151 1.093750 0.006597
154 FPGA_VCCINT_MON 0.020635 3.281250 0.066391 FPGA_VCCAUX_MON 0.006151 1.093750 0.006597
155 FPGA_VCCINT_MON 0.020635 3.281250 0.066391 FPGA_VCCAUX_MON 0.006151 1.093750 0.006597
156 FPGA_VCCINT_MON 0.020635 3.281250 0.066391 FPGA_VCCAUX_MON 0.006151 1.093750 0.006597
157 FPGA_VCCINT_MON 0.020635 3.281250 0.066391 FPGA_VCCAUX_MON 0.006151 1.093750 0.006597
158 FPGA_VCCINT_MON 0.020635 3.281250 0.066391 FPGA_VCCAUX_MON 0.006151 1.093750 0.006597
159 FPGA_VCCINT_MON 0.020635 3.281250 0.066391 FPGA_VCCAUX_MON 0.006151 1.093750 0.006597
160 FPGA_VCCINT_MON 0.020635 3.281250 0.066391 FPGA_VCCAUX_MON 0.006151 1.093750 0.006597
161 FPGA_VCCINT_MON 0.020635 3.281250 0.066391 FPGA_VCCAUX_MON 0.006151 1.093750 0.006597
162 FPGA_VCCINT_MON 0.020635 3.281250 0.066391 FPGA_VCCAUX_MON 0.006151 1.093750 0.006597
163 FPGA_VCCINT_MON 0.020635 3.281250 0.066391 FPGA_VCCAUX_MON 0.006151 1.093750 0.006597
164 FPGA_VCCINT_MON 0.020635 3.281250 0.066391 FPGA_VCCAUX_MON 0.006151 1.093750 0.006597
165 FPGA_VCCINT_MON 0.020635 3.281250 0.066391 FPGA_VCCAUX_MON 0.006151 1.093750 0.006597
166 FPGA_VCCINT_MON 0.020635 3.281250 0.066391 FPGA_VCCAUX_MON 0.006151 1.093750 0.006597
167 FPGA_VCCINT_MON 0.020635 3.281250 0.066391 FPGA_VCCAUX_MON 0.006151 1.093750 0.006597
168 FPGA_VCCINT_MON 0.020635 3.281250 0.066391 FPGA_VCCAUX_MON 0.006151 1.093750 0.006597
169 FPGA_VCCINT_MON 0.020635 3.281250 0.066391 FPGA_VCCAUX_MON 0.006151 1.093750 0.006597
170 FPGA_VCCINT_MON 0.020635 3.281250 0.066391 FPGA_VCCAUX_MON 0.006151 1.093750 0.006597
171 FPGA_VCCINT_MON 0.020635 3.281250 0.066391 FPGA_VCCAUX_MON 0.006151 1.093750 0.006597
172 FPGA_VCCINT_MON 0.020635 3.281250 0.066391 FPGA_VCCAUX_MON 0.006151 1.093750 0.006597
173 FPGA_VCCINT_MON 0.020635 3.281250 0.066391 FPGA_VCCAUX_MON 0.006151 1.093750 0.006597
174 FPGA_VCCINT_MON 0.020635 3.281250 0.066391 FPGA_VCCAUX_MON 0.006151 1.093750 0.006597
175 FPGA_VCCINT_MON 0.020635 3.281250 0.066391 FPGA_VCCAUX_MON 0.006151 1.093750 0.006597
176 FPGA_VCCINT_MON 0.020635 3.281250 0.066391 FPGA_VCCAUX_MON 0.006151 1.093750 0.006597
177 FPGA_VCCINT_MON 0.020635 3.281250 0.066391 FPGA_VCCAUX_MON 0.006151 1.093750 0.006597
178 FPGA_VCCINT_MON 0.020635 3.281250 0.066391 FPGA_VCCAUX_MON 0.006151 1.093750 0.006597
179 FPGA_VCCINT_MON 0.020635 3.281250 0.066391 FPGA_VCCAUX_MON 0.006151 1.093750 0.006597
180 FPGA_VCCINT_MON 0.020635 3.281250 0.066391 FPGA_VCCAUX_MON 0.006151 1.093750 0.006597
181 FPGA_VCCINT_MON 0.020635 3.281250 0.066391 FPGA_VCCAUX_MON 0.006151 1.093750 0.006597
182 FPGA_VCCINT_MON 0.020635 3.281250 0.066391 FPGA_VCCAUX_MON 0.006151 1.093750 0.006597
183 FPGA_VCCINT_MON 0.013095 3.281250 0.042133 FPGA_VCCAUX_MON 0.006151 1.093750 0.006597
184 FPGA_VCCINT_MON 0.013095 3.281250 0.042133 FPGA_VCCAUX_MON 0.006151 1.093750 0.006597
185 FPGA_VCCINT_MON 0.013095 3.281250 0.042133 FPGA_VCCAUX_MON 0.006151 1.093750 0.006597
186 FPGA_VCCINT_MON 0.013095 3.281250 0.042133 FPGA_VCCAUX_MON 0.006151 1.093750 0.006597
187 FPGA_VCCINT_MON 0.013095 3.281250 0.042133 FPGA_VCCAUX_MON 0.006151 1.093750 0.006597
188 FPGA_VCCINT_MON 0.013095 3.281250 0.042133 FPGA_VCCAUX_MON 0.006151 1.093750 0.006597
189 FPGA_VCCINT_MON 0.013095 3.281250 0.042133 FPGA_VCCAUX_MON 0.006151 1.093750 0.006597
190 FPGA_VCCINT_MON 0.013095 3.281250 0.042133 FPGA_VCCAUX_MON 0.006151 1.093750 0.006597
191 FPGA_VCCINT_MON 0.013095 3.281250 0.042133 FPGA_VCCAUX_MON 0.006151 1.093750 0.006597
192 FPGA_VCCINT_MON 0.013095 3.281250 0.042133 FPGA_VCCAUX_MON 0.006151 1.093750 0.006597
193 FPGA_VCCINT_MON 0.013095 3.281250 0.042133 FPGA_VCCAUX_MON 0.006151 1.093750 0.006597
194 FPGA_VCCINT_MON 0.013095 3.281250 0.042133 FPGA_VCCAUX_MON 0.006151 1.093750 0.006597
195 FPGA_VCCINT_MON 0.013095 3.281250 0.042133 FPGA_VCCAUX_MON 0.006151 1.093750 0.006597
196 FPGA_VCCINT_MON 0.013095 3.281250 0.042133 FPGA_VCCAUX_MON 0.006151 1.093750 0.006597
197 FPGA_VCCINT_MON 0.013095 3.281250 0.042133 FPGA_VCCAUX_MON 0.006151 1.093750 0.006597
198 FPGA_VCCINT_MON 0.013095 3.281250 0.042133 FPGA_VCCAUX_MON 0.006151 1.093750 0.006597
199 FPGA_VCCINT_MON 0.013095 3.281250 0.042133 FPGA_VCCAUX_MON 0.006151 1.093750 0.006597
200 FPGA_VCCINT_MON 0.013095 3.281250 0.042133 FPGA_VCCAUX_MON 0.006151 1.093750 0.006597
201 FPGA_VCCINT_MON 0.013095 3.281250 0.042133 FPGA_VCCAUX_MON 0.006151 1.093750 0.006597
202 FPGA_VCCINT_MON 0.013095 3.281250 0.042133 FPGA_VCCAUX_MON 0.006151 1.093750 0.006597
203 FPGA_VCCINT_MON 0.013095 3.281250 0.042133 FPGA_VCCAUX_MON 0.006151 1.093750 0.006597
204 FPGA_VCCINT_MON 0.013095 3.281250 0.042133 FPGA_VCCAUX_MON 0.006151 1.093750 0.006597
205 FPGA_VCCINT_MON 0.013095 3.281250 0.042133 FPGA_VCCAUX_MON 0.006151 1.093750 0.006597
206 FPGA_VCCINT_MON 0.013095 3.281250 0.042133 FPGA_VCCAUX_MON 0.006151 1.093750 0.006597
207 FPGA_VCCINT_MON 0.013095 3.281250 0.042133 FPGA_VCCAUX_MON 0.006151 1.093750 0.006597
208 FPGA_VCCINT_MON 0.013095 3.281250 0.042133 FPGA_VCCAUX_MON 0.006151 1.093750 0.006597
209 FPGA_VCCINT_MON 0.013095 3.281250 0.042133 FPGA_VCCAUX_MON 0.006151 1.093750 0.006597
210 FPGA_VCCINT_MON 0.013095 3.281250 0.042133 FPGA_VCCAUX_MON 0.006151 1.093750 0.006597
211 FPGA_VCCINT_MON 0.013095 3.281250 0.042133 FPGA_VCCAUX_MON 0.006151 1.093750 0.006597
212 FPGA_VCCINT_MON 0.013095 3.281250 0.042133 FPGA_VCCAUX_MON 0.006151 1.093750 0.006597
213 FPGA_VCCINT_MON 0.013095 3.281250 0.042133 FPGA_VCCAUX_MON 0.006151 1.093750 0.006597
214 FPGA_VCCINT_MON 0.013095 3.281250 0.042133 FPGA_VCCAUX_MON 0.006151 1.093750 0.006597
215 FPGA_VCCINT_MON 0.013095 3.281250 0.042133 FPGA_VCCAUX_MON 0.006151 1.093750 0.006597
216 FPGA_VCCINT_MON 0.013095 3.281250 0.042133 FPGA_VCCAUX_MON 0.006151 1.093750 0.006597
217 FPGA_VCCINT_MON 0.013095 3.281250 0.042133 FPGA_VCCAUX_MON 0.006151 1.093750 0.006597
218 FPGA_VCCINT_MON 0.013095 3.281250 0.042133 FPGA_VCCAUX_MON 0.006151 1.093750 0.006597
219 FPGA_VCCINT_MON 0.014286 3.281250 0.045963 FPGA_VCCAUX_MON 0.006151 1.093750 0.006597
220 FPGA_VCCINT_MON 0.014683 3.281250 0.047240 FPGA_VCCAUX_MON 0.006151 1.093750 0.006597
221 FPGA_VCCINT_MON 0.014683 3.281250 0.047240 FPGA_VCCAUX_MON 0.006151 1.093750 0.006597
222 FPGA_VCCINT_MON 0.014683 3.281250 0.047240 FPGA_VCCAUX_MON 0.006151 1.093750 0.006597
223 FPGA_VCCINT_MON 0.014683 3.281250 0.047240 FPGA_VCCAUX_MON 0.006151 1.093750 0.006597
224 FPGA_VCCINT_MON 0.014683 3.281250 0.047240 FPGA_VCCAUX_MON 0.006151 1.093750 0.006597
225 FPGA_VCCINT_MON 0.014683 3.281250 0.047240 FPGA_VCCAUX_MON 0.006151 1.093750 0.006597
226 FPGA_VCCINT_MON 0.014683 3.281250 0.047240 FPGA_VCCAUX_MON 0.006151 1.093750 0.006597
227 FPGA_VCCINT_MON 0.014683 3.281250 0.047240 FPGA_VCCAUX_MON 0.006151 1.093750 0.006597
228 FPGA_VCCINT_MON 0.014683 3.281250 0.047240 FPGA_VCCAUX_MON 0.006151 1.093750 0.006597
229 FPGA_VCCINT_MON 0.014683 3.281250 0.047240 FPGA_VCCAUX_MON 0.006151 1.093750 0.006597
230 FPGA_VCCINT_MON 0.014683 3.281250 0.047240 FPGA_VCCAUX_MON 0.006151 1.093750 0.006597
231 FPGA_VCCINT_MON 0.014683 3.281250 0.047240 FPGA_VCCAUX_MON 0.006151 1.093750 0.006597
232 FPGA_VCCINT_MON 0.014683 3.281250 0.047240 FPGA_VCCAUX_MON 0.006151 1.093750 0.006597
233 FPGA_VCCINT_MON 0.014683 3.281250 0.047240 FPGA_VCCAUX_MON 0.006151 1.093750 0.006597
234 FPGA_VCCINT_MON 0.014683 3.281250 0.047240 FPGA_VCCAUX_MON 0.006151 1.093750 0.006597
235 FPGA_VCCINT_MON 0.014683 3.281250 0.047240 FPGA_VCCAUX_MON 0.006151 1.093750 0.006597
236 FPGA_VCCINT_MON 0.014683 3.281250 0.047240 FPGA_VCCAUX_MON 0.006151 1.093750 0.006597
237 FPGA_VCCINT_MON 0.014683 3.281250 0.047240 FPGA_VCCAUX_MON 0.006151 1.093750 0.006597
238 FPGA_VCCINT_MON 0.014683 3.281250 0.047240 FPGA_VCCAUX_MON 0.006349 1.093750 0.006809
239 FPGA_VCCINT_MON 0.014683 3.281250 0.047240 FPGA_VCCAUX_MON 0.006151 1.093750 0.006597
240 FPGA_VCCINT_MON 0.014683 3.281250 0.047240 FPGA_VCCAUX_MON 0.006151 1.093750 0.006597
241 FPGA_VCCINT_MON 0.014683 3.281250 0.047240 FPGA_VCCAUX_MON 0.006151 1.093750 0.006597
242 FPGA_VCCINT_MON 0.014683 3.281250 0.047240 FPGA_VCCAUX_MON 0.006151 1.093750 0.006597
243 FPGA_VCCINT_MON 0.014683 3.281250 0.047240 FPGA_VCCAUX_MON 0.006151 1.093750 0.006597
244 FPGA_VCCINT_MON 0.014683 3.281250 0.047240 FPGA_VCCAUX_MON 0.006151 1.093750 0.006597
245 FPGA_VCCINT_MON 0.014683 3.281250 0.047240 FPGA_VCCAUX_MON 0.006151 1.093750 0.006597
246 FPGA_VCCINT_MON 0.014683 3.281250 0.047240 FPGA_VCCAUX_MON 0.006151 1.093750 0.006597
247 FPGA_VCCINT_MON 0.014683 3.281250 0.047240 FPGA_VCCAUX_MON 0.006151 1.093750 0.006597
248 FPGA_VCCINT_MON 0.014683 3.281250 0.047240 FPGA_VCCAUX_MON 0.006151 1.093750 0.006597
249 FPGA_VCCINT_MON 0.014683 3.281250 0.047240 FPGA_VCCAUX_MON 0.006151 1.093750 0.006597
250 FPGA_VCCINT_MON 0.014683 3.281250 0.047240 FPGA_VCCAUX_MON 0.006151 1.093750 0.006597
251 FPGA_VCCINT_MON 0.014683 3.281250 0.047240 FPGA_VCCAUX_MON 0.006151 1.093750 0.006597
252 FPGA_VCCINT_MON 0.014683 3.281250 0.047240 FPGA_VCCAUX_MON 0.006151 1.093750 0.006597
253 FPGA_VCCINT_MON 0.014683 3.281250 0.047240 FPGA_VCCAUX_MON 0.006151 1.093750 0.006597
254 FPGA_VCCINT_MON 0.014683 3.281250 0.047240 FPGA_VCCAUX_MON 0.006349 1.093750 0.006809
255 FPGA_VCCINT_MON 0.014683 3.281250 0.047240 FPGA_VCCAUX_MON 0.006151 1.093750 0.006597
256 FPGA_VCCINT_MON 0.014683 3.281250 0.047240 FPGA_VCCAUX_MON 0.006151 1.093750 0.006597
257 FPGA_VCCINT_MON 0.014683 3.281250 0.047240 FPGA_VCCAUX_MON 0.006151 1.093750 0.006597
258 FPGA_VCCINT_MON 0.014683 3.281250 0.047240 FPGA_VCCAUX_MON 0.006151 1.093750 0.006597
259 FPGA_VCCINT_MON 0.014683 3.281250 0.047240 FPGA_VCCAUX_MON 0.006151 1.093750 0.006597
260 FPGA_VCCINT_MON 0.014683 3.281250 0.047240 FPGA_VCCAUX_MON 0.006349 1.093750 0.006809
261 FPGA_VCCINT_MON 0.014683 3.281250 0.047240 FPGA_VCCAUX_MON 0.006151 1.093750 0.006597
262 FPGA_VCCINT_MON 0.014683 3.281250 0.047240 FPGA_VCCAUX_MON 0.006151 1.093750 0.006597
263 FPGA_VCCINT_MON 0.014683 3.281250 0.047240 FPGA_VCCAUX_MON 0.006151 1.093750 0.006597
264 FPGA_VCCINT_MON 0.014683 3.281250 0.047240 FPGA_VCCAUX_MON 0.006151 1.093750 0.006597
265 FPGA_VCCINT_MON 0.014683 3.281250 0.047240 FPGA_VCCAUX_MON 0.006151 1.093750 0.006597
266 FPGA_VCCINT_MON 0.014683 3.281250 0.047240 FPGA_VCCAUX_MON 0.006151 1.093750 0.006597
267 FPGA_VCCINT_MON 0.014683 3.281250 0.047240 FPGA_VCCAUX_MON 0.006151 1.093750 0.006597
268 FPGA_VCCINT_MON 0.014683 3.281250 0.047240 FPGA_VCCAUX_MON 0.006151 1.093750 0.006597
269 FPGA_VCCINT_MON 0.014683 3.281250 0.047240 FPGA_VCCAUX_MON 0.006349 1.093750 0.006809
270 FPGA_VCCINT_MON 0.014683 3.281250 0.047240 FPGA_VCCAUX_MON 0.006349 1.093750 0.006809
271 FPGA_VCCINT_MON 0.014683 3.281250 0.047240 FPGA_VCCAUX_MON 0.006349 1.093750 0.006809
272 FPGA_VCCINT_MON 0.014683 3.281250 0.047240 FPGA_VCCAUX_MON 0.006151 1.093750 0.006597
273 FPGA_VCCINT_MON 0.014683 3.281250 0.047240 FPGA_VCCAUX_MON 0.006151 1.093750 0.006597
274 FPGA_VCCINT_MON 0.014683 3.281250 0.047240 FPGA_VCCAUX_MON 0.006349 1.093750 0.006809
275 FPGA_VCCINT_MON 0.014683 3.281250 0.047240 FPGA_VCCAUX_MON 0.006349 1.093750 0.006809
276 FPGA_VCCINT_MON 0.014683 3.281250 0.047240 FPGA_VCCAUX_MON 0.006151 1.093750 0.006597
277 FPGA_VCCINT_MON 0.014683 3.281250 0.047240 FPGA_VCCAUX_MON 0.006151 1.093750 0.006597
278 FPGA_VCCINT_MON 0.014683 3.281250 0.047240 FPGA_VCCAUX_MON 0.006151 1.093750 0.006597
279 FPGA_VCCINT_MON 0.014683 3.281250 0.047240 FPGA_VCCAUX_MON 0.006151 1.093750 0.006597
280 FPGA_VCCINT_MON 0.014683 3.281250 0.047240 FPGA_VCCAUX_MON 0.006151 1.093750 0.006597
281 FPGA_VCCINT_MON 0.014683 3.281250 0.047240 FPGA_VCCAUX_MON 0.006151 1.093750 0.006597
282 FPGA_VCCINT_MON 0.014683 3.281250 0.047240 FPGA_VCCAUX_MON 0.006151 1.093750 0.006597
283 FPGA_VCCINT_MON 0.014683 3.281250 0.047240 FPGA_VCCAUX_MON 0.006151 1.093750 0.006597
284 FPGA_VCCINT_MON 0.014683 3.281250 0.047240 FPGA_VCCAUX_MON 0.006151 1.093750 0.006597
285 FPGA_VCCINT_MON 0.014683 3.281250 0.047240 FPGA_VCCAUX_MON 0.006151 1.093750 0.006597
286 FPGA_VCCINT_MON 0.014683 3.281250 0.047240 FPGA_VCCAUX_MON 0.006151 1.093750 0.006597
287 FPGA_VCCINT_MON 0.014683 3.281250 0.047240 FPGA_VCCAUX_MON 0.006151 1.093750 0.006597
288 FPGA_VCCINT_MON 0.014683 3.281250 0.047240 FPGA_VCCAUX_MON 0.006151 1.093750 0.006597
289 FPGA_VCCINT_MON 0.014683 3.281250 0.047240 FPGA_VCCAUX_MON 0.006151 1.093750 0.006597
290 FPGA_VCCINT_MON 0.014683 3.281250 0.047240 FPGA_VCCAUX_MON 0.006151 1.093750 0.006597
291 FPGA_VCCINT_MON 0.014683 3.281250 0.047240 FPGA_VCCAUX_MON 0.006151 1.093750 0.006597
292 FPGA_VCCINT_MON 0.014683 3.281250 0.047240 FPGA_VCCAUX_MON 0.006151 1.093750 0.006597
293 FPGA_VCCINT_MON 0.014683 3.281250 0.047240 FPGA_VCCAUX_MON 0.006151 1.093750 0.006597
294 FPGA_VCCINT_MON 0.014683 3.281250 0.047240 FPGA_VCCAUX_MON 0.006151 1.093750 0.006597
295 FPGA_VCCINT_MON 0.014683 3.281250 0.047240 FPGA_VCCAUX_MON 0.006151 1.093750 0.006597
296 FPGA_VCCINT_MON 0.014683 3.281250 0.047240 FPGA_VCCAUX_MON 0.006151 1.093750 0.006597
297 FPGA_VCCINT_MON 0.014683 3.281250 0.047240 FPGA_VCCAUX_MON 0.006151 1.093750 0.006597
298 FPGA_VCCINT_MON 0.014683 3.281250 0.047240 FPGA_VCCAUX_MON 0.006151 1.093750 0.006597
299 FPGA_VCCINT_MON 0.014683 3.281250 0.047240 FPGA_VCCAUX_MON 0.006151 1.093750 0.006597
300 FPGA_VCCINT_MON 0.014683 3.281250 0.047240 FPGA_VCCAUX_MON 0.006151 1.093750 0.006597
301 FPGA_VCCINT_MON 0.014683 3.281250 0.047240 FPGA_VCCAUX_MON 0.006151 1.093750 0.006597
302 FPGA_VCCINT_MON 0.014683 3.281250 0.047240 FPGA_VCCAUX_MON 0.006151 1.093750 0.006597
303 FPGA_VCCINT_MON 0.014683 3.281250 0.047240 FPGA_VCCAUX_MON 0.006151 1.093750 0.006597
304 FPGA_VCCINT_MON 0.014683 3.281250 0.047240 FPGA_VCCAUX_MON 0.006151 1.093750 0.006597
305 FPGA_VCCINT_MON 0.014683 3.281250 0.047240 FPGA_VCCAUX_MON 0.006151 1.093750 0.006597
306 FPGA_VCCINT_MON 0.014683 3.281250 0.047240 FPGA_VCCAUX_MON 0.006349 1.093750 0.006809
307 FPGA_VCCINT_MON 0.014683 3.281250 0.047240 FPGA_VCCAUX_MON 0.006151 1.093750 0.006597
308 FPGA_VCCINT_MON 0.014683 3.281250 0.047240 FPGA_VCCAUX_MON 0.006151 1.093750 0.006597
309 FPGA_VCCINT_MON 0.014683 3.281250 0.047240 FPGA_VCCAUX_MON 0.006151 1.093750 0.006597
310 FPGA_VCCINT_MON 0.014683 3.281250 0.047240 FPGA_VCCAUX_MON 0.006151 1.093750 0.006597
311 FPGA_VCCINT_MON 0.014683 3.281250 0.047240 FPGA_VCCAUX_MON 0.006151 1.093750 0.006597
312 FPGA_VCCINT_MON 0.014683 3.281250 0.047240 FPGA_VCCAUX_MON 0.006151 1.093750 0.006597
313 FPGA_VCCINT_MON 0.014683 3.281250 0.047240 FPGA_VCCAUX_MON 0.006151 1.093750 0.006597
314 FPGA_VCCINT_MON 0.014683 3.281250 0.047240 FPGA_VCCAUX_MON 0.006151 1.093750 0.006597
315 FPGA_VCCINT_MON 0.014683 3.281250 0.047240 FPGA_VCCAUX_MON 0.006151 1.093750 0.006597
316 FPGA_VCCINT_MON 0.014683 3.281250 0.047240 FPGA_VCCAUX_MON 0.006151 1.093750 0.006597
317 FPGA_VCCINT_MON 0.014683 3.281250 0.047240 FPGA_VCCAUX_MON 0.006151 1.093750 0.006597
318 FPGA_VCCINT_MON 0.014683 3.281250 0.047240 FPGA_VCCAUX_MON 0.006151 1.093750 0.006597
319 FPGA_VCCINT_MON 0.014683 3.281250 0.047240 FPGA_VCCAUX_MON 0.006151 1.093750 0.006597
320 FPGA_VCCINT_MON 0.014683 3.281250 0.047240 FPGA_VCCAUX_MON 0.006151 1.093750 0.006597
321 FPGA_VCCINT_MON 0.014683 3.281250 0.047240 FPGA_VCCAUX_MON 0.006151 1.093750 0.006597
322 FPGA_VCCINT_MON 0.014683 3.281250 0.047240 FPGA_VCCAUX_MON 0.006151 1.093750 0.006597
323 FPGA_VCCINT_MON 0.014683 3.281250 0.047240 FPGA_VCCAUX_MON 0.006151 1.093750 0.006597
324 FPGA_VCCINT_MON 0.014683 3.281250 0.047240 FPGA_VCCAUX_MON 0.006151 1.093750 0.006597
325 FPGA_VCCINT_MON 0.014683 3.281250 0.047240 FPGA_VCCAUX_MON 0.006151 1.093750 0.006597
326 FPGA_VCCINT_MON 0.014683 3.281250 0.047240 FPGA_VCCAUX_MON 0.006151 1.093750 0.006597
327 FPGA_VCCINT_MON 0.014683 3.281250 0.047240 FPGA_VCCAUX_MON 0.006151 1.093750 0.006597
328 FPGA_VCCINT_MON 0.014683 3.281250 0.047240 FPGA_VCCAUX_MON 0.006151 1.093750 0.006597
329 FPGA_VCCINT_MON 0.014683 3.281250 0.047240 FPGA_VCCAUX_MON 0.006151 1.093750 0.006597
330 FPGA_VCCINT_MON 0.014683 3.281250 0.047240 FPGA_VCCAUX_MON 0.006151 1.093750 0.006597
331 FPGA_VCCINT_MON 0.014683 3.281250 0.047240 FPGA_VCCAUX_MON 0.006349 1.093750 0.006809
332 FPGA_VCCINT_MON 0.014683 3.281250 0.047240 FPGA_VCCAUX_MON 0.006151 1.093750 0.006597
333 FPGA_VCCINT_MON 0.014683 3.281250 0.047240 FPGA_VCCAUX_MON 0.006151 1.093750 0.006597
334 FPGA_VCCINT_MON 0.014683 3.281250 0.047240 FPGA_VCCAUX_MON 0.006151 1.093750 0.006597
335 FPGA_VCCINT_MON 0.014683 3.281250 0.047240 FPGA_VCCAUX_MON 0.006151 1.093750 0.006597
336 FPGA_VCCINT_MON 0.014683 3.281250 0.047240 FPGA_VCCAUX_MON 0.006151 1.093750 0.006597
337 FPGA_VCCINT_MON 0.014683 3.281250 0.047240 FPGA_VCCAUX_MON 0.006151 1.093750 0.006597
338 FPGA_VCCINT_MON 0.014683 3.281250 0.047240 FPGA_VCCAUX_MON 0.006151 1.093750 0.006597
339 FPGA_VCCINT_MON 0.014683 3.281250 0.047240 FPGA_VCCAUX_MON 0.006151 1.093750 0.006597
340 FPGA_VCCINT_MON 0.014683 3.281250 0.047240 FPGA_VCCAUX_MON 0.006151 1.093750 0.006597
341 FPGA_VCCINT_MON 0.014683 3.281250 0.047240 FPGA_VCCAUX_MON 0.006151 1.093750 0.006597
342 FPGA_VCCINT_MON 0.014683 3.281250 0.047240 FPGA_VCCAUX_MON 0.006151 1.093750 0.006597
343 FPGA_VCCINT_MON 0.014683 3.281250 0.047240 FPGA_VCCAUX_MON 0.006151 1.093750 0.006597
344 FPGA_VCCINT_MON 0.014683 3.281250 0.047240 FPGA_VCCAUX_MON 0.006151 1.093750 0.006597
345 FPGA_VCCINT_MON 0.014683 3.281250 0.047240 FPGA_VCCAUX_MON 0.006151 1.093750 0.006597
346 FPGA_VCCINT_MON 0.014683 3.281250 0.047240 FPGA_VCCAUX_MON 0.006151 1.093750 0.006597
347 FPGA_VCCINT_MON 0.014683 3.281250 0.047240 FPGA_VCCAUX_MON 0.006151 1.093750 0.006597
348 FPGA_VCCINT_MON 0.014683 3.281250 0.047240 FPGA_VCCAUX_MON 0.006151 1.093750 0.006597
349 FPGA_VCCINT_MON 0.014683 3.281250 0.047240 FPGA_VCCAUX_MON 0.006151 1.093750 0.006597
350 FPGA_VCCINT_MON 0.014683 3.281250 0.047240 FPGA_VCCAUX_MON 0.006151 1.093750 0.006597
351 FPGA_VCCINT_MON 0.014683 3.281250 0.047240 FPGA_VCCAUX_MON 0.006151 1.093750 0.006597
352 FPGA_VCCINT_MON 0.014683 3.281250 0.047240 FPGA_VCCAUX_MON 0.006151 1.093750 0.006597
353 FPGA_VCCINT_MON 0.014683 3.281250 0.047240 FPGA_VCCAUX_MON 0.006151 1.093750 0.006597
354 FPGA_VCCINT_MON 0.014683 3.281250 0.047240 FPGA_VCCAUX_MON 0.006151 1.093750 0.006597
355 FPGA_VCCINT_MON 0.014683 3.281250 0.047240 FPGA_VCCAUX_MON 0.006151 1.093750 0.006597
356 FPGA_VCCINT_MON 0.014683 3.281250 0.047240 FPGA_VCCAUX_MON 0.006151 1.093750 0.006597
357 FPGA_VCCINT_MON 0.014683 3.281250 0.047240 FPGA_VCCAUX_MON 0.006151 1.093750 0.006597
358 FPGA_VCCINT_MON 0.014683 3.281250 0.047240 FPGA_VCCAUX_MON 0.006151 1.093750 0.006597
359 FPGA_VCCINT_MON 0.014683 3.281250 0.047240 FPGA_VCCAUX_MON 0.006151 1.093750 0.006597
360 FPGA_VCCINT_MON 0.014683 3.281250 0.047240 FPGA_VCCAUX_MON 0.006151 1.093750 0.006597
361 FPGA_VCCINT_MON 0.014683 3.281250 0.047240 FPGA_VCCAUX_MON 0.006151 1.093750 0.006597
362 FPGA_VCCINT_MON 0.014683 3.281250 0.047240 FPGA_VCCAUX_MON 0.006151 1.093750 0.006597
363 FPGA_VCCINT_MON 0.014683 3.281250 0.047240 FPGA_VCCAUX_MON 0.006151 1.093750 0.006597
364 FPGA_VCCINT_MON 0.014683 3.281250 0.047240 FPGA_VCCAUX_MON 0.006151 1.093750 0.006597
365 FPGA_VCCINT_MON 0.014683 3.281250 0.047240 FPGA_VCCAUX_MON 0.006151 1.093750 0.006597
366 FPGA_VCCINT_MON 0.014683 3.281250 0.047240 FPGA_VCCAUX_MON 0.006151 1.093750 0.006597
367 FPGA_VCCINT_MON 0.014683 3.281250 0.047240 FPGA_VCCAUX_MON 0.006151 1.093750 0.006597
368 FPGA_VCCINT_MON 0.014683 3.281250 0.047240 FPGA_VCCAUX_MON 0.006151 1.093750 0.006597
369 FPGA_VCCINT_MON 0.014683 3.281250 0.047240 FPGA_VCCAUX_MON 0.006151 1.093750 0.006597
370 FPGA_VCCINT_MON 0.014683 3.281250 0.047240 FPGA_VCCAUX_MON 0.006151 1.093750 0.006597
371 FPGA_VCCINT_MON 0.014683 3.281250 0.047240 FPGA_VCCAUX_MON 0.006151 1.093750 0.006597
372 FPGA_VCCINT_MON 0.014683 3.281250 0.047240 FPGA_VCCAUX_MON 0.006151 1.093750 0.006597
373 FPGA_VCCINT_MON 0.014683 3.281250 0.047240 FPGA_VCCAUX_MON 0.006151 1.093750 0.006597
374 FPGA_VCCINT_MON 0.014683 3.281250 0.047240 FPGA_VCCAUX_MON 0.006151 1.093750 0.006597
375 FPGA_VCCINT_MON 0.014683 3.281250 0.047240 FPGA_VCCAUX_MON 0.006151 1.093750 0.006597
376 FPGA_VCCINT_MON 0.014683 3.281250 0.047240 FPGA_VCCAUX_MON 0.006151 1.093750 0.006597
377 FPGA_VCCINT_MON 0.014683 3.281250 0.047240 FPGA_VCCAUX_MON 0.006151 1.093750 0.006597
378 FPGA_VCCINT_MON 0.014683 3.281250 0.047240 FPGA_VCCAUX_MON 0.006151 1.093750 0.006597
379 FPGA_VCCINT_MON 0.014683 3.281250 0.047240 FPGA_VCCAUX_MON 0.006151 1.093750 0.006597
380 FPGA_VCCINT_MON 0.014683 3.281250 0.047240 FPGA_VCCAUX_MON 0.006151 1.093750 0.006597
381 FPGA_VCCINT_MON 0.014683 3.281250 0.047240 FPGA_VCCAUX_MON 0.006151 1.093750 0.006597
382 FPGA_VCCINT_MON 0.014683 3.281250 0.047240 FPGA_VCCAUX_MON 0.006349 1.093750 0.006809
383 FPGA_VCCINT_MON 0.014683 3.281250 0.047240 FPGA_VCCAUX_MON 0.006151 1.093750 0.006597
384 FPGA_VCCINT_MON 0.014683 3.281250 0.047240 FPGA_VCCAUX_MON 0.006151 1.093750 0.006597
385 FPGA_VCCINT_MON 0.014683 3.281250 0.047240 FPGA_VCCAUX_MON 0.006151 1.093750 0.006597
386 FPGA_VCCINT_MON 0.014683 3.281250 0.047240 FPGA_VCCAUX_MON 0.006151 1.093750 0.006597
387 FPGA_VCCINT_MON 0.014683 3.281250 0.047240 FPGA_VCCAUX_MON 0.006151 1.093750 0.006597
388 FPGA_VCCINT_MON 0.014683 3.281250 0.047240 FPGA_VCCAUX_MON 0.006151 1.093750 0.006597
389 FPGA_VCCINT_MON 0.014683 3.281250 0.047240 FPGA_VCCAUX_MON 0.006151 1.093750 0.006597
390 FPGA_VCCINT_MON 0.014683 3.281250 0.047240 FPGA_VCCAUX_MON 0.006151 1.093750 0.006597
391 FPGA_VCCINT_MON 0.014683 3.281250 0.047240 FPGA_VCCAUX_MON 0.006151 1.093750 0.006597
392 FPGA_VCCINT_MON 0.014683 3.281250 0.047240 FPGA_VCCAUX_MON 0.006151 1.093750 0.006597
393 FPGA_VCCINT_MON 0.014683 3.281250 0.047240 FPGA_VCCAUX_MON 0.006151 1.093750 0.006597
394 FPGA_VCCINT_MON 0.014683 3.281250 0.047240 FPGA_VCCAUX_MON 0.006151 1.093750 0.006597
395 FPGA_VCCINT_MON 0.014683 3.281250 0.047240 FPGA_VCCAUX_MON 0.006151 1.093750 0.006597
396 FPGA_VCCINT_MON 0.014683 3.281250 0.047240 FPGA_VCCAUX_MON 0.006151 1.093750 0.006597
397 FPGA_VCCINT_MON 0.014683 3.281250 0.047240 FPGA_VCCAUX_MON 0.006151 1.093750 0.006597
398 FPGA_VCCINT_MON 0.014683 3.281250 0.047240 FPGA_VCCAUX_MON 0.006151 1.093750 0.006597
399 FPGA_VCCINT_MON 0.014683 3.281250 0.047240 FPGA_VCCAUX_MON 0.006151 1.093750 0.006597
400 FPGA_VCCINT_MON 0.014683 3.281250 0.047240 FPGA_VCCAUX_MON 0.006151 1.093750 0.006597
401 FPGA_VCCINT_MON 0.014683 3.281250 0.047240 FPGA_VCCAUX_MON 0.006151 1.093750 0.006597
402 FPGA_VCCINT_MON 0.014683 3.281250 0.047240 FPGA_VCCAUX_MON 0.006151 1.093750 0.006597
403 FPGA_VCCINT_MON 0.014683 3.281250 0.047240 FPGA_VCCAUX_MON 0.006151 1.093750 0.006597
404 FPGA_VCCINT_MON 0.014683 3.281250 0.047240 FPGA_VCCAUX_MON 0.006151 1.093750 0.006597
405 FPGA_VCCINT_MON 0.014683 3.281250 0.047240 FPGA_VCCAUX_MON 0.006151 1.093750 0.006597
406 FPGA_VCCINT_MON 0.014683 3.281250 0.047240 FPGA_VCCAUX_MON 0.006151 1.093750 0.006597
407 FPGA_VCCINT_MON 0.014683 3.281250 0.047240 FPGA_VCCAUX_MON 0.006151 1.093750 0.006597
408 FPGA_VCCINT_MON 0.014683 3.281250 0.047240 FPGA_VCCAUX_MON 0.006151 1.093750 0.006597
409 FPGA_VCCINT_MON 0.014683 3.281250 0.047240 FPGA_VCCAUX_MON 0.006151 1.093750 0.006597
410 FPGA_VCCINT_MON 0.014683 3.281250 0.047240 FPGA_VCCAUX_MON 0.006151 1.093750 0.006597
411 FPGA_VCCINT_MON 0.014683 3.281250 0.047240 FPGA_VCCAUX_MON 0.006151 1.093750 0.006597
412 FPGA_VCCINT_MON 0.014683 3.281250 0.047240 FPGA_VCCAUX_MON 0.006151 1.093750 0.006597
413 FPGA_VCCINT_MON 0.014683 3.281250 0.047240 FPGA_VCCAUX_MON 0.006151 1.093750 0.006597
414 FPGA_VCCINT_MON 0.014683 3.281250 0.047240 FPGA_VCCAUX_MON 0.006151 1.093750 0.006597
415 FPGA_VCCINT_MON 0.014683 3.281250 0.047240 FPGA_VCCAUX_MON 0.006151 1.093750 0.006597
416 FPGA_VCCINT_MON 0.014683 3.281250 0.047240 FPGA_VCCAUX_MON 0.006151 1.093750 0.006597
417 FPGA_VCCINT_MON 0.014683 3.281250 0.047240 FPGA_VCCAUX_MON 0.006151 1.093750 0.006597
418 FPGA_VCCINT_MON 0.014683 3.281250 0.047240 FPGA_VCCAUX_MON 0.006151 1.093750 0.006597
419 FPGA_VCCINT_MON 0.014683 3.281250 0.047240 FPGA_VCCAUX_MON 0.006151 1.093750 0.006597
420 FPGA_VCCINT_MON 0.014683 3.281250 0.047240 FPGA_VCCAUX_MON 0.006349 1.093750 0.006809
421 FPGA_VCCINT_MON 0.014683 3.281250 0.047240 FPGA_VCCAUX_MON 0.006151 1.093750 0.006597
422 FPGA_VCCINT_MON 0.014683 3.281250 0.047240 FPGA_VCCAUX_MON 0.006151 1.093750 0.006597
423 FPGA_VCCINT_MON 0.014683 3.281250 0.047240 FPGA_VCCAUX_MON 0.006151 1.093750 0.006597
424 FPGA_VCCINT_MON 0.014683 3.281250 0.047240 FPGA_VCCAUX_MON 0.006151 1.093750 0.006597
425 FPGA_VCCINT_MON 0.014683 3.281250 0.047240 FPGA_VCCAUX_MON 0.006151 1.093750 0.006597
426 FPGA_VCCINT_MON 0.014683 3.281250 0.047240 FPGA_VCCAUX_MON 0.006151 1.093750 0.006597
427 FPGA_VCCINT_MON 0.014683 3.281250 0.047240 FPGA_VCCAUX_MON 0.006151 1.093750 0.006597
428 FPGA_VCCINT_MON 0.014683 3.281250 0.047240 FPGA_VCCAUX_MON 0.006151 1.093750 0.006597
