10 1 CH1 0.069841 3.281250 0.224708 FPGA_VCCINT 0.000000 1.093750 0.000000
47 2 CH1 0.069841 3.281250 0.224708 FPGA_VCCINT 0.000000 1.250000 0.000000
83 3 CH1 0.069841 3.281250 0.224708 FPGA_VCCINT 0.000000 1.093750 0.000000
119 4 CH1 0.069841 3.281250 0.224708 FPGA_VCCINT 0.000000 1.093750 0.000000
156 5 CH1 0.069841 3.281250 0.224708 FPGA_VCCINT 0.000000 1.093750 0.000000
193 6 CH1 0.069841 3.281250 0.224708 FPGA_VCCINT 0.000000 1.093750 0.000000
230 7 CH1 0.069841 3.281250 0.224708 FPGA_VCCINT 0.000000 1.093750 0.000000
267 8 CH1 0.069841 3.281250 0.224708 FPGA_VCCINT 0.000000 1.093750 0.000000
303 9 CH1 0.069841 3.281250 0.224708 FPGA_VCCINT 0.000000 1.093750 0.000000
340 10 CH1 0.069841 3.281250 0.224708 FPGA_VCCINT 0.000000 1.093750 0.000000
377 11 CH1 0.069841 3.281250 0.224708 FPGA_VCCINT 0.000000 1.093750 0.000000
414 12 CH1 0.069841 3.281250 0.224708 FPGA_VCCINT 0.000000 1.093750 0.000000
450 13 CH1 0.069841 3.281250 0.224708 FPGA_VCCINT 0.000000 1.093750 0.000000
488 14 CH1 0.069841 3.281250 0.224708 FPGA_VCCINT 0.000000 1.093750 0.000000
525 15 CH1 0.069841 3.281250 0.224708 FPGA_VCCINT 0.000000 1.093750 0.000000
562 16 CH1 0.069841 3.281250 0.224708 FPGA_VCCINT 0.000000 1.093750 0.000000
598 17 CH1 0.069841 3.281250 0.224708 FPGA_VCCINT 0.000000 1.093750 0.000000
636 18 CH1 0.069841 3.281250 0.224708 FPGA_VCCINT 0.000000 1.093750 0.000000
673 19 CH1 0.069841 3.281250 0.224708 FPGA_VCCINT 0.000000 1.093750 0.000000
709 20 CH1 0.069841 3.281250 0.224708 FPGA_VCCINT 0.000000 1.093750 0.000000
746 21 CH1 0.069841 3.281250 0.224708 FPGA_VCCINT 0.000000 1.093750 0.000000
783 22 CH1 0.069841 3.281250 0.224708 FPGA_VCCINT 0.000000 1.093750 0.000000
820 23 CH1 0.069841 3.281250 0.224708 FPGA_VCCINT 0.000000 1.093750 0.000000
857 24 CH1 0.069841 3.281250 0.224708 FPGA_VCCINT 0.000000 1.093750 0.000000
894 25 CH1 0.069841 3.281250 0.224708 FPGA_VCCINT 0.000000 1.093750 0.000000
931 26 CH1 0.069841 3.281250 0.224708 FPGA_VCCINT 0.000000 1.093750 0.000000
968 27 CH1 0.069841 3.281250 0.224708 FPGA_VCCINT 0.000000 1.093750 0.000000
1005 28 CH1 0.069841 3.281250 0.224708 FPGA_VCCINT 0.000000 1.093750 0.000000
1042 29 CH1 0.069841 3.281250 0.224708 FPGA_VCCINT 0.000000 1.250000 0.000000
1079 30 CH1 0.069841 3.281250 0.224708 FPGA_VCCINT 0.000000 1.093750 0.000000
1117 31 CH1 0.069841 3.281250 0.224708 FPGA_VCCINT 0.000000 1.250000 0.000000
1153 32 CH1 0.069841 3.281250 0.224708 FPGA_VCCINT 0.000000 1.250000 0.000000
1191 33 CH1 0.069841 3.281250 0.224708 FPGA_VCCINT 0.000000 1.093750 0.000000
1228 34 CH1 0.069841 3.281250 0.224708 FPGA_VCCINT 0.000000 1.250000 0.000000
1265 35 CH1 0.069841 3.281250 0.224708 FPGA_VCCINT 0.000000 1.250000 0.000000
1302 36 CH1 0.069841 3.281250 0.224708 FPGA_VCCINT 0.000000 1.093750 0.000000
1339 37 CH1 0.069841 3.281250 0.224708 FPGA_VCCINT 0.000000 1.093750 0.000000
1376 38 CH1 0.069841 3.281250 0.224708 FPGA_VCCINT 0.000000 1.093750 0.000000
1414 39 CH1 0.069841 3.281250 0.224708 FPGA_VCCINT 0.000000 1.093750 0.000000
1451 40 CH1 0.069841 3.281250 0.224708 FPGA_VCCINT 0.000000 1.093750 0.000000
1488 41 CH1 0.069841 3.281250 0.224708 FPGA_VCCINT 0.000000 1.093750 0.000000
1525 42 CH1 0.069841 3.281250 0.224708 FPGA_VCCINT 0.000000 1.093750 0.000000
1562 43 CH1 0.069841 3.281250 0.224708 FPGA_VCCINT 0.000000 1.093750 0.000000
1599 44 CH1 0.069841 3.281250 0.224708 FPGA_VCCINT 0.000000 1.093750 0.000000
1636 45 CH1 0.069841 3.281250 0.224708 FPGA_VCCINT 0.000000 1.093750 0.000000
1673 46 CH1 0.069841 3.281250 0.224708 FPGA_VCCINT 0.000000 1.093750 0.000000
1711 47 CH1 0.069841 3.281250 0.224708 FPGA_VCCINT 0.000000 1.093750 0.000000
1748 48 CH1 0.400000 3.281250 1.306663 FPGA_VCCINT 0.005420 1.093750 0.005813
1788 49 CH1 0.400000 3.281250 1.306663 FPGA_VCCINT 0.004259 1.093750 0.004567
1827 50 CH1 0.400000 3.281250 1.306663 FPGA_VCCINT 0.004259 1.093750 0.004567
1867 51 CH1 0.400000 3.281250 1.306663 FPGA_VCCINT 0.004259 1.093750 0.004567
1906 52 CH1 0.400000 3.281250 1.306663 FPGA_VCCINT 0.004259 1.093750 0.004567
1946 53 CH1 0.400000 3.281250 1.306663 FPGA_VCCINT 0.004065 1.093750 0.004360
1985 54 CH1 0.400000 3.281250 1.306663 FPGA_VCCINT 0.004259 1.093750 0.004567
2025 55 CH1 0.400000 3.281250 1.306663 FPGA_VCCINT 0.004259 1.093750 0.004567
2064 56 CH1 0.400000 3.281250 1.306663 FPGA_VCCINT 0.004259 1.093750 0.004567
2104 57 CH1 0.400000 3.281250 1.306663 FPGA_VCCINT 0.004259 1.093750 0.004567
2143 58 CH1 0.400000 3.281250 1.306663 FPGA_VCCINT 0.004065 1.093750 0.004360
2183 59 CH1 0.400000 3.281250 1.306663 FPGA_VCCINT 0.004065 1.093750 0.004360
2223 60 CH1 0.400000 3.281250 1.306663 FPGA_VCCINT 0.004259 1.093750 0.004567
2263 61 CH1 0.400000 3.281250 1.306663 FPGA_VCCINT 0.004259 1.093750 0.004567
2302 62 CH1 0.400000 3.281250 1.306663 FPGA_VCCINT 0.004259 1.093750 0.004567
2342 63 CH1 0.400000 3.281250 1.306663 FPGA_VCCINT 0.004259 1.093750 0.004567
2381 64 CH1 0.400000 3.281250 1.306663 FPGA_VCCINT 0.004259 1.093750 0.004567
2421 65 CH1 0.400000 3.281250 1.306663 FPGA_VCCINT 0.004259 1.093750 0.004567
2460 66 CH1 0.400000 3.281250 1.306663 FPGA_VCCINT 0.004259 1.093750 0.004567
2500 67 CH1 0.400000 3.281250 1.306663 FPGA_VCCINT 0.004259 1.093750 0.004567
2539 68 CH1 0.400000 3.281250 1.306663 FPGA_VCCINT 0.004259 1.093750 0.004567
2579 69 CH1 0.400000 3.281250 1.306663 FPGA_VCCINT 0.004259 1.093750 0.004567
2618 70 CH1 0.400000 3.281250 1.306663 FPGA_VCCINT 0.004259 1.093750 0.004567
2658 71 CH1 0.400000 3.281250 1.306663 FPGA_VCCINT 0.004259 1.093750 0.004567
2697 72 CH1 0.400000 3.281250 1.306663 FPGA_VCCINT 0.004259 1.093750 0.004567
2737 73 CH1 0.400000 3.281250 1.306663 FPGA_VCCINT 0.004259 1.093750 0.004567
2776 74 CH1 0.400000 3.281250 1.306663 FPGA_VCCINT 0.004259 1.093750 0.004567
2816 75 CH1 0.400000 3.281250 1.306663 FPGA_VCCINT 0.004259 1.093750 0.004567
2856 76 CH1 0.400000 3.281250 1.306663 FPGA_VCCINT 0.004259 1.093750 0.004567
2896 77 CH1 0.400000 3.281250 1.306663 FPGA_VCCINT 0.004259 1.093750 0.004567
2935 78 CH1 0.400000 3.281250 1.306663 FPGA_VCCINT 0.004259 1.093750 0.004567
2974 79 CH1 0.400000 3.281250 1.306663 FPGA_VCCINT 0.004259 1.093750 0.004567
3014 80 CH1 0.400000 3.281250 1.306663 FPGA_VCCINT 0.004259 1.093750 0.004567
3054 81 CH1 0.400000 3.281250 1.306663 FPGA_VCCINT 0.004259 1.093750 0.004567
3093 82 CH1 0.400000 3.281250 1.306663 FPGA_VCCINT 0.004259 1.093750 0.004567
3132 83 CH1 0.400000 3.281250 1.306663 FPGA_VCCINT 0.004259 1.093750 0.004567
3172 84 CH1 0.400000 3.281250 1.306663 FPGA_VCCINT 0.004259 1.093750 0.004567
3211 85 CH1 0.400000 3.281250 1.306663 FPGA_VCCINT 0.004259 1.093750 0.004567
3251 86 CH1 0.400000 3.281250 1.306663 FPGA_VCCINT 0.004259 1.093750 0.004567
3291 87 CH1 0.400000 3.281250 1.306663 FPGA_VCCINT 0.004259 1.093750 0.004567
3330 88 CH1 0.400000 3.281250 1.306663 FPGA_VCCINT 0.004259 1.093750 0.004567
3369 89 CH1 0.400000 3.281250 1.306663 FPGA_VCCINT 0.004259 1.093750 0.004567
3409 90 CH1 0.400000 3.281250 1.306663 FPGA_VCCINT 0.004259 1.093750 0.004567
3449 91 CH1 0.400000 3.281250 1.306663 FPGA_VCCINT 0.004259 1.093750 0.004567
3488 92 CH1 0.400000 3.281250 1.306663 FPGA_VCCINT 0.004259 1.093750 0.004567
3528 93 CH1 0.400000 3.281250 1.306663 FPGA_VCCINT 0.004259 1.093750 0.004567
3568 94 CH1 0.400000 3.281250 1.306663 FPGA_VCCINT 0.004259 1.093750 0.004567
3607 95 CH1 0.400000 3.281250 1.306663 FPGA_VCCINT 0.004259 1.093750 0.004567
3647 96 CH1 0.400000 3.281250 1.306663 FPGA_VCCINT 0.004259 1.093750 0.004567
3687 97 CH1 0.400000 3.281250 1.306663 FPGA_VCCINT 0.004259 1.093750 0.004567
3726 98 CH1 0.400000 3.281250 1.306663 FPGA_VCCINT 0.004259 1.093750 0.004567
3765 99 CH1 0.400000 3.281250 1.306663 FPGA_VCCINT 0.004259 1.093750 0.004567
3805 100 CH1 0.400000 3.281250 1.306663 FPGA_VCCINT 0.004259 1.093750 0.004567
3845 101 CH1 0.400000 3.281250 1.306663 FPGA_VCCINT 0.004259 1.093750 0.004567
3884 102 CH1 0.400000 3.281250 1.306663 FPGA_VCCINT 0.004259 1.093750 0.004567
3924 103 CH1 0.400000 3.281250 1.306663 FPGA_VCCINT 0.004259 1.093750 0.004567
3964 104 CH1 0.400000 3.281250 1.306663 FPGA_VCCINT 0.004259 1.093750 0.004567
4004 105 CH1 0.400000 3.281250 1.306663 FPGA_VCCINT 0.004259 1.093750 0.004567
4044 106 CH1 0.400000 3.281250 1.306663 FPGA_VCCINT 0.004259 1.093750 0.004567
4084 107 CH1 0.400000 3.281250 1.306663 FPGA_VCCINT 0.004259 1.093750 0.004567
4123 108 CH1 0.400000 3.281250 1.306663 FPGA_VCCINT 0.004259 1.093750 0.004567
4163 109 CH1 0.400000 3.281250 1.306663 FPGA_VCCINT 0.004259 1.093750 0.004567
4203 110 CH1 0.400000 3.281250 1.306663 FPGA_VCCINT 0.004259 1.093750 0.004567
4242 111 CH1 0.400000 3.281250 1.306663 FPGA_VCCINT 0.004259 1.093750 0.004567
4282 112 CH1 0.400000 3.281250 1.306663 FPGA_VCCINT 0.004259 1.093750 0.004567
4322 113 CH1 0.400000 3.281250 1.306663 FPGA_VCCINT 0.004259 1.093750 0.004567
4362 114 CH1 0.400000 3.281250 1.306663 FPGA_VCCINT 0.004259 1.093750 0.004567
4402 115 CH1 0.400000 3.281250 1.306663 FPGA_VCCINT 0.004259 1.093750 0.004567
4442 116 CH1 0.400000 3.281250 1.306663 FPGA_VCCINT 0.004259 1.093750 0.004567
4481 117 CH1 0.400000 3.281250 1.306663 FPGA_VCCINT 0.004259 1.093750 0.004567
4521 118 CH1 0.400000 3.281250 1.306663 FPGA_VCCINT 0.006969 1.093750 0.007474
4561 119 CH1 0.400000 3.281250 1.306663 FPGA_VCCINT 0.006969 1.093750 0.007474
4601 120 CH1 0.400000 3.281250 1.306663 FPGA_VCCINT 0.004646 1.093750 0.004982
4641 121 CH1 0.400000 3.281250 1.306663 FPGA_VCCINT 0.004646 1.093750 0.004982
4680 122 CH1 0.400000 3.281250 1.306663 FPGA_VCCINT 0.004646 1.093750 0.004982
4720 123 CH1 0.400000 3.281250 1.306663 FPGA_VCCINT 0.004646 1.093750 0.004982
4760 124 CH1 0.400000 3.281250 1.306663 FPGA_VCCINT 0.004646 1.093750 0.004982
4800 125 CH1 0.400000 3.281250 1.306663 FPGA_VCCINT 0.004646 1.093750 0.004982
4840 126 CH1 0.400000 3.281250 1.306663 FPGA_VCCINT 0.004646 1.093750 0.004982
4880 127 CH1 0.400000 3.281250 1.306663 FPGA_VCCINT 0.004646 1.093750 0.004982
4920 128 CH1 0.400000 3.281250 1.306663 FPGA_VCCINT 0.004646 1.093750 0.004982
4959 129 CH1 0.400000 3.281250 1.306663 FPGA_VCCINT 0.004646 1.093750 0.004982
4999 130 CH1 0.400000 3.281250 1.306663 FPGA_VCCINT 0.004646 1.093750 0.004982
5039 131 CH1 0.400000 3.281250 1.306663 FPGA_VCCINT 0.004646 1.093750 0.004982
5079 132 CH1 0.400000 3.281250 1.306663 FPGA_VCCINT 0.004646 1.093750 0.004982
5118 133 CH1 0.400000 3.281250 1.306663 FPGA_VCCINT 0.004646 1.093750 0.004982
5158 134 CH1 0.400000 3.281250 1.306663 FPGA_VCCINT 0.006001 1.093750 0.006436
5198 135 CH1 0.400000 3.281250 1.306663 FPGA_VCCINT 0.006001 1.093750 0.006436
5238 136 CH1 0.400000 3.281250 1.306663 FPGA_VCCINT 0.006194 1.093750 0.006643
5277 137 CH1 0.400000 3.281250 1.306663 FPGA_VCCINT 0.006388 1.093750 0.006851
5317 138 CH1 0.400000 3.281250 1.306663 FPGA_VCCINT 0.006194 1.093750 0.006643
5357 139 CH1 0.400000 3.281250 1.306663 FPGA_VCCINT 0.006194 1.093750 0.006643
5397 140 CH1 0.400000 3.281250 1.306663 FPGA_VCCINT 0.006194 1.093750 0.006643
5436 141 CH1 0.400000 3.281250 1.306663 FPGA_VCCINT 0.006194 1.093750 0.006643
5476 142 CH1 0.400000 3.281250 1.306663 FPGA_VCCINT 0.006194 1.093750 0.006643
5516 143 CH1 0.400000 3.281250 1.306663 FPGA_VCCINT 0.006194 1.093750 0.006643
5555 144 CH1 0.400000 3.281250 1.306663 FPGA_VCCINT 0.006194 1.093750 0.006643
5595 145 CH1 0.400000 3.281250 1.306663 FPGA_VCCINT 0.006194 1.093750 0.006643
5635 146 CH1 0.400000 3.281250 1.306663 FPGA_VCCINT 0.006194 1.093750 0.006643
5675 147 CH1 0.400000 3.281250 1.306663 FPGA_VCCINT 0.006194 1.093750 0.006643
5714 148 CH1 0.400000 3.281250 1.306663 FPGA_VCCINT 0.006194 1.093750 0.006643
5754 149 CH1 0.400000 3.281250 1.306663 FPGA_VCCINT 0.006194 1.093750 0.006643
5794 150 CH1 0.400000 3.281250 1.306663 FPGA_VCCINT 0.006194 1.093750 0.006643
5834 151 CH1 0.400000 3.281250 1.306663 FPGA_VCCINT 0.006194 1.093750 0.006643
5873 152 CH1 0.400000 3.281250 1.306663 FPGA_VCCINT 0.006194 1.093750 0.006643
5913 153 CH1 0.400000 3.281250 1.306663 FPGA_VCCINT 0.005807 1.093750 0.006228
5953 154 CH1 0.400000 3.281250 1.306663 FPGA_VCCINT 0.005226 1.093750 0.005605
5992 155 CH1 0.400000 3.281250 1.306663 FPGA_VCCINT 0.005807 1.093750 0.006228
6032 156 CH1 0.400000 3.281250 1.306663 FPGA_VCCINT 0.005807 1.093750 0.006228
6072 157 CH1 0.400000 3.281250 1.306663 FPGA_VCCINT 0.005807 1.093750 0.006228
6112 158 CH1 0.400000 3.281250 1.306663 FPGA_VCCINT 0.005807 1.093750 0.006228
6151 159 CH1 0.400000 3.281250 1.306663 FPGA_VCCINT 0.005807 1.093750 0.006228
6191 160 CH1 0.400000 3.281250 1.306663 FPGA_VCCINT 0.005807 1.093750 0.006228
6231 161 CH1 0.400000 3.281250 1.306663 FPGA_VCCINT 0.005807 1.093750 0.006228
6270 162 CH1 0.400000 3.281250 1.306663 FPGA_VCCINT 0.005807 1.093750 0.006228
6310 163 CH1 0.400000 3.281250 1.306663 FPGA_VCCINT 0.005807 1.093750 0.006228
6350 164 CH1 0.400000 3.281250 1.306663 FPGA_VCCINT 0.005807 1.093750 0.006228
6389 165 CH1 0.400000 3.281250 1.306663 FPGA_VCCINT 0.005807 1.093750 0.006228
6429 166 CH1 0.400000 3.281250 1.306663 FPGA_VCCINT 0.005807 1.093750 0.006228
6469 167 CH1 0.400000 3.281250 1.306663 FPGA_VCCINT 0.005807 1.093750 0.006228
6508 168 CH1 0.400000 3.281250 1.306663 FPGA_VCCINT 0.005807 1.093750 0.006228
6548 169 CH1 0.400000 3.281250 1.306663 FPGA_VCCINT 0.005807 1.093750 0.006228
6588 170 CH1 0.400000 3.281250 1.306663 FPGA_VCCINT 0.005807 1.093750 0.006228
6627 171 CH1 0.400000 3.281250 1.306663 FPGA_VCCINT 0.005807 1.093750 0.006228
6667 172 CH1 0.400000 3.281250 1.306663 FPGA_VCCINT 0.005807 1.093750 0.006228
6707 173 CH1 0.400000 3.281250 1.306663 FPGA_VCCINT 0.005807 1.093750 0.006228
6747 174 CH1 0.400000 3.281250 1.306663 FPGA_VCCINT 0.005807 1.093750 0.006228
6787 175 CH1 0.400000 3.281250 1.306663 FPGA_VCCINT 0.005807 1.093750 0.006228
6827 176 CH1 0.400000 3.281250 1.306663 FPGA_VCCINT 0.005807 1.093750 0.006228
6866 177 CH1 0.400000 3.281250 1.306663 FPGA_VCCINT 0.005807 1.093750 0.006228
6906 178 CH1 0.400000 3.281250 1.306663 FPGA_VCCINT 0.005807 1.093750 0.006228
6946 179 CH1 0.400000 3.281250 1.306663 FPGA_VCCINT 0.005807 1.093750 0.006228
6985 180 CH1 0.400000 3.281250 1.306663 FPGA_VCCINT 0.005807 1.093750 0.006228
7025 181 CH1 0.400000 3.281250 1.306663 FPGA_VCCINT 0.005807 1.093750 0.006228
7065 182 CH1 0.400000 3.281250 1.306663 FPGA_VCCINT 0.005807 1.093750 0.006228
7104 183 CH1 0.400000 3.281250 1.306663 FPGA_VCCINT 0.005807 1.093750 0.006228
7144 184 CH1 0.400000 3.281250 1.306663 FPGA_VCCINT 0.005807 1.093750 0.006228
7184 185 CH1 0.400000 3.281250 1.306663 FPGA_VCCINT 0.005807 1.093750 0.006228
7224 186 CH1 0.400000 3.281250 1.306663 FPGA_VCCINT 0.005807 1.093750 0.006228
7263 187 CH1 0.400000 3.281250 1.306663 FPGA_VCCINT 0.005807 1.093750 0.006228
7303 188 CH1 0.400000 3.281250 1.306663 FPGA_VCCINT 0.005807 1.093750 0.006228
7343 189 CH1 0.400000 3.281250 1.306663 FPGA_VCCINT 0.005807 1.093750 0.006228
7382 190 CH1 0.400000 3.281250 1.306663 FPGA_VCCINT 0.005807 1.093750 0.006228
7422 191 CH1 0.400000 3.281250 1.306663 FPGA_VCCINT 0.005807 1.093750 0.006228
7462 192 CH1 0.400000 3.281250 1.306663 FPGA_VCCINT 0.005807 1.093750 0.006228
7502 193 CH1 0.400000 3.281250 1.306663 FPGA_VCCINT 0.005807 1.093750 0.006228
7541 194 CH1 0.400000 3.281250 1.306663 FPGA_VCCINT 0.005807 1.093750 0.006228
7581 195 CH1 0.400000 3.281250 1.306663 FPGA_VCCINT 0.005807 1.093750 0.006228
7621 196 CH1 0.400000 3.281250 1.306663 FPGA_VCCINT 0.005807 1.093750 0.006228
7661 197 CH1 0.400000 3.281250 1.306663 FPGA_VCCINT 0.005807 1.093750 0.006228
7701 198 CH1 0.400000 3.281250 1.306663 FPGA_VCCINT 0.005807 1.093750 0.006228
7740 199 CH1 0.400000 3.281250 1.306663 FPGA_VCCINT 0.005807 1.093750 0.006228
7780 200 CH1 0.400000 3.281250 1.306663 FPGA_VCCINT 0.005807 1.093750 0.006228
7820 201 CH1 0.400000 3.281250 1.306663 FPGA_VCCINT 0.005807 1.093750 0.006228
