11 1 CH1 0.400000 3.281250 1.306663 FPGA_VCCINT 0.006001 1.093750 0.006436
50 2 CH1 0.400000 3.281250 1.306663 FPGA_VCCINT 0.006001 1.093750 0.006436
89 3 CH1 0.400000 3.281250 1.306663 FPGA_VCCINT 0.006001 1.093750 0.006436
129 4 CH1 0.400000 3.281250 1.306663 FPGA_VCCINT 0.006001 1.093750 0.006436
168 5 CH1 0.400000 3.281250 1.306663 FPGA_VCCINT 0.006001 1.093750 0.006436
207 6 CH1 0.400000 3.281250 1.306663 FPGA_VCCINT 0.006001 1.093750 0.006436
246 7 CH1 0.400000 3.281250 1.306663 FPGA_VCCINT 0.006001 1.093750 0.006436
285 8 CH1 0.400000 3.281250 1.306663 FPGA_VCCINT 0.006001 1.093750 0.006436
324 9 CH1 0.400000 3.281250 1.306663 FPGA_VCCINT 0.006001 1.093750 0.006436
363 10 CH1 0.400000 3.281250 1.306663 FPGA_VCCINT 0.006001 1.093750 0.006436
402 11 CH1 0.400000 3.281250 1.306663 FPGA_VCCINT 0.006001 1.093750 0.006436
442 12 CH1 0.400000 3.281250 1.306663 FPGA_VCCINT 0.006001 1.093750 0.006436
481 13 CH1 0.400000 3.281250 1.306663 FPGA_VCCINT 0.006001 1.093750 0.006436
520 14 CH1 0.400000 3.281250 1.306663 FPGA_VCCINT 0.006001 1.093750 0.006436
559 15 CH1 0.400000 3.281250 1.306663 FPGA_VCCINT 0.006001 1.093750 0.006436
598 16 CH1 0.400000 3.281250 1.306663 FPGA_VCCINT 0.006001 1.093750 0.006436
637 17 CH1 0.400000 3.281250 1.306663 FPGA_VCCINT 0.006001 1.093750 0.006436
676 18 CH1 0.400000 3.281250 1.306663 FPGA_VCCINT 0.006001 1.093750 0.006436
715 19 CH1 0.400000 3.281250 1.306663 FPGA_VCCINT 0.006001 1.093750 0.006436
755 20 CH1 0.400000 3.281250 1.306663 FPGA_VCCINT 0.006001 1.093750 0.006436
794 21 CH1 0.400000 3.281250 1.306663 FPGA_VCCINT 0.006001 1.093750 0.006436
833 22 CH1 0.400000 3.281250 1.306663 FPGA_VCCINT 0.006001 1.093750 0.006436
872 23 CH1 0.400000 3.281250 1.306663 FPGA_VCCINT 0.006001 1.093750 0.006436
911 24 CH1 0.400000 3.281250 1.306663 FPGA_VCCINT 0.006001 1.093750 0.006436
950 25 CH1 0.400000 3.281250 1.306663 FPGA_VCCINT 0.006001 1.093750 0.006436
989 26 CH1 0.400000 3.281250 1.306663 FPGA_VCCINT 0.006001 1.093750 0.006436
1028 27 CH1 0.400000 3.281250 1.306663 FPGA_VCCINT 0.006001 1.093750 0.006436
1068 28 CH1 0.400000 3.281250 1.306663 FPGA_VCCINT 0.006001 1.093750 0.006436
1107 29 CH1 0.400000 3.281250 1.306663 FPGA_VCCINT 0.006001 1.093750 0.006436
1146 30 CH1 0.400000 3.281250 1.306663 FPGA_VCCINT 0.006001 1.093750 0.006436
1186 31 CH1 0.400000 3.281250 1.306663 FPGA_VCCINT 0.006001 1.093750 0.006436
1225 32 CH1 0.400000 3.281250 1.306663 FPGA_VCCINT 0.006001 1.093750 0.006436
1264 33 CH1 0.400000 3.281250 1.306663 FPGA_VCCINT 0.006001 1.093750 0.006436
1303 34 CH1 0.400000 3.281250 1.306663 FPGA_VCCINT 0.006001 1.093750 0.006436
1343 35 CH1 0.400000 3.281250 1.306663 FPGA_VCCINT 0.006001 1.093750 0.006436
1382 36 CH1 0.400000 3.281250 1.306663 FPGA_VCCINT 0.006001 1.093750 0.006436
1422 37 CH1 0.400000 3.281250 1.306663 FPGA_VCCINT 0.006001 1.093750 0.006436
1461 38 CH1 0.400000 3.281250 1.306663 FPGA_VCCINT 0.006001 1.093750 0.006436
1500 39 CH1 0.400000 3.281250 1.306663 FPGA_VCCINT 0.006001 1.093750 0.006436
1540 40 CH1 0.400000 3.281250 1.306663 FPGA_VCCINT 0.006001 1.093750 0.006436
1579 41 CH1 0.400000 3.281250 1.306663 FPGA_VCCINT 0.006001 1.093750 0.006436
1618 42 CH1 0.400000 3.281250 1.306663 FPGA_VCCINT 0.006001 1.093750 0.006436
1658 43 CH1 0.400000 3.281250 1.306663 FPGA_VCCINT 0.006001 1.093750 0.006436
1697 44 CH1 0.400000 3.281250 1.306663 FPGA_VCCINT 0.006001 1.093750 0.006436
1737 45 CH1 0.400000 3.281250 1.306663 FPGA_VCCINT 0.006001 1.093750 0.006436
1776 46 CH1 0.400000 3.281250 1.306663 FPGA_VCCINT 0.006194 1.093750 0.006643
1815 47 CH1 0.400000 3.281250 1.306663 FPGA_VCCINT 0.006194 1.093750 0.006643
1855 48 CH1 0.400000 3.281250 1.306663 FPGA_VCCINT 0.006775 1.093750 0.007266
1895 49 CH1 0.400000 3.281250 1.306663 FPGA_VCCINT 0.006194 1.093750 0.006643
1935 50 CH1 0.400000 3.281250 1.306663 FPGA_VCCINT 0.006194 1.093750 0.006643
1974 51 CH1 0.400000 3.281250 1.306663 FPGA_VCCINT 0.006194 1.093750 0.006851
2013 52 CH1 0.400000 3.281250 1.306663 FPGA_VCCINT 0.006388 1.093750 0.006851
2053 53 CH1 0.400000 3.281250 1.306663 FPGA_VCCINT 0.006194 1.093750 0.006643
2092 54 CH1 0.400000 3.281250 1.306663 FPGA_VCCINT 0.006388 1.093750 0.006851
2132 55 CH1 0.400000 3.281250 1.306663 FPGA_VCCINT 0.006388 1.093750 0.006851
2171 56 CH1 0.400000 3.281250 1.306663 FPGA_VCCINT 0.006388 1.093750 0.006851
2211 57 CH1 0.400000 3.281250 1.306663 FPGA_VCCINT 0.006194 1.093750 0.006643
2250 58 CH1 0.400000 3.281250 1.306663 FPGA_VCCINT 0.006194 1.093750 0.006643
2289 59 CH1 0.400000 3.281250 1.306663 FPGA_VCCINT 0.006194 1.093750 0.006851
2329 60 CH1 0.400000 3.281250 1.306663 FPGA_VCCINT 0.006388 1.093750 0.006851
2368 61 CH1 0.400000 3.281250 1.306663 FPGA_VCCINT 0.006388 1.093750 0.006851
2408 62 CH1 0.400000 3.281250 1.306663 FPGA_VCCINT 0.006194 1.093750 0.006643
2447 63 CH1 0.400000 3.281250 1.306663 FPGA_VCCINT 0.006388 1.093750 0.006851
2487 64 CH1 0.400000 3.281250 1.306663 FPGA_VCCINT 0.006388 1.093750 0.006851
2526 65 CH1 0.400000 3.281250 1.306663 FPGA_VCCINT 0.006388 1.093750 0.006851
2566 66 CH1 0.400000 3.281250 1.306663 FPGA_VCCINT 0.006388 1.093750 0.006851
2606 67 CH1 0.400000 3.281250 1.306663 FPGA_VCCINT 0.006001 1.093750 0.006436
2645 68 CH1 0.400000 3.281250 1.306663 FPGA_VCCINT 0.006001 1.093750 0.006436
2685 69 CH1 0.400000 3.281250 1.306663 FPGA_VCCINT 0.005420 1.093750 0.005813
2724 70 CH1 0.400000 3.281250 1.306663 FPGA_VCCINT 0.006001 1.093750 0.006436
2764 71 CH1 0.400000 3.281250 1.306663 FPGA_VCCINT 0.006001 1.093750 0.006436
2803 72 CH1 0.400000 3.281250 1.306663 FPGA_VCCINT 0.006001 1.093750 0.006436
2842 73 CH1 0.400000 3.281250 1.306663 FPGA_VCCINT 0.006001 1.093750 0.006436
2882 74 CH1 0.400000 3.281250 1.306663 FPGA_VCCINT 0.006001 1.093750 0.006436
2921 75 CH1 0.400000 3.281250 1.306663 FPGA_VCCINT 0.006001 1.093750 0.006436
2960 76 CH1 0.400000 3.281250 1.306663 FPGA_VCCINT 0.006001 1.093750 0.006436
3000 77 CH1 0.400000 3.281250 1.306663 FPGA_VCCINT 0.006001 1.093750 0.006436
3039 78 CH1 0.400000 3.281250 1.306663 FPGA_VCCINT 0.006001 1.093750 0.006436
3079 79 CH1 0.400000 3.281250 1.306663 FPGA_VCCINT 0.006001 1.093750 0.006436
3118 80 CH1 0.400000 3.281250 1.306663 FPGA_VCCINT 0.006001 1.093750 0.006436
3157 81 CH1 0.400000 3.281250 1.306663 FPGA_VCCINT 0.006001 1.093750 0.006436
3197 82 CH1 0.400000 3.281250 1.306663 FPGA_VCCINT 0.006001 1.093750 0.006436
3236 83 CH1 0.400000 3.281250 1.306663 FPGA_VCCINT 0.006001 1.093750 0.006436
3275 84 CH1 0.400000 3.281250 1.306663 FPGA_VCCINT 0.006001 1.093750 0.006436
3315 85 CH1 0.400000 3.281250 1.306663 FPGA_VCCINT 0.006001 1.093750 0.006436
3354 86 CH1 0.400000 3.281250 1.306663 FPGA_VCCINT 0.006001 1.093750 0.006436
3393 87 CH1 0.400000 3.281250 1.306663 FPGA_VCCINT 0.006001 1.093750 0.006436
3433 88 CH1 0.400000 3.281250 1.306663 FPGA_VCCINT 0.006001 1.093750 0.006436
3473 89 CH1 0.400000 3.281250 1.306663 FPGA_VCCINT 0.006001 1.093750 0.006436
3513 90 CH1 0.400000 3.281250 1.306663 FPGA_VCCINT 0.006001 1.093750 0.006436
3552 91 CH1 0.400000 3.281250 1.306663 FPGA_VCCINT 0.006001 1.093750 0.006436
3591 92 CH1 0.400000 3.281250 1.306663 FPGA_VCCINT 0.006001 1.093750 0.006436
3631 93 CH1 0.400000 3.281250 1.306663 FPGA_VCCINT 0.006001 1.093750 0.006436
3670 94 CH1 0.400000 3.281250 1.306663 FPGA_VCCINT 0.006001 1.093750 0.006436
3710 95 CH1 0.400000 3.281250 1.306663 FPGA_VCCINT 0.006001 1.093750 0.006436
3749 96 CH1 0.400000 3.281250 1.306663 FPGA_VCCINT 0.006001 1.093750 0.006436
3788 97 CH1 0.400000 3.281250 1.306663 FPGA_VCCINT 0.006001 1.093750 0.006436
3828 98 CH1 0.400000 3.281250 1.306663 FPGA_VCCINT 0.006001 1.093750 0.006436
3867 99 CH1 0.400000 3.281250 1.306663 FPGA_VCCINT 0.006001 1.093750 0.006436
