11 1 CH1 0.400000 3.281250 1.306663 FPGA_VCCINT 0.004839 1.093750 0.005190
50 2 CH1 0.400000 3.281250 1.306663 FPGA_VCCINT 0.004839 1.093750 0.005190
89 3 CH1 0.400000 3.281250 1.306663 FPGA_VCCINT 0.004839 1.093750 0.005190
127 4 CH1 0.400000 3.281250 1.306663 FPGA_VCCINT 0.004839 1.250000 0.005931
166 5 CH1 0.400000 3.281250 1.306663 FPGA_VCCINT 0.004839 1.250000 0.005931
205 6 CH1 0.400000 3.281250 1.306663 FPGA_VCCINT 0.004839 1.250000 0.005931
244 7 CH1 0.400000 3.281250 1.306663 FPGA_VCCINT 0.004839 1.250000 0.005931
283 8 CH1 0.400000 3.281250 1.306663 FPGA_VCCINT 0.004839 1.093750 0.005190
322 9 CH1 0.400000 3.281250 1.306663 FPGA_VCCINT 0.004839 1.093750 0.005190
361 10 CH1 0.400000 3.281250 1.306663 FPGA_VCCINT 0.004839 1.093750 0.005190
400 11 CH1 0.400000 3.281250 1.306663 FPGA_VCCINT 0.004839 1.093750 0.005190
439 12 CH1 0.400000 3.281250 1.306663 FPGA_VCCINT 0.004839 1.093750 0.005190
478 13 CH1 0.400000 3.281250 1.306663 FPGA_VCCINT 0.004839 1.093750 0.005190
517 14 CH1 0.400000 3.281250 1.306663 FPGA_VCCINT 0.004839 1.093750 0.005190
557 15 CH1 0.400000 3.281250 1.306663 FPGA_VCCINT 0.004839 1.250000 0.005931
596 16 CH1 0.400000 3.281250 1.306663 FPGA_VCCINT 0.004839 1.250000 0.005931
635 17 CH1 0.400000 3.281250 1.306663 FPGA_VCCINT 0.004839 1.250000 0.005931
674 18 CH1 0.400000 3.281250 1.306663 FPGA_VCCINT 0.004839 1.250000 0.005931
713 19 CH1 0.400000 3.281250 1.306663 FPGA_VCCINT 0.004839 1.250000 0.005931
752 20 CH1 0.400000 3.281250 1.306663 FPGA_VCCINT 0.004839 1.250000 0.005931
791 21 CH1 0.400000 3.281250 1.306663 FPGA_VCCINT 0.004839 1.250000 0.005931
830 22 CH1 0.400000 3.281250 1.306663 FPGA_VCCINT 0.004839 1.250000 0.005931
869 23 CH1 0.400000 3.281250 1.306663 FPGA_VCCINT 0.004839 1.250000 0.005931
908 24 CH1 0.400000 3.281250 1.306663 FPGA_VCCINT 0.004839 1.250000 0.005931
947 25 CH1 0.400000 3.281250 1.306663 FPGA_VCCINT 0.004839 1.250000 0.005931
986 26 CH1 0.400000 3.281250 1.306663 FPGA_VCCINT 0.004839 1.250000 0.005931
1025 27 CH1 0.400000 3.281250 1.306663 FPGA_VCCINT 0.004839 1.250000 0.005931
1064 28 CH1 0.400000 3.281250 1.306663 FPGA_VCCINT 0.004839 1.250000 0.005931
1104 29 CH1 0.400000 3.281250 1.306663 FPGA_VCCINT 0.004839 1.250000 0.005931
1143 30 CH1 0.400000 3.281250 1.306663 FPGA_VCCINT 0.004839 1.250000 0.005931
1182 31 CH1 0.400000 3.281250 1.306663 FPGA_VCCINT 0.004839 1.250000 0.005931
1221 32 CH1 0.400000 3.281250 1.306663 FPGA_VCCINT 0.004839 1.250000 0.005931
1261 33 CH1 0.400000 3.281250 1.306663 FPGA_VCCINT 0.004839 1.250000 0.005931
1300 34 CH1 0.400000 3.281250 1.306663 FPGA_VCCINT 0.004839 1.250000 0.005931
1339 35 CH1 0.400000 3.281250 1.306663 FPGA_VCCINT 0.004839 1.250000 0.005931
1379 36 CH1 0.400000 3.281250 1.306663 FPGA_VCCINT 0.004839 1.250000 0.005931
1418 37 CH1 0.400000 3.281250 1.306663 FPGA_VCCINT 0.004839 1.250000 0.005931
1457 38 CH1 0.400000 3.281250 1.306663 FPGA_VCCINT 0.004839 1.093750 0.005190
1496 39 CH1 0.400000 3.281250 1.306663 FPGA_VCCINT 0.004839 1.093750 0.005190
1536 40 CH1 0.400000 3.281250 1.306663 FPGA_VCCINT 0.004839 1.093750 0.005190
1575 41 CH1 0.400000 3.281250 1.306663 FPGA_VCCINT 0.004839 1.093750 0.005190
1615 42 CH1 0.400000 3.281250 1.306663 FPGA_VCCINT 0.004839 1.093750 0.005190
1654 43 CH1 0.400000 3.281250 1.306663 FPGA_VCCINT 0.004839 1.093750 0.005190
1693 44 CH1 0.400000 3.281250 1.306663 FPGA_VCCINT 0.004839 1.093750 0.005190
1733 45 CH1 0.400000 3.281250 1.306663 FPGA_VCCINT 0.004839 1.093750 0.005190
1772 46 CH1 0.400000 3.281250 1.306663 FPGA_VCCINT 0.006194 1.250000 0.007592
1812 47 CH1 0.400000 3.281250 1.306663 FPGA_VCCINT 0.006194 1.250000 0.007592
1852 48 CH1 0.400000 3.281250 1.306663 FPGA_VCCINT 0.006194 1.250000 0.007592
1891 49 CH1 0.400000 3.281250 1.306663 FPGA_VCCINT 0.006194 1.250000 0.007592
1931 50 CH1 0.400000 3.281250 1.306663 FPGA_VCCINT 0.006194 1.250000 0.007592
1970 51 CH1 0.400000 3.281250 1.306663 FPGA_VCCINT 0.006194 1.250000 0.007592
2010 52 CH1 0.400000 3.281250 1.306663 FPGA_VCCINT 0.006194 1.250000 0.007592
2049 53 CH1 0.400000 3.281250 1.306663 FPGA_VCCINT 0.006194 1.250000 0.007592
2088 54 CH1 0.400000 3.281250 1.306663 FPGA_VCCINT 0.006194 1.250000 0.007592
2127 55 CH1 0.400000 3.281250 1.306663 FPGA_VCCINT 0.006194 1.093750 0.006643
2167 56 CH1 0.400000 3.281250 1.306663 FPGA_VCCINT 0.006194 1.093750 0.006643
2206 57 CH1 0.400000 3.281250 1.306663 FPGA_VCCINT 0.006194 1.093750 0.006643
2246 58 CH1 0.400000 3.281250 1.306663 FPGA_VCCINT 0.006194 1.093750 0.006643
2285 59 CH1 0.400000 3.281250 1.306663 FPGA_VCCINT 0.006194 1.093750 0.006643
2324 60 CH1 0.400000 3.281250 1.306663 FPGA_VCCINT 0.006194 1.093750 0.006643
2364 61 CH1 0.400000 3.281250 1.306663 FPGA_VCCINT 0.006194 1.093750 0.006643
2403 62 CH1 0.400000 3.281250 1.306663 FPGA_VCCINT 0.006194 1.093750 0.006643
2443 63 CH1 0.400000 3.281250 1.306663 FPGA_VCCINT 0.006194 1.093750 0.006643
2482 64 CH1 0.400000 3.281250 1.306663 FPGA_VCCINT 0.006194 1.250000 0.007592
2521 65 CH1 0.400000 3.281250 1.306663 FPGA_VCCINT 0.006194 1.250000 0.007592
2561 66 CH1 0.400000 3.281250 1.306663 FPGA_VCCINT 0.006194 1.250000 0.007592
2600 67 CH1 0.400000 3.281250 1.306663 FPGA_VCCINT 0.006194 1.250000 0.007592
2639 68 CH1 0.400000 3.281250 1.306663 FPGA_VCCINT 0.006194 1.250000 0.007592
2679 69 CH1 0.400000 3.281250 1.306663 FPGA_VCCINT 0.006194 1.250000 0.007592
2719 70 CH1 0.400000 3.281250 1.306663 FPGA_VCCINT 0.006194 1.250000 0.007592
2758 71 CH1 0.400000 3.281250 1.306663 FPGA_VCCINT 0.006194 1.250000 0.007592
2798 72 CH1 0.400000 3.281250 1.306663 FPGA_VCCINT 0.006194 1.250000 0.007592
2837 73 CH1 0.400000 3.281250 1.306663 FPGA_VCCINT 0.006194 1.250000 0.007592
2877 74 CH1 0.400000 3.281250 1.306663 FPGA_VCCINT 0.006194 1.250000 0.007592
2916 75 CH1 0.400000 3.281250 1.306663 FPGA_VCCINT 0.006194 1.250000 0.007592
2955 76 CH1 0.400000 3.281250 1.306663 FPGA_VCCINT 0.006194 1.250000 0.007592
2995 77 CH1 0.400000 3.281250 1.306663 FPGA_VCCINT 0.006194 1.250000 0.007592
3034 78 CH1 0.400000 3.281250 1.306663 FPGA_VCCINT 0.006194 1.250000 0.007592
3073 79 CH1 0.400000 3.281250 1.306663 FPGA_VCCINT 0.006194 1.250000 0.007592
3112 80 CH1 0.400000 3.281250 1.306663 FPGA_VCCINT 0.006194 1.250000 0.007592
3152 81 CH1 0.400000 3.281250 1.306663 FPGA_VCCINT 0.006194 1.250000 0.007592
3191 82 CH1 0.400000 3.281250 1.306663 FPGA_VCCINT 0.006194 1.250000 0.007592
3230 83 CH1 0.400000 3.281250 1.306663 FPGA_VCCINT 0.006194 1.250000 0.007592
3270 84 CH1 0.400000 3.281250 1.306663 FPGA_VCCINT 0.006194 1.250000 0.007592
3309 85 CH1 0.400000 3.281250 1.306663 FPGA_VCCINT 0.006194 1.250000 0.007592
3348 86 CH1 0.400000 3.281250 1.306663 FPGA_VCCINT 0.006194 1.093750 0.006643
3388 87 CH1 0.400000 3.281250 1.306663 FPGA_VCCINT 0.006194 1.250000 0.007592
3427 88 CH1 0.400000 3.281250 1.306663 FPGA_VCCINT 0.006194 1.250000 0.007592
3467 89 CH1 0.400000 3.281250 1.306663 FPGA_VCCINT 0.006194 1.250000 0.007592
3506 90 CH1 0.400000 3.281250 1.306663 FPGA_VCCINT 0.006194 1.250000 0.007592
3545 91 CH1 0.400000 3.281250 1.306663 FPGA_VCCINT 0.006194 1.250000 0.007592
3585 92 CH1 0.400000 3.281250 1.306663 FPGA_VCCINT 0.006194 1.250000 0.007592
3624 93 CH1 0.400000 3.281250 1.306663 FPGA_VCCINT 0.006194 1.250000 0.007592
3663 94 CH1 0.400000 3.281250 1.306663 FPGA_VCCINT 0.006194 1.250000 0.007592
3702 95 CH1 0.400000 3.281250 1.306663 FPGA_VCCINT 0.006194 1.250000 0.007592
3742 96 CH1 0.400000 3.281250 1.306663 FPGA_VCCINT 0.006194 1.093750 0.006643
3782 97 CH1 0.400000 3.281250 1.306663 FPGA_VCCINT 0.006194 1.093750 0.006643
3822 98 CH1 0.400000 3.281250 1.306663 FPGA_VCCINT 0.006194 1.093750 0.006643
3861 99 CH1 0.400000 3.281250 1.306663 FPGA_VCCINT 0.006194 1.093750 0.006643
3900 100 CH1 0.400000 3.281250 1.306663 FPGA_VCCINT 0.006194 1.093750 0.006643
3940 101 CH1 0.400000 3.281250 1.306663 FPGA_VCCINT 0.006194 1.093750 0.006643
3980 102 CH1 0.400000 3.281250 1.306663 FPGA_VCCINT 0.006194 1.093750 0.006643
4019 103 CH1 0.400000 3.281250 1.306663 FPGA_VCCINT 0.006194 1.250000 0.007592
4059 104 CH1 0.400000 3.281250 1.306663 FPGA_VCCINT 0.006194 1.250000 0.007592
4099 105 CH1 0.400000 3.281250 1.306663 FPGA_VCCINT 0.006194 1.250000 0.007592
4138 106 CH1 0.400000 3.281250 1.306663 FPGA_VCCINT 0.006194 1.250000 0.007592
4178 107 CH1 0.400000 3.281250 1.306663 FPGA_VCCINT 0.006194 1.250000 0.007592
4217 108 CH1 0.400000 3.281250 1.306663 FPGA_VCCINT 0.006194 1.250000 0.007592
4257 109 CH1 0.400000 3.281250 1.306663 FPGA_VCCINT 0.006194 1.250000 0.007592
4297 110 CH1 0.400000 3.281250 1.306663 FPGA_VCCINT 0.006194 1.250000 0.007592
4336 111 CH1 0.400000 3.281250 1.306663 FPGA_VCCINT 0.006194 1.250000 0.007592
4376 112 CH1 0.400000 3.281250 1.306663 FPGA_VCCINT 0.006194 1.250000 0.007592
4416 113 CH1 0.400000 3.281250 1.306663 FPGA_VCCINT 0.006194 1.093750 0.006643
4456 114 CH1 0.400000 3.281250 1.306663 FPGA_VCCINT 0.006194 1.093750 0.006643
4495 115 CH1 0.400000 3.281250 1.306663 FPGA_VCCINT 0.006194 1.093750 0.006643
4535 116 CH1 0.400000 3.281250 1.306663 FPGA_VCCINT 0.006194 1.093750 0.006643
4575 117 CH1 0.400000 3.281250 1.306663 FPGA_VCCINT 0.006194 1.093750 0.006643
4614 118 CH1 0.400000 3.281250 1.306663 FPGA_VCCINT 0.006194 1.250000 0.007592
4654 119 CH1 0.400000 3.281250 1.306663 FPGA_VCCINT 0.006194 1.250000 0.007592
4693 120 CH1 0.400000 3.281250 1.306663 FPGA_VCCINT 0.006194 1.250000 0.007592
4733 121 CH1 0.400000 3.281250 1.306663 FPGA_VCCINT 0.006194 1.250000 0.007592
4772 122 CH1 0.400000 3.281250 1.306663 FPGA_VCCINT 0.006194 1.250000 0.007592
4812 123 CH1 0.400000 3.281250 1.306663 FPGA_VCCINT 0.006194 1.250000 0.007592
4852 124 CH1 0.400000 3.281250 1.306663 FPGA_VCCINT 0.006194 1.250000 0.007592
4892 125 CH1 0.400000 3.281250 1.306663 FPGA_VCCINT 0.006194 1.093750 0.006643
4932 126 CH1 0.400000 3.281250 1.306663 FPGA_VCCINT 0.006194 1.093750 0.006643
4971 127 CH1 0.400000 3.281250 1.306663 FPGA_VCCINT 0.006194 1.093750 0.006643
5011 128 CH1 0.400000 3.281250 1.306663 FPGA_VCCINT 0.006194 1.093750 0.006643
5051 129 CH1 0.400000 3.281250 1.306663 FPGA_VCCINT 0.006194 1.093750 0.006643
5090 130 CH1 0.400000 3.281250 1.306663 FPGA_VCCINT 0.006194 1.093750 0.006643
5130 131 CH1 0.400000 3.281250 1.306663 FPGA_VCCINT 0.006194 1.250000 0.007592
5170 132 CH1 0.400000 3.281250 1.306663 FPGA_VCCINT 0.006194 1.250000 0.007592
5209 133 CH1 0.400000 3.281250 1.306663 FPGA_VCCINT 0.006194 1.250000 0.007592
5249 134 CH1 0.400000 3.281250 1.306663 FPGA_VCCINT 0.006194 1.250000 0.007592
5288 135 CH1 0.400000 3.281250 1.306663 FPGA_VCCINT 0.006194 1.250000 0.007592
5328 136 CH1 0.400000 3.281250 1.306663 FPGA_VCCINT 0.006194 1.250000 0.007592
5368 137 CH1 0.400000 3.281250 1.306663 FPGA_VCCINT 0.006194 1.250000 0.007592
5407 138 CH1 0.400000 3.281250 1.306663 FPGA_VCCINT 0.006194 1.093750 0.006643
5447 139 CH1 0.400000 3.281250 1.306663 FPGA_VCCINT 0.006194 1.093750 0.006643
5487 140 CH1 0.400000 3.281250 1.306663 FPGA_VCCINT 0.006194 1.093750 0.006643
5526 141 CH1 0.400000 3.281250 1.306663 FPGA_VCCINT 0.006194 1.093750 0.006643
5566 142 CH1 0.400000 3.281250 1.306663 FPGA_VCCINT 0.006194 1.093750 0.006643
5606 143 CH1 0.400000 3.281250 1.306663 FPGA_VCCINT 0.006194 1.250000 0.007592
5645 144 CH1 0.400000 3.281250 1.306663 FPGA_VCCINT 0.006194 1.250000 0.007592
5685 145 CH1 0.400000 3.281250 1.306663 FPGA_VCCINT 0.006194 1.250000 0.007592
5725 146 CH1 0.400000 3.281250 1.306663 FPGA_VCCINT 0.006194 1.250000 0.007592
5764 147 CH1 0.400000 3.281250 1.306663 FPGA_VCCINT 0.006194 1.250000 0.007592
5804 148 CH1 0.400000 3.281250 1.306663 FPGA_VCCINT 0.006194 1.250000 0.007592
5844 149 CH1 0.400000 3.281250 1.306663 FPGA_VCCINT 0.006194 1.250000 0.007592
5883 150 CH1 0.400000 3.281250 1.306663 FPGA_VCCINT 0.006194 1.250000 0.007592
5923 151 CH1 0.400000 3.281250 1.306663 FPGA_VCCINT 0.006194 1.250000 0.007592
5963 152 CH1 0.400000 3.281250 1.306663 FPGA_VCCINT 0.006194 1.250000 0.007592
6002 153 CH1 0.400000 3.281250 1.306663 FPGA_VCCINT 0.006194 1.250000 0.007592
6042 154 CH1 0.400000 3.281250 1.306663 FPGA_VCCINT 0.006194 1.250000 0.007592
6081 155 CH1 0.400000 3.281250 1.306663 FPGA_VCCINT 0.006194 1.250000 0.007592
6121 156 CH1 0.400000 3.281250 1.306663 FPGA_VCCINT 0.006194 1.250000 0.007592
6160 157 CH1 0.400000 3.281250 1.306663 FPGA_VCCINT 0.006194 1.250000 0.007592
6200 158 CH1 0.400000 3.281250 1.306663 FPGA_VCCINT 0.006194 1.250000 0.007592
6240 159 CH1 0.400000 3.281250 1.306663 FPGA_VCCINT 0.006194 1.250000 0.007592
6279 160 CH1 0.400000 3.281250 1.306663 FPGA_VCCINT 0.006194 1.250000 0.007592
6319 161 CH1 0.400000 3.281250 1.306663 FPGA_VCCINT 0.006194 1.250000 0.007592
6358 162 CH1 0.400000 3.281250 1.306663 FPGA_VCCINT 0.006194 1.250000 0.007592
6398 163 CH1 0.400000 3.281250 1.306663 FPGA_VCCINT 0.006194 1.250000 0.007592
6438 164 CH1 0.400000 3.281250 1.306663 FPGA_VCCINT 0.006194 1.250000 0.007592
6478 165 CH1 0.400000 3.281250 1.306663 FPGA_VCCINT 0.006194 1.250000 0.007592
6517 166 CH1 0.400000 3.281250 1.306663 FPGA_VCCINT 0.006194 1.250000 0.007592
6557 167 CH1 0.400000 3.281250 1.306663 FPGA_VCCINT 0.006194 1.250000 0.007592
6596 168 CH1 0.400000 3.281250 1.306663 FPGA_VCCINT 0.006194 1.250000 0.007592
6636 169 CH1 0.400000 3.281250 1.306663 FPGA_VCCINT 0.006194 1.250000 0.007592
6676 170 CH1 0.400000 3.281250 1.306663 FPGA_VCCINT 0.006194 1.250000 0.007592
6715 171 CH1 0.400000 3.281250 1.306663 FPGA_VCCINT 0.006194 1.250000 0.007592
6755 172 CH1 0.400000 3.281250 1.306663 FPGA_VCCINT 0.006194 1.250000 0.007592
6794 173 CH1 0.400000 3.281250 1.306663 FPGA_VCCINT 0.006194 1.250000 0.007592
6834 174 CH1 0.400000 3.281250 1.306663 FPGA_VCCINT 0.006194 1.250000 0.007592
6873 175 CH1 0.400000 3.281250 1.306663 FPGA_VCCINT 0.006194 1.250000 0.007592
6913 176 CH1 0.400000 3.281250 1.306663 FPGA_VCCINT 0.006194 1.250000 0.007592
6953 177 CH1 0.400000 3.281250 1.306663 FPGA_VCCINT 0.006194 1.250000 0.007592
6993 178 CH1 0.400000 3.281250 1.306663 FPGA_VCCINT 0.006194 1.250000 0.007592
7032 179 CH1 0.400000 3.281250 1.306663 FPGA_VCCINT 0.006194 1.250000 0.007592
7072 180 CH1 0.400000 3.281250 1.306663 FPGA_VCCINT 0.006194 1.250000 0.007592
7112 181 CH1 0.400000 3.281250 1.306663 FPGA_VCCINT 0.006194 1.250000 0.007592
7151 182 CH1 0.400000 3.281250 1.306663 FPGA_VCCINT 0.006194 1.250000 0.007592
7191 183 CH1 0.400000 3.281250 1.306663 FPGA_VCCINT 0.006194 1.250000 0.007592
7230 184 CH1 0.400000 3.281250 1.306663 FPGA_VCCINT 0.006194 1.250000 0.007592
7270 185 CH1 0.400000 3.281250 1.306663 FPGA_VCCINT 0.006194 1.250000 0.007592
7309 186 CH1 0.400000 3.281250 1.306663 FPGA_VCCINT 0.006194 1.250000 0.007592
7349 187 CH1 0.400000 3.281250 1.306663 FPGA_VCCINT 0.006194 1.250000 0.007592
7389 188 CH1 0.400000 3.281250 1.306663 FPGA_VCCINT 0.006194 1.250000 0.007592
7428 189 CH1 0.400000 3.281250 1.306663 FPGA_VCCINT 0.006194 1.250000 0.007592
7468 190 CH1 0.400000 3.281250 1.306663 FPGA_VCCINT 0.006194 1.250000 0.007592
7508 191 CH1 0.400000 3.281250 1.306663 FPGA_VCCINT 0.006194 1.250000 0.007592
7547 192 CH1 0.400000 3.281250 1.306663 FPGA_VCCINT 0.006194 1.250000 0.007592
7587 193 CH1 0.400000 3.281250 1.306663 FPGA_VCCINT 0.006194 1.250000 0.007592
7627 194 CH1 0.400000 3.281250 1.306663 FPGA_VCCINT 0.006194 1.250000 0.007592
7666 195 CH1 0.400000 3.281250 1.306663 FPGA_VCCINT 0.006194 1.250000 0.007592
7706 196 CH1 0.400000 3.281250 1.306663 FPGA_VCCINT 0.006194 1.250000 0.007592
7745 197 CH1 0.400000 3.281250 1.306663 FPGA_VCCINT 0.006194 1.250000 0.007592
7785 198 CH1 0.400000 3.281250 1.306663 FPGA_VCCINT 0.006194 1.250000 0.007592
7824 199 CH1 0.400000 3.281250 1.306663 