CH1 0.069841 3.211 1 CH1 0.069841 3.281250 0.224708 FPGA_VCCINT 0.000000 1.093750 0.000000
48 2 CH1 0.069841 3.281250 0.224708 FPGA_VCCINT 0.000000 1.093750 0.000000
84 3 CH1 0.069841 3.281250 0.224708 FPGA_VCCINT 0.000000 1.093750 0.000000
120 4 CH1 0.069841 3.281250 0.224708 FPGA_VCCINT 0.000000 1.250000 0.000000
157 5 CH1 0.069841 3.281250 0.224708 FPGA_VCCINT 0.000000 1.250000 0.000000
193 6 CH1 0.069841 3.281250 0.224708 FPGA_VCCINT 0.000000 1.250000 0.000000
230 7 CH1 0.069841 3.281250 0.224708 FPGA_VCCINT 0.000000 1.250000 0.000000
266 8 CH1 0.069841 3.281250 0.224708 FPGA_VCCINT 0.000000 1.250000 0.000000
303 9 CH1 0.069841 3.281250 0.224708 FPGA_VCCINT 0.000000 1.250000 0.000000
339 10 CH1 0.069841 3.281250 0.224708 FPGA_VCCINT 0.000000 1.250000 0.000000
376 11 CH1 0.069841 3.281250 0.224708 FPGA_VCCINT 0.000000 1.250000 0.000000
413 12 CH1 0.069841 3.281250 0.224708 FPGA_VCCINT 0.000000 1.250000 0.000000
450 13 CH1 0.069841 3.281250 0.224708 FPGA_VCCINT 0.000000 1.250000 0.000000
486 14 CH1 0.069841 3.281250 0.224708 FPGA_VCCINT 0.000000 1.250000 0.000000
524 15 CH1 0.069841 3.281250 0.224708 FPGA_VCCINT 0.000000 1.250000 0.000000
560 16 CH1 0.069841 3.281250 0.224708 FPGA_VCCINT 0.000000 1.250000 0.000000
597 17 CH1 0.069841 3.281250 0.224708 FPGA_VCCINT 0.000000 1.250000 0.000000
634 18 CH1 0.069841 3.281250 0.224708 FPGA_VCCINT 0.000000 1.250000 0.000000
671 19 CH1 0.069841 3.281250 0.224708 FPGA_VCCINT 0.000000 1.250000 0.000000
707 20 CH1 0.069841 3.281250 0.224708 FPGA_VCCINT 0.000000 1.250000 0.000000
744 21 CH1 0.069841 3.281250 0.224708 FPGA_VCCINT 0.000000 1.250000 0.000000
781 22 CH1 0.069841 3.281250 0.224708 FPGA_VCCINT 0.000000 1.250000 0.000000
818 23 CH1 0.069841 3.281250 0.224708 FPGA_VCCINT 0.000000 1.250000 0.000000
855 24 CH1 0.069841 3.281250 0.224708 FPGA_VCCINT 0.000000 1.250000 0.000000
892 25 CH1 0.069841 3.281250 0.224708 FPGA_VCCINT 0.000000 1.250000 0.000000
928 26 CH1 0.069841 3.281250 0.224708 FPGA_VCCINT 0.000000 1.250000 0.000000
965 27 CH1 0.069841 3.281250 0.224708 FPGA_VCCINT 0.000000 1.250000 0.000000
1002 28 CH1 0.069841 3.281250 0.224708 FPGA_VCCINT 0.000000 1.250000 0.000000
1039 29 CH1 0.069841 3.281250 0.224708 FPGA_VCCINT 0.000000 1.250000 0.000000
1076 30 CH1 0.069841 3.281250 0.224708 FPGA_VCCINT 0.000000 1.093750 0.000000
1113 31 CH1 0.069841 3.281250 0.224708 FPGA_VCCINT 0.000000 1.093750 0.000000
1150 32 CH1 0.069841 3.281250 0.224708 FPGA_VCCINT 0.000000 1.093750 0.000000
1188 33 CH1 0.069841 3.281250 0.224708 FPGA_VCCINT 0.000000 1.093750 0.000000
1225 34 CH1 0.069841 3.281250 0.224708 FPGA_VCCINT 0.000000 1.093750 0.000000
1262 35 CH1 0.069841 3.281250 0.224708 FPGA_VCCINT 0.000000 1.093750 0.000000
1299 36 CH1 0.069841 3.281250 0.224708 FPGA_VCCINT 0.000000 1.250000 0.000000
1337 37 CH1 0.069841 3.281250 0.224708 FPGA_VCCINT 0.000000 1.250000 0.000000
1374 38 CH1 0.069841 3.281250 0.224708 FPGA_VCCINT 0.000000 1.250000 0.000000
1411 39 CH1 0.069841 3.281250 0.224708 FPGA_VCCINT 0.000000 1.250000 0.000000
1448 40 CH1 0.069841 3.281250 0.224708 FPGA_VCCINT 0.000000 1.250000 0.000000
1485 41 CH1 0.069841 3.281250 0.224708 FPGA_VCCINT 0.000000 1.250000 0.000000
1521 42 CH1 0.069841 3.281250 0.224708 FPGA_VCCINT 0.000000 1.250000 0.000000
1558 43 CH1 0.069841 3.281250 0.224708 FPGA_VCCINT 0.000000 1.093750 0.000000
1595 44 CH1 0.069841 3.281250 0.224708 FPGA_VCCINT 0.000000 1.093750 0.000000
1633 45 CH1 0.069841 3.281250 0.224708 FPGA_VCCINT 0.000000 1.093750 0.000000
1670 46 CH1 0.069841 3.281250 0.224708 FPGA_VCCINT 0.000000 1.093750 0.000000
1707 47 CH1 0.069841 3.281250 0.224708 FPGA_VCCINT 0.000000 1.093750 0.000000
1744 48 CH1 0.069841 3.281250 0.224708 FPGA_VCCINT 0.000000 1.093750 0.000000
1782 49 CH1 0.069841 3.281250 0.224708 FPGA_VCCINT 0.000000 1.093750 0.000000
1820 50 CH1 0.400000 3.281250 1.306663 FPGA_VCCINT 0.004259 1.250000 0.005220
1859 51 CH1 0.400000 3.281250 1.306663 FPGA_VCCINT 0.004259 1.250000 0.005220
1899 52 CH1 0.400000 3.281250 1.306663 FPGA_VCCINT 0.004065 1.250000 0.004982
1938 53 CH1 0.400000 3.281250 1.306663 FPGA_VCCINT 0.004065 1.250000 0.004982
1978 54 CH1 0.400000 3.281250 1.306663 FPGA_VCCINT 0.004065 1.250000 0.004982
2018 55 CH1 0.400000 3.281250 1.306663 FPGA_VCCINT 0.004065 1.250000 0.004982
2057 56 CH1 0.400000 3.281250 1.306663 FPGA_VCCINT 0.004065 1.250000 0.004982
2096 57 CH1 0.400000 3.281250 1.306663 FPGA_VCCINT 0.004065 1.250000 0.004982
2136 58 CH1 0.400000 3.281250 1.306663 FPGA_VCCINT 0.004065 1.250000 0.004982
2175 59 CH1 0.400000 3.281250 1.306663 FPGA_VCCINT 0.004065 1.250000 0.004982
2214 60 CH1 0.400000 3.281250 1.306663 FPGA_VCCINT 0.004065 1.250000 0.004982
2253 61 CH1 0.400000 3.281250 1.306663 FPGA_VCCINT 0.004065 1.250000 0.004982
2293 62 CH1 0.400000 3.281250 1.306663 FPGA_VCCINT 0.004065 1.250000 0.004982
2332 63 CH1 0.400000 3.281250 1.306663 FPGA_VCCINT 0.004065 1.250000 0.004982
2371 64 CH1 0.400000 3.281250 1.306663 FPGA_VCCINT 0.004065 1.250000 0.004982
2411 65 CH1 0.400000 3.281250 1.306663 FPGA_VCCINT 0.004065 1.250000 0.004982
2450 66 CH1 0.400000 3.281250 1.306663 FPGA_VCCINT 0.004065 1.093750 0.004360
2489 67 CH1 0.400000 3.281250 1.306663 FPGA_VCCINT 0.004065 1.093750 0.004360
2529 68 CH1 0.400000 3.281250 1.306663 FPGA_VCCINT 0.004065 1.093750 0.004360
2568 69 CH1 0.400000 3.281250 1.306663 FPGA_VCCINT 0.004065 1.093750 0.004360
2608 70 CH1 0.400000 3.281250 1.306663 FPGA_VCCINT 0.004065 1.093750 0.004360
2647 71 CH1 0.400000 3.281250 1.306663 FPGA_VCCINT 0.004065 1.093750 0.004360
2687 72 CH1 0.400000 3.281250 1.306663 FPGA_VCCINT 0.004065 1.093750 0.004360
2726 73 CH1 0.400000 3.281250 1.306663 FPGA_VCCINT 0.004065 1.093750 0.004360
2766 74 CH1 0.400000 3.281250 1.306663 FPGA_VCCINT 0.004065 1.093750 0.004360
2805 75 CH1 0.400000 3.281250 1.306663 FPGA_VCCINT 0.004065 1.093750 0.004360
2845 76 CH1 0.400000 3.281250 1.306663 FPGA_VCCINT 0.004065 1.093750 0.004360
2885 77 CH1 0.400000 3.281250 1.306663 FPGA_VCCINT 0.004065 1.093750 0.004360
2924 78 CH1 0.400000 3.281250 1.306663 FPGA_VCCINT 0.004065 1.093750 0.004360
2964 79 CH1 0.400000 3.281250 1.306663 FPGA_VCCINT 0.004065 1.093750 0.004360
3003 80 CH1 0.400000 3.281250 1.306663 FPGA_VCCINT 0.004065 1.093750 0.004360
3043 81 CH1 0.400000 3.281250 1.306663 FPGA_VCCINT 0.004065 1.093750 0.004360
3082 82 CH1 0.400000 3.281250 1.306663 FPGA_VCCINT 0.004065 1.093750 0.004360
3121 83 CH1 0.400000 3.281250 1.306663 FPGA_VCCINT 0.004065 1.093750 0.004360
3161 84 CH1 0.400000 3.281250 1.306663 FPGA_VCCINT 0.004065 1.093750 0.004360
3201 85 CH1 0.400000 3.281250 1.306663 FPGA_VCCINT 0.004065 1.093750 0.004360
3240 86 CH1 0.400000 3.281250 1.306663 FPGA_VCCINT 0.004065 1.093750 0.004360
3279 87 CH1 0.400000 3.281250 1.306663 FPGA_VCCINT 0.004065 1.093750 0.004360
3319 88 CH1 0.400000 3.281250 1.306663 FPGA_VCCINT 0.004065 1.093750 0.004360
3358 89 CH1 0.400000 3.281250 1.306663 FPGA_VCCINT 0.004065 1.093750 0.004360
3398 90 CH1 0.400000 3.281250 1.306663 FPGA_VCCINT 0.004065 1.093750 0.004360
3437 91 CH1 0.400000 3.281250 1.306663 FPGA_VCCINT 0.004065 1.093750 0.004360
3477 92 CH1 0.400000 3.281250 1.306663 FPGA_VCCINT 0.004065 1.093750 0.004360
3517 93 CH1 0.400000 3.281250 1.306663 FPGA_VCCINT 0.004065 1.093750 0.004360
3557 94 CH1 0.400000 3.281250 1.306663 FPGA_VCCINT 0.004065 1.093750 0.004360
3596 95 CH1 0.400000 3.281250 1.306663 FPGA_VCCINT 0.004065 1.093750 0.004360
3636 96 CH1 0.400000 3.281250 1.306663 FPGA_VCCINT 0.004065 1.093750 0.004360
3675 97 CH1 0.400000 3.281250 1.306663 FPGA_VCCINT 0.004065 1.093750 0.004360
3715 98 CH1 0.400000 3.281250 1.306663 FPGA_VCCINT 0.004065 1.093750 0.004360
3754 99 CH1 0.400000 3.281250 1.306663 FPGA_VCCINT 0.004065 1.093750 0.004360
3794 100 CH1 0.400000 3.281250 1.306663 FPGA_VCCINT 0.004065 1.093750 0.004360
3833 101 CH1 0.400000 3.281250 1.306663 FPGA_VCCINT 0.004065 1.093750 0.004360
3873 102 CH1 0.400000 3.281250 1.306663 FPGA_VCCINT 0.004065 1.093750 0.004360
3913 103 CH1 0.400000 3.281250 1.306663 FPGA_VCCINT 0.004065 1.093750 0.004360
3953 104 CH1 0.400000 3.281250 1.306663 FPGA_VCCINT 0.004065 1.093750 0.004360
3992 105 CH1 0.400000 3.281250 1.306663 FPGA_VCCINT 0.004065 1.093750 0.004360
4032 106 CH1 0.400000 3.281250 1.306663 FPGA_VCCINT 0.004065 1.093750 0.004360
4072 107 CH1 0.400000 3.281250 1.306663 FPGA_VCCINT 0.004065 1.093750 0.004360
4112 108 CH1 0.400000 3.281250 1.306663 FPGA_VCCINT 0.004065 1.093750 0.004360
4151 109 CH1 0.400000 3.281250 1.306663 FPGA_VCCINT 0.004065 1.093750 0.004360
4191 110 CH1 0.400000 3.281250 1.306663 FPGA_VCCINT 0.004065 1.093750 0.004360
4231 111 CH1 0.400000 3.281250 1.306663 FPGA_VCCINT 0.004065 1.093750 0.004360
4270 112 CH1 0.400000 3.281250 1.306663 FPGA_VCCINT 0.004065 1.093750 0.004360
4310 113 CH1 0.400000 3.281250 1.306663 FPGA_VCCINT 0.004065 1.093750 0.004360
4350 114 CH1 0.400000 3.281250 1.306663 FPGA_VCCINT 0.004065 1.093750 0.004360
4389 115 CH1 0.400000 3.281250 1.306663 FPGA_VCCINT 0.004065 1.093750 0.004360
4429 116 CH1 0.400000 3.281250 1.306663 FPGA_VCCINT 0.004065 1.093750 0.004360
4469 117 CH1 0.400000 3.281250 1.306663 FPGA_VCCINT 0.004065 1.093750 0.004360
4509 118 CH1 0.400000 3.281250 1.306663 FPGA_VCCINT 0.004065 1.093750 0.004360
4548 119 CH1 0.400000 3.281250 1.306663 FPGA_VCCINT 0.004065 1.093750 0.004360
4588 120 CH1 0.400000 3.281250 1.306663 FPGA_VCCINT 0.004065 1.093750 0.004360
4628 121 CH1 0.400000 3.281250 1.306663 FPGA_VCCINT 0.004065 1.093750 0.004360
4668 122 CH1 0.400000 3.281250 1.306663 FPGA_VCCINT 0.004065 1.093750 0.004360
4707 123 CH1 0.400000 3.281250 1.306663 FPGA_VCCINT 0.004065 1.093750 0.004360
4747 124 CH1 0.400000 3.281250 1.306663 FPGA_VCCINT 0.004065 1.093750 0.004360
4787 125 CH1 0.400000 3.281250 1.306663 FPGA_VCCINT 0.004065 1.093750 0.004360
4826 126 CH1 0.400000 3.281250 1.306663 FPGA_VCCINT 0.004065 1.093750 0.004360
4866 127 CH1 0.400000 3.281250 1.306663 FPGA_VCCINT 0.004065 1.093750 0.004360
4906 128 CH1 0.400000 3.281250 1.306663 FPGA_VCCINT 0.004065 1.093750 0.004360
4946 129 CH1 0.400000 3.281250 1.306663 FPGA_VCCINT 0.004065 1.093750 0.004360
4986 130 CH1 0.400000 3.281250 1.306663 FPGA_VCCINT 0.004065 1.093750 0.004360
5026 131 CH1 0.400000 3.281250 1.306663 FPGA_VCCINT 0.004065 1.093750 0.004360
5065 132 CH1 0.400000 3.281250 1.306663 FPGA_VCCINT 0.004065 1.093750 0.004360
5105 133 CH1 0.400000 3.281250 1.306663 FPGA_VCCINT 0.004065 1.093750 0.004360
5145 134 CH1 0.400000 3.281250 1.306663 FPGA_VCCINT 0.004065 1.093750 0.004360
5184 135 CH1 0.400000 3.281250 1.306663 FPGA_VCCINT 0.004065 1.093750 0.004360
5224 136 CH1 0.400000 3.281250 1.306663 FPGA_VCCINT 0.004065 1.093750 0.004360
5264 137 CH1 0.400000 3.281250 1.306663 FPGA_VCCINT 0.004065 1.093750 0.004360
5304 138 CH1 0.400000 3.281250 1.306663 FPGA_VCCINT 0.006775 1.093750 0.007266
5343 139 CH1 0.400000 3.281250 1.306663 FPGA_VCCINT 0.006775 1.093750 0.007266
5384 140 CH1 0.400000 3.281250 1.306663 FPGA_VCCINT 0.005614 1.093750 0.006020
5423 141 CH1 0.400000 3.281250 1.306663 FPGA_VCCINT 0.006001 1.093750 0.006436
5463 142 CH1 0.400000 3.281250 1.306663 FPGA_VCCINT 0.006388 1.093750 0.006851
5503 143 CH1 0.400000 3.281250 1.306663 FPGA_VCCINT 0.006388 1.093750 0.006851
5542 144 CH1 0.400000 3.281250 1.306663 FPGA_VCCINT 0.006194 1.093750 0.006643
5582 145 CH1 0.400000 3.281250 1.306663 FPGA_VCCINT 0.006194 1.093750 0.006643
5622 146 CH1 0.400000 3.281250 1.306663 FPGA_VCCINT 0.006194 1.093750 0.006643
5661 147 CH1 0.400000 3.281250 1.306663 FPGA_VCCINT 0.006194 1.093750 0.006643
5701 148 CH1 0.400000 3.281250 1.306663 FPGA_VCCINT 0.006194 1.093750 0.006643
5741 149 CH1 0.400000 3.281250 1.306663 FPGA_VCCINT 0.006001 1.093750 0.006436
5780 150 CH1 0.400000 3.281250 1.306663 FPGA_VCCINT 0.006194 1.093750 0.006643
5820 151 CH1 0.400000 3.281250 1.306663 FPGA_VCCINT 0.006194 1.250000 0.007592
5860 152 CH1 0.400000 3.281250 1.306663 FPGA_VCCINT 0.006194 1.250000 0.007592
5900 153 CH1 0.400000 3.281250 1.306663 FPGA_VCCINT 0.006194 1.250000 0.007592
5939 154 CH1 0.400000 3.281250 1.306663 FPGA_VCCINT 0.006194 1.250000 0.007592
5979 155 CH1 0.400000 3.281250 1.306663 FPGA_VCCINT 0.006194 1.250000 0.007592
6019 156 CH1 0.400000 3.281250 1.306663 FPGA_VCCINT 0.006194 1.250000 0.007592
6058 157 CH1 0.400000 3.281250 1.306663 FPGA_VCCINT 0.006194 1.250000 0.006643
6098 158 CH1 0.400000 3.281250 1.306663 FPGA_VCCINT 0.006194 1.093750 0.006643
6137 159 CH1 0.400000 3.281250 1.306663 FPGA_VCCINT 0.006194 1.093750 0.005605
6177 160 CH1 0.400000 3.281250 1.306663 FPGA_VCCINT 0.005226 1.093750 0.005605
6217 161 CH1 0.400000 3.281250 1.306663 FPGA_VCCINT 0.005807 1.093750 0.006228
6256 162 CH1 0.400000 3.281250 1.306663 FPGA_VCCINT 0.005807 1.093750 0.006228
6296 163 CH1 0.400000 3.281250 1.306663 FPGA_VCCINT 0.005807 1.093750 0.006228
6336 164 CH1 0.400000 3.281250 1.306663 FPGA_VCCINT 0.005807 1.093750 0.006228
6376 165 CH1 0.400000 3.281250 1.306663 FPGA_VCCINT 0.005807 1.093750 0.006228
6415 166 CH1 0.400000 3.281250 1.306663 FPGA_VCCINT 0.005807 1.093750 0.006228
6455 167 CH1 0.400000 3.281250 1.306663 FPGA_VCCINT 0.005807 1.093750 0.006228
6495 168 CH1 0.400000 3.281250 1.306663 FPGA_VCCINT 0.005807 1.250000 0.007118
6535 169 CH1 0.400000 3.281250 1.306663 FPGA_VCCINT 0.005807 1.250000 0.007118
6574 170 CH1 0.400000 3.281250 1.306663 FPGA_VCCINT 0.005807 1.250000 0.007118
6614 171 CH1 0.400000 3.281250 1.306663 FPGA_VCCINT 0.005807 1.250000 0.007118
6653 172 CH1 0.400000 3.281250 1.306663 FPGA_VCCINT 0.005807 1.250000 0.007118
6693 173 CH1 0.400000 3.281250 1.306663 FPGA_VCCINT 0.005807 1.250000 0.007118
6732 174 CH1 0.400000 3.281250 1.306663 FPGA_VCCINT 0.005807 1.250000 0.007118
6772 175 CH1 0.400000 3.281250 1.306663 FPGA_VCCINT 0.005807 1.093750 0.006228
6812 176 CH1 0.400000 3.281250 1.306663 FPGA_VCCINT 0.005807 1.093750 0.006228
6851 177 CH1 0.400000 3.281250 1.306663 FPGA_VCCINT 0.005807 1.093750 0.006228
6891 178 CH1 0.400000 3.281250 1.306663 FPGA_VCCINT 0.005807 1.093750 0.006228
6931 179 CH1 0.400000 3.281250 1.306663 FPGA_VCCINT 0.005807 1.093750 0.006228
6971 180 CH1 0.400000 3.281250 1.306663 FPGA_VCCINT 0.005807 1.093750 0.006228
7011 181 CH1 0.400000 3.281250 1.306663 FPGA_VCCINT 0.005807 1.093750 0.006228
7050 182 CH1 0.400000 3.281250 1.306663 FPGA_VCCINT 0.005807 1.093750 0.006228
7090 183 CH1 0.400000 3.281250 1.306663 FPGA_VCCINT 0.005807 1.250000 0.007118
7129 184 CH1 0.400000 3.281250 1.306663 FPGA_VCCINT 0.005807 1.250000 0.007118
7169 185 CH1 0.400000 3.281250 1.306663 FPGA_VCCINT 0.005807 1.250000 0.007118
7209 186 CH1 0.400000 3.281250 1.306663 FPGA_VCCINT 0.005807 1.250000 0.007118
7248 187 CH1 0.400000 3.281250 1.306663 FPGA_VCCINT 0.005807 1.250000 0.007118
7288 188 CH1 0.400000 3.281250 1.306663 FPGA_VCCINT 0.005807 1.250000 0.007118
7327 189 CH1 0.400000 3.281250 1.306663 FPGA_VCCINT 0.005807 1.250000 0.007118
7367 190 CH1 0.400000 3.281250 1.306663 FPGA_VCCINT 0.005807 1.250000 0.007118
7406 191 CH1 0.400000 3.281250 1.306663 FPGA_VCCINT 0.005807 1.250000 0.007118
7446 192 CH1 0.400000 3.281250 1.306663 FPGA_VCCINT 0.005807 1.250000 0.007118
7486 193 CH1 0.400000 3.281250 1.306663 FPGA_VCCINT 0.005807 1.250000 0.007118
7525 194 CH1 0.400000 3.281250 1.306663 FPGA_VCCINT 0.005807 1.250000 0.007118
7565 195 CH1 0.400000 3.281250 1.306663 FPGA_VCCINT 0.005807 1.250000 0.007118
7604 196 CH1 0.400000 3.281250 1.306663 FPGA_VCCINT 0.005807 1.250000 0.007118
7644 197 CH1 0.400000 3.281250 1.306663 FPGA_VCCINT 0.005807 1.250000 0.007118
7683 198 CH1 0.400000 3.281250 1.306663 FPGA_VCCINT 0.005807 1.250000 0.007118
7723 199 CH1 0.400000 3.281250 1.306663 FPGA_VCCINT 0.005807 1.250000 0.007118
7762 200 CH1 0.400000 3.281250 1.306663 FPGA_VCCINT 0.005807 1.093750 0.006228
7802 201 CH1 0.400000 3.281250 1.306663 FPGA_VCCINT 0.005807 1.093750 0.006228
7842 202 CH1 0.400000 3.281250 1.306663 FPGA_VCCINT 0.005807 1.093750 0.006228
7881 203 CH1 0.400000 3.281250 1.306663 FPGA_VCCINT 0.005807 1.093750 0.006228
7921 204 CH1 0.400000 3.281250 1.306663 FPGA_VCCINT 0.005807 1.093750 0.006228
7961 205 CH1 0.400000 3.281250 1.306663 FPGA_VCCINT 0.005807 1.093750 0.006228
8001 206 CH1 0.400000 3.281250 1.306663 FPGA_VCCINT 0.005807 1.093750 0.006228
8040 207 CH1 0.400000 3.281250 1.306663 FPGA_VCCINT 0.005807 1.093750 0.006228
8080 208 CH1 0.400000 3.281250 1.306663 FPGA_VCCINT 0.005807 1.093750 0.006228
8120 209 CH1 0.400000 3.281250 1.306663 FPGA_VCCINT 0.005807 1.093750 0.006228
8160 210 CH1 0.400000 3.281250 1.306663 FPGA_VCCINT 0.005807 1.093750 0.006228
8199 211 CH1 0.400000 3.281250 1.306663 FPGA_VCCINT 0.005807 1.093750 0.006228
8239 212 CH1 0.400000 3.281250 1.306663 FPGA_VCCINT 0.005807 1.093750 0.006228
8279 213 CH1 0.400000 3.281250 1.306663 FPGA_VCCINT 0.005807 1.093750 0.006228
8319 214 CH1 0.400000 3.281250 1.306663 FPGA_VCCINT 0.005807 1.093750 0.006228
8358 215 CH1 0.400000 3.281250 1.306663 FPGA_VCCINT 0.005807 1.093750 0.006228
8398 216 CH1 0.400000 3.281250 1.306663 FPGA_VCCINT 0.005807 1.093750 0.006228
8438 217 CH1 0.400000 3.281250 1.306663 FPGA_VCCINT 0.005807 1.093750 0.006228
8478 218 CH1 0.400000 3.281250 1.306663 FPGA_VCCINT 0.005807 1.093750 0.006228
8518 219 CH1 0.400000 3.281250 1.306663 FPGA_VCCINT 0.005807 1.093750 0.006228
8557 220 CH1 0.400000 3.281250 1.306663 FPGA_VCCINT 0.005807 1.093750 0.006228
8597 221 CH1 0.400000 3.281250 1.306663 FPGA_VCCINT 0.005807 1.093750 0.006228
8637 222 CH1 0.400000 3.281250 1.306663 FPGA_VCCINT 0.005807 1.093750 0.006228
8677 223 CH1 0.400000 3.281250 1.306663 FPGA_VCCINT 0.005807 1.093750 0.006228
8716 224 CH1 0.400000 3.281250 1.306663 FPGA_VCCINT 0.005807 1.093750 0.006228
8756 225 CH1 0.400000 3.281250 1.306663 FPGA_VCCINT 0.005807 1.093750 0.006228
8796 226 CH1 0.400000 3.281250 1.306663 FPGA_VCCINT 0.005807 1.093750 0.006228
8835 227 CH1 0.400000 3.281250 1.306663 FPGA_VCCINT 0.005807 1.093750 0.006228
8875 228 CH1 0.400000 3.281250 1.306663 FPGA_VCCINT 0.005807 1.093750 0.006228
8915 229 CH1 0.400000 3.281250 1.306663 FPGA_VCCINT 0.005807 1.093750 0.006228
8954 230 CH1 0.400000 3.281250 1.306663 FPGA_VCCINT 0.005807 1.093750 0.006228
8994 231 CH1 0.400000 3.281250 1.306663 FPGA_VCCINT 0.005807 1.093750 0.006228
9034 232 CH1 0.400000 3.281250 1.306663 FPGA_VCCINT 0.005807 1.093750 0.006228
9073 233 CH1 0.400000 3.281250 1.306663 FPGA_VCCINT 0.005807 1.093750 0.006228
9113 234 CH1 0.400000 3.281250 1.306663 FPGA_VCCINT 0.005807 1.093750 0.006228
9153 235 CH1 0.400000 3.281250 1.306663 FPGA_VCCINT 0.005807 1.093750 0.006228
9193 236 CH1 0.400000 3.281250 1.306663 FPGA_VCCINT 0.005807 1.093750 0.006228
9232 237 CH1 0.400000 3.281250 1.306663 FPGA_VCCINT 0.005807 1.093750 0.006228
9272 238 CH1 0.400000 3.281250 1.306663 FPGA_VCCINT 0.005807 1.093750 0.006228
9312 239 CH1 0.400000 3.281250 1.306663 FPGA_VCCINT 0.005807 1.093750 0.006228
9351 240 CH1 0.400000 3.281250 1.306663 FPGA_VCCINT 0.005807 1.093750 0.006228
9391 241 CH1 0.400000 3.281250 1.306663 FPGA_VCCINT 0.005807 1.093750 0.006228
9431 242 CH1 0.400000 3.281250 1.306663 FPGA_VCCINT 0.005807 1.093750 0.006228
9471 243 CH1 0.400000 3.281250 1.306663 FPGA_VCCINT 0.005807 1.093750 0.006228
9510 244 CH1 0.400000 3.281250 1.306663 FPGA_VCCINT 0.005807 1.093750 0.006228
9550 245 CH1 0.400000 3.281250 1.306663 FPGA_VCCINT 0.005807 1.093750 0.006228
9590 246 CH1 0.400000 3.281250 1.306663 FPGA_VCCINT 0.005807 1.093750 0.006228
9629 247 CH1 0.400000 3.281250 1.306663 FPGA_VCCINT 0.005807 1.093750 0.006228
9669 248 CH1 0.400000 3.281250 1.306663 FPGA_VCCINT 0.005807 1.093750 0.006228
9709 249 CH1 0.400000 3.281250 1.306663 FPGA_VCCINT 0.005807 1.093750 0.006228
9748 250 CH1 0.400000 3.281250 1.306663 FPGA_VCCINT 0.005807 1.093750 0.006228
9788 251 CH1 0.400000 3.281250 1.306663 FPGA_VCCINT 0.005807 1.093750 0.006228
9828 252 CH1 0.400000 3.281250 1.306663 FPGA_VCCINT 0.005807 1.093750 0.006228
9868 253 CH1 0.400000 3.281250 1.306663 FPGA_VCCINT 0.005807 1.093750 0.006228
9908 254 CH1 0.400000 3.281250 1.306663 FPGA_VCCINT 0.005807 1.093750 0.006228
9947 255 CH1 0.400000 3.281250 1.306663 FPGA_VCCINT 0.005807 1.093750 0.006228
9987 256 CH1 0.400000 3.281250 1.306663 FPGA_VCCINT 0.005807 1.093750 0.006228
10027 257 CH1 0.400000 3.281250 1.306663 FPGA_VCCINT 0.005807 1.093750 0.006228
10067 258 CH1 0.400000 3.281250 1.306663 FPGA_VCCINT 0.005807 1.093750 0.006228
10107 259 CH1 0.400000 3.281250 1.306663 FPGA_VCCINT 0.005807 1.093750 0.006228
10146 260 CH1 0.400000 3.281250 1.306663 FPGA_VCCINT 0.005807 1.093750 0.006228
10186 261 CH1 0.400000 3.281250 1.306663 FPGA_VCCINT 0.005807 1.093750 0.006228
10226 262 CH1 0.400000 3.281250 1.306663 FPGA_VCCINT 0.005807 1.093750 0.006228
10266 263 CH1 0.400000 3.281250 1.306663 FPGA_VCCINT 0.005807 1.093750 0.006228
10307 264 CH1 0.400000 3.281250 1.306663 FPGA_VCCINT 0.005807 1.093750 0.006228
10347 265 CH1 0.400000 3.281250 1.306663 FPGA_VCCINT 0.005807 1.093750 0.006228
10387 266 CH1 0.400000 3.281250 1.306663 FPGA_VCCINT 0.005807 1.093750 0.006228
10426 267 CH1 0.400000 3.281250 1.306663 FPGA_VCCINT 0.005807 1.093750 0.006228
10466 268 CH1 0.400000 3.281250 1.306663 FPGA_VCCINT 0.005807 1.093750 0.006228
10506 269 CH1 0.400000 3.281250 1.306663 FPGA_VCCINT 0.005807 1.093750 0.006228
10546 270 CH1 0.400000 3.281250 1.306663 FPGA_VCCINT 0.005807 1.093750 0.006228
10587 271 CH1 0.400000 3.281250 1.306663 FPGA_VCCINT 0.005807 1.093750 0.006228
10627 272 CH1 0.400000 3.281250 1.306663 FPGA_VCCINT 0.005807 1.093750 0.006228
10667 273 CH1 0.400000 3.281250 1.306663 FPGA_VCCINT 0.005807 1.093750 0.006228
10707 274 CH1 0.400000 3.281250 1.306663 FPGA_VCCINT 0.005807 1.093750 0.006228
10747 275 CH1 0.400000 3.281250 1.306663 FPGA_VCCINT 0.005807 1.093750 0.006228
10787 276 CH1 0.400000 3.281250 1.306663 FPGA_VCCINT 0.005807 1.093750 0.006228
10827 277 CH1 0.400000 3.281250 1.306663 FPGA_VCCINT 0.005807 1.093750 0.006228
10866 278 CH1 0.400000 3.281250 1.306663 FPGA_VCCINT 0.005807 1.093750 0.006228
10907 279 CH1 0.400000 3.281250 1.306663 FPGA_VCCINT 0.005807 1.093750 0.006228
10947 280 CH1 0.400000 3.281250 1.306663 FPGA_VCCINT 0.005807 1.093750 0.006228
10987 281 CH1 0.400000 3.281250 1.306663 FPGA_VCCINT 0.005807 1.093750 0.006228
11027 282 CH1 0.400000 3.281250 1.306663 FPGA_VCCINT 0.005807 1.093750 0.006228
11067 283 CH1 0.400000 3.281250 1.306663 FPGA_VCCINT 0.005807 1.093750 0.006228
11107 284 CH1 0.400000 3.281250 1.306663 FPGA_VCCINT 0.005807 1.093750 0.006228
11147 285 CH1 0.400000 3.281250 1.306663 FPGA_VCCINT 0.005807 1.093750 0.006228
11187 286 CH1 0.400000 3.281250 1.306663 FPGA_VCCINT 0.005807 1.093750 0.006228
11227 287 CH1 0.400000 3.281250 1.306663 FPGA_VCCINT 0.005807 1.093750 0.006228
11267 288 CH1 0.400000 3.281250 1.306663 FPGA_VCCINT 0.005807 1.093750 0.006228
11307 289 CH1 0.400000 3.281250 1.306663 FPGA_VCCINT 0.005807 1.093750 0.006228
11347 290 CH1 0.400000 3.281250 1.306663 FPGA_VCCINT 0.005807 1.093750 0.006228
11387 291 CH1 0.400000 3.281250 1.306663 FPGA_VCCINT 0.005807 1.093750 0.006228
11427 292 CH1 0.400000 3.281250 1.306663 FPGA_VCCINT 0.005807 1.093750 0.006228
11466 293 CH1 0.400000 3.281250 1.306663 FPGA_VCCINT 0.005807 1.093750 0.006228
11506 294 CH1 0.400000 3.281250 1.306663 FPGA_VCCINT 0.005807 1.093750 0.006228
11546 295 CH1 0.400000 3.281250 1.306663 FPGA_VCCINT 0.005807 1.093750 0.006228
11587 296 CH1 0.400000 3.281250 1.306663 FPGA_VCCINT 0.005807 1.093750 0.006228
11627 297 CH1 0.400000 3.281250 1.306663 FPGA_VCCINT 0.005807 1.093750 0.006228
11667 298 CH1 0.400000 3.281250 1.306663 FPGA_VCCINT 0.005807 1.093750 0.006228
11707 299 CH1 0.400000 3.281250 1.306663 FPGA_VCCINT 0.005807 1.093750 0.006228
11747 300 CH1 0.400000 3.281250 1.306663 FPGA_VCCINT 0.005807 1.093750 0.006228
11787 301 CH1 0.400000 3.281250 1.306663 FPGA_VCCINT 0.005807 1.093750 0.006228
11827 302 CH1 0.400000 3.281250 1.306663 FPGA_VCCINT 0.005807 1.093750 0.006228
11867 303 CH1 0.400000 3.281250 1.306663 FPGA_VCCINT 0.005807 1.093750 0.006228
11907 304 CH1 0.400000 3.281250 1.306663 FPGA_VCCINT 0.005807 1.093750 0.006228
11947 305 CH1 0.400000 3.281250 1.306663 FPGA_VCCINT 0.005807 1.093750 0.006228
11987 306 CH1 0.400000 3.281250 1.306663 FPGA_VCCINT 0.005807 1.093750 0.006228
12027 307 CH1 0.400000 3.281250 1.306663 FPGA_VCCINT 0.005807 1.093750 0.006228
12067 308 CH1 0.400000 3.281250 1.306663 FPGA_VCCINT 0.005807 1.093750 0.006228
12107 309 CH1 0.400000 3.281250 1.306663 FPGA_VCCINT 0.005807 1.093750 0.006228
12147 310 CH1 0.400000 3.281250 1.306663 FPGA_VCCINT 0.005807 1.093750 0.006228
12187 311 CH1 0.400000 3.281250 1.306663 FPGA_VCCINT 0.005807 1.093750 0.006228
12227 312 CH1 0.400000 3.281250 1.306663 FPGA_VCCINT 0.005807 1.093750 0.006228
12268 313 CH1 0.400000 3.281250 1.306663 FPGA_VCCINT 0.005807 1.093750 0.006228
12308 314 CH1 0.400000 3.281250 1.306663 FPGA_VCCINT 0.005807 1.093750 0.006228
12348 315 CH1 0.400000 3.281250 1.306663 FPGA_VCCINT 0.005807 1.093750 0.006228
12387 316 CH1 0.400000 3.281250 1.306663 FPGA_VCCINT 0.005807 1.093750 0.006228
12427 317 CH1 0.400000 3.281250 1.306663 FPGA_VCCINT 0.005807 1.093750 0.006228
12467 318 CH1 0.400000 3.281250 1.306663 FPGA_VCCINT 0.005807 1.093750 0.006228
12507 319 CH1 0.400000 3.281250 1.306663 FPGA_VCCINT 0.005807 1.093750 0.006228
12547 320 CH1 0.400000 3.281250 1.306663 FPGA_VCCINT 0.005807 1.093750 0.006228
12588 321 CH1 0.400000 3.281250 1.306663 FPGA_VCCINT 0.005807 1.093750 0.006228
12628 322 CH1 0.400000 3.281250 1.306663 FPGA_VCCINT 0.005807 1.093750 0.006228
12668 323 CH1 0.400000 3.281250 1.306663 FPGA_VCCINT 0.005807 1.093750 0.006228
12708 324 CH1 0.400000 3.281250 1.306663 FPGA_VCCINT 0.005807 1.093750 0.006228
12747 325 CH1 0.400000 3.281250 1.306663 FPGA_VCCINT 0.005807 1.093750 0.006228
12787 326 CH1 0.400000 3.281250 1.306663 FPGA_VCCINT 0.005807 1.093750 0.006228
12827 327 CH1 0.400000 3.281250 1.306663 FPGA_VCCINT 0.005807 1.093750 0.006228
12868 328 CH1 0.400000 3.281250 1.306663 FPGA_VCCINT 0.005807 1.093750 0.006228
12908 329 CH1 0.400000 3.281250 1.306663 FPGA_VCCINT 0.005807 1.093750 0.006228
12948 330 CH1 0.400000 3.281250 1.306663 FPGA_VCCINT 0.005807 1.093750 0.006228
12988 331 CH1 0.400000 3.281250 1.306663 FPGA_VCCINT 0.005807 1.093750 0.006228
13028 332 CH1 0.400000 3.281250 1.306663 FPGA_VCCINT 0.005807 1.093750 0.006228
13068 333 CH1 0.400000 3.281250 1.306663 FPGA_VCCINT 0.005807 1.093750 0.006228
13108 334 CH1 0.400000 3.281250 1.306663 FPGA_VCCINT 0.005807 1.093750 0.006228
13148 335 CH1 0.400000 3.281250 1.306663 FPGA_VCCINT 0.005807 1.093750 0.006228
13188 336 CH1 0.400000 3.281250 1.306663 FPGA_VCCINT 0.005807 1.093750 0.006228
13229 337 CH1 0.400000 3.281250 1.306663 FPGA_VCCINT 0.005807 1.093750 0.006228
13269 338 CH1 0.400000 3.281250 1.306663 FPGA_VCCINT 0.005807 1.093750 0.006228
13309 339 CH1 0.400000 3.281250 1.306663 FPGA_VCCINT 0.005807 1.093750 0.006228
13348 340 CH1 0.400000 3.281250 1.306663 FPGA_VCCINT 0.005807 1.093750 0.006228
13388 341 CH1 0.400000 3.281250 1.306663 FPGA_VCCINT 0.005807 1.093750 0.006228
13428 342 CH1 0.400000 3.281250 1.306663 FPGA_VCCINT 0.005807 1.093750 0.006228
13468 343 CH1 0.400000 3.281250 1.306663 FPGA_VCCINT 0.005807 1.093750 0.006228
13508 344 CH1 0.400000 3.281250 1.306663 FPGA_VCCINT 0.005807 1.093750 0.006228
13549 345 CH1 0.400000 3.281250 1.306663 FPGA_VCCINT 0.005807 1.093750 0.006228
13589 346 CH1 0.400000 3.281250 1.306663 FPGA_VCCINT 0.005807 1.093750 0.006228
13629 347 CH1 0.400000 3.281250 1.306663 FPGA_VCCINT 0.005807 1.093750 0.006228
13669 348 CH1 0.400000 3.281250 1.306663 FPGA_VCCINT 0.005807 1.093750 0.006228
13709 349 CH1 0.400000 3.281250 1.306663 FPGA_VCCINT 0.005807 1.093750 0.006228
13748 350 CH1 0.400000 3.281250 1.306663 FPGA_VCCINT 0.005807 1.093750 0.006228
13788 351 CH1 0.400000 3.281250 1.306663 FPGA_VCCINT 0.005807 1.093750 0.006228
13829 352 CH1 0.400000 3.281250 1.306663 FPGA_VCCINT 0.005807 1.093750 0.006228
13869 353 CH1 0.400000 3.281250 1.306663 FPGA_VCCINT 0.005807 1.093750 0.006228
13909 354 CH1 0.400000 3.281250 1.306663 FPGA_VCCINT 0.005807 1.093750 0.006228
13949 355 CH1 0.400000 3.281250 1.306663 FPGA_VCCINT 0.005807 1.093750 0.006228
13989 356 CH1 0.400000 3.281250 1.306663 FPGA_VCCINT 0.005807 1.093750 0.006228
14029 357 CH1 0.400000 3.281250 1.306663 FPGA_VCCINT 0.005807 1.093750 0.006228
14069 358 CH1 0.400000 3.281250 1.306663 FPGA_VCCINT 0.005807 1.250000 0.007118
14109 359 CH1 0.400000 3.281250 1.306663 FPGA_VCCINT 0.005807 1.250000 0.007118
14149 360 CH1 0.400000 3.281250 1.306663 FPGA_VCCINT 0.005807 1.250000 0.007118
14189 361 CH1 0.400000 3.281250 1.306663 FPGA_VCCINT 0.005807 1.250000 0.007118
14229 362 CH1 0.400000 3.281250 1.306663 FPGA_VCCINT 0.005807 1.250000 0.007118
14269 363 CH1 0.400000 3.281250 1.306663 FPGA_VCCINT 0.005807 1.250000 0.007118
14309 364 CH1 0.400000 3.281250 1.306663 FPGA_VCCINT 0.005807 1.250000 0.007118
14348 365 CH1 0.400000 3.281250 1.306663 FPGA_VCCINT 0.005807 1.093750 0.006228
14388 366 CH1 0.400000 3.281250 1.306663 FPGA_VCCINT 0.005807 1.093750 0.006228
14428 367 CH1 0.400000 3.281250 1.306663 FPGA_VCCINT 0.005807 1.093750 0.006228
14468 368 CH1 0.400000 3.281250 1.306663 FPGA_VCCINT 0.005807 1.093750 0.006228
14508 369 CH1 0.400000 3.281250 1.306663 FPGA_VCCINT 0.005807 1.093750 0.006228
14549 370 CH1 0.400000 3.281250 1.306663 FPGA_VCCINT 0.005807 1.093750 0.006228
14589 371 CH1 0.400000 3.281250 1.306663 FPGA_VCCINT 0.005807 1.093750 0.006228
14629 372 CH1 0.400000 3.281250 1.306663 FPGA_VCCINT 0.005807 1.250000 0.007118
14668 373 CH1 0.400000 3.281250 1.306663 FPGA_VCCINT 0.005807 1.250000 0.007118
14708 374 CH1 0.400000 3.281250 1.306663 FPGA_VCCINT 0.005807 1.250000 0.007118
14748 375 CH1 0.400000 3.281250 1.306663 FPGA_VCCINT 0.005807 1.250000 0.007118
14788 376 CH1 0.400000 3.281250 1.306663 FPGA_VCCINT 0.005807 1.250000 0.007118
14828 377 CH1 0.400000 3.281250 1.306663 FPGA_VCCINT 0.005807 1.250000 0.007118
14868 378 CH1 0.400000 3.281250 1.306663 FPGA_VCCINT 0.005807 1.250000 0.007118
14908 379 CH1 0.400000 3.281250 1.306663 FPGA_VCCINT 0.005807 1.250000 0.007118
14948 380 CH1 0.400000 3.281250 1.306663 FPGA_VCCINT 0.005807 1.250000 0.007118
14988 381 CH1 0.400000 3.281250 1.306663 FPGA_VCCINT 0.005807 1.250000 0.007118
15027 382 CH1 0.400000 3.281250 1.306663 FPGA_VCCINT 0.005807 1.250000 0.007118
15067 383 CH1 0.400000 3.281250 1.306663 FPGA_VCCINT 0.005807 1.250000 0.007118
15107 384 CH1 0.400000 3.281250 1.306663 FPGA_VCCINT 0.005807 1.250000 0.007118
15147 385 CH1 0.400000 3.281250 1.306663 FPGA_VCCINT 0.005807 1.250000 0.007118
15186 386 CH1 0.400000 3.281250 1.306663 FPGA_VCCINT 0.005807 1.250000 0.007118
15226 387 CH1 0.400000 3.281250 1.306663 FPGA_VCCINT 0.005807 1.093750 0.006228
15266 388 CH1 0.400000 3.281250 1.306663 FPGA_VCCINT 0.005807 1.093750 0.006228
15307 389 CH1 0.400000 3.281250 1.306663 FPGA_VCCINT 0.006001 1.093750 0.006436
15346 390 CH1 0.400000 3.281250 1.306663 FPGA_VCCINT 0.005807 1.093750 0.006228
15386 391 CH1 0.400000 3.281250 1.306663 FPGA_VCCINT 0.005807 1.093750 0.006228
15426 392 CH1 0.400000 3.281250 1.306663 FPGA_VCCINT 0.005807 1.093750 0.006228
15466 393 CH1 0.400000 3.281250 1.306663 FPGA_VCCINT 0.005807 1.093750 0.006228
15506 394 CH1 0.400000 3.281250 1.306663 FPGA_VCCINT 0.006001 1.093750 0.006436
15546 395 CH1 0.400000 3.281250 1.306663 FPGA_VCCINT 0.005807 1.250000 0.007118
15586 396 CH1 0.400000 3.281250 1.306663 FPGA_VCCINT 0.005807 1.250000 0.007118
15626 397 CH1 0.400000 3.281250 1.306663 FPGA_VCCINT 0.005807 1.250000 0.007118
15666 398 