CH1 0.400000 3.211 1 CH1 0.400000 3.281250 1.306663 FPGA_VCCINT 0.006001 1.093750 0.006436
50 2 CH1 0.400000 3.281250 1.306663 FPGA_VCCINT 0.006001 1.093750 0.006436
88 3 CH1 0.400000 3.281250 1.306663 FPGA_VCCINT 0.006001 1.093750 0.006436
127 4 CH1 0.400000 3.281250 1.306663 FPGA_VCCINT 0.006001 1.093750 0.006436
166 5 CH1 0.400000 3.281250 1.306663 FPGA_VCCINT 0.006001 1.093750 0.006436
205 6 CH1 0.400000 3.281250 1.306663 FPGA_VCCINT 0.006001 1.093750 0.006436
244 7 CH1 0.400000 3.281250 1.306663 FPGA_VCCINT 0.006001 1.093750 0.006436
282 8 CH1 0.400000 3.281250 1.306663 FPGA_VCCINT 0.006001 1.093750 0.006436
321 9 CH1 0.400000 3.281250 1.306663 FPGA_VCCINT 0.006001 1.093750 0.006436
360 10 CH1 0.400000 3.281250 1.306663 FPGA_VCCINT 0.006001 1.093750 0.006436
399 11 CH1 0.400000 3.281250 1.306663 FPGA_VCCINT 0.006001 1.093750 0.006436
438 12 CH1 0.400000 3.281250 1.306663 FPGA_VCCINT 0.006001 1.093750 0.006436
477 13 CH1 0.400000 3.281250 1.306663 FPGA_VCCINT 0.006001 1.093750 0.006436
516 14 CH1 0.400000 3.281250 1.306663 FPGA_VCCINT 0.006001 1.093750 0.006436
555 15 CH1 0.400000 3.281250 1.306663 FPGA_VCCINT 0.006001 1.093750 0.006436
594 16 CH1 0.400000 3.281250 1.306663 FPGA_VCCINT 0.006001 1.093750 0.006436
633 17 CH1 0.400000 3.281250 1.306663 FPGA_VCCINT 0.006001 1.093750 0.006436
673 18 CH1 0.400000 3.281250 1.306663 FPGA_VCCINT 0.006001 1.093750 0.006436
712 19 CH1 0.400000 3.281250 1.306663 FPGA_VCCINT 0.006001 1.093750 0.006436
751 20 CH1 0.400000 3.281250 1.306663 FPGA_VCCINT 0.006001 1.093750 0.006436
790 21 CH1 0.400000 3.281250 1.306663 FPGA_VCCINT 0.006001 1.093750 0.006436
829 22 CH1 0.400000 3.281250 1.306663 FPGA_VCCINT 0.006001 1.093750 0.006436
868 23 CH1 0.400000 3.281250 1.306663 FPGA_VCCINT 0.006001 1.093750 0.006436
907 24 CH1 0.400000 3.281250 1.306663 FPGA_VCCINT 0.006001 1.093750 0.006436
946 25 CH1 0.400000 3.281250 1.306663 FPGA_VCCINT 0.006001 1.093750 0.006436
985 26 CH1 0.400000 3.281250 1.306663 FPGA_VCCINT 0.006001 1.093750 0.006436
1024 27 CH1 0.400000 3.281250 1.306663 FPGA_VCCINT 0.006001 1.093750 0.006436
1064 28 CH1 0.400000 3.281250 1.306663 FPGA_VCCINT 0.006001 1.093750 0.006436
1103 29 CH1 0.400000 3.281250 1.306663 FPGA_VCCINT 0.006001 1.093750 0.006436
1142 30 CH1 0.400000 3.281250 1.306663 FPGA_VCCINT 0.006001 1.093750 0.006436
1182 31 CH1 0.400000 3.281250 1.306663 FPGA_VCCINT 0.006001 1.093750 0.006436
1221 32 CH1 0.400000 3.281250 1.306663 FPGA_VCCINT 0.006001 1.093750 0.006436
1260 33 CH1 0.400000 3.281250 1.306663 FPGA_VCCINT 0.006001 1.093750 0.006436
1300 34 CH1 0.400000 3.281250 1.306663 FPGA_VCCINT 0.006001 1.093750 0.006436
1339 35 CH1 0.400000 3.281250 1.306663 FPGA_VCCINT 0.006001 1.093750 0.006436
1378 36 CH1 0.400000 3.281250 1.306663 FPGA_VCCINT 0.006001 1.093750 0.006436
1418 37 CH1 0.400000 3.281250 1.306663 FPGA_VCCINT 0.006001 1.093750 0.006436
1457 38 CH1 0.400000 3.281250 1.306663 FPGA_VCCINT 0.006001 1.093750 0.006436
1496 39 CH1 0.400000 3.281250 1.306663 FPGA_VCCINT 0.006001 1.093750 0.006436
1536 40 CH1 0.400000 3.281250 1.306663 FPGA_VCCINT 0.006001 1.093750 0.006436
1575 41 CH1 0.400000 3.281250 1.306663 FPGA_VCCINT 0.006001 1.093750 0.006436
1615 42 CH1 0.400000 3.281250 1.306663 FPGA_VCCINT 0.006001 1.093750 0.006436
1655 43 CH1 0.400000 3.281250 1.306663 FPGA_VCCINT 0.006001 1.093750 0.006436
1694 44 CH1 0.400000 3.281250 1.306663 FPGA_VCCINT 0.006001 1.250000 0.007355
1733 45 CH1 0.400000 3.281250 1.306663 FPGA_VCCINT 0.006001 1.250000 0.007355
1773 46 CH1 0.400000 3.281250 1.306663 FPGA_VCCINT 0.006001 1.250000 0.007355
1812 47 CH1 0.400000 3.281250 1.306663 FPGA_VCCINT 0.006001 1.250000 0.007355
1851 48 CH1 0.400000 3.281250 1.306663 FPGA_VCCINT 0.006001 1.250000 0.007355
1890 49 CH1 0.400000 3.281250 1.306663 FPGA_VCCINT 0.006001 1.250000 0.007355
1930 50 CH1 0.400000 3.281250 1.306663 FPGA_VCCINT 0.006001 1.250000 0.007355
1969 51 CH1 0.400000 3.281250 1.306663 FPGA_VCCINT 0.006001 1.093750 0.006436
2008 52 CH1 0.400000 3.281250 1.306663 FPGA_VCCINT 0.006001 1.093750 0.006436
2048 53 CH1 0.400000 3.281250 1.306663 FPGA_VCCINT 0.006001 1.093750 0.006436
2087 54 CH1 0.400000 3.281250 1.306663 FPGA_VCCINT 0.006001 1.093750 0.006436
2126 55 CH1 0.400000 3.281250 1.306663 FPGA_VCCINT 0.006001 1.093750 0.006436
2166 56 CH1 0.400000 3.281250 1.306663 FPGA_VCCINT 0.005807 1.093750 0.006228
2205 57 CH1 0.400000 3.281250 1.306663 FPGA_VCCINT 0.005807 1.093750 0.006228
2244 58 CH1 0.400000 3.281250 1.306663 FPGA_VCCINT 0.006001 1.093750 0.006436
2284 59 CH1 0.400000 3.281250 1.306663 FPGA_VCCINT 0.006001 1.250000 0.007355
2323 60 CH1 0.400000 3.281250 1.306663 FPGA_VCCINT 0.005807 1.250000 0.007118
2362 61 CH1 0.400000 3.281250 1.306663 FPGA_VCCINT 0.006001 1.250000 0.007355
2401 62 CH1 0.400000 3.281250 1.306663 FPGA_VCCINT 0.006001 1.250000 0.007355
2441 63 CH1 0.400000 3.281250 1.306663 FPGA_VCCINT 0.006001 1.250000 0.007355
2480 64 CH1 0.400000 3.281250 1.306663 FPGA_VCCINT 0.006001 1.250000 0.007355
2519 65 CH1 0.400000 3.281250 1.306663 FPGA_VCCINT 0.006001 1.250000 0.007355
2558 66 CH1 0.400000 3.281250 1.306663 FPGA_VCCINT 0.006001 1.093750 0.006436
2598 67 CH1 0.400000 3.281250 1.306663 FPGA_VCCINT 0.006001 1.093750 0.006436
2637 68 CH1 0.400000 3.281250 1.306663 FPGA_VCCINT 0.006001 1.093750 0.006436
2676 69 CH1 0.400000 3.281250 1.306663 FPGA_VCCINT 0.005807 1.093750 0.006228
2716 70 CH1 0.400000 3.281250 1.306663 FPGA_VCCINT 0.005807 1.093750 0.006228
2756 71 CH1 0.400000 3.281250 1.306663 FPGA_VCCINT 0.005807 1.093750 0.006228
2796 72 CH1 0.400000 3.281250 1.306663 FPGA_VCCINT 0.006001 1.093750 0.006436
2835 73 CH1 0.400000 3.281250 1.306663 FPGA_VCCINT 0.005807 1.093750 0.007118
2874 74 CH1 0.400000 3.281250 1.306663 FPGA_VCCINT 0.005807 1.250000 0.007118
2913 75 CH1 0.400000 3.281250 1.306663 FPGA_VCCINT 0.005807 1.250000 0.007118
2953 76 CH1 0.400000 3.281250 1.306663 FPGA_VCCINT 0.005807 1.250000 0.007118
2992 77 CH1 0.400000 3.281250 1.306663 FPGA_VCCINT 0.006001 1.250000 0.007355
3031 78 CH1 0.400000 3.281250 1.306663 FPGA_VCCINT 0.005807 1.250000 0.007118
3071 79 CH1 0.400000 3.281250 1.306663 FPGA_VCCINT 0.005807 1.250000 0.007118
3110 80 CH1 0.400000 3.281250 1.306663 FPGA_VCCINT 0.005807 1.250000 0.007118
3149 81 CH1 0.400000 3.281250 1.306663 FPGA_VCCINT 0.006001 1.250000 0.007355
3188 82 CH1 0.400000 3.281250 1.306663 FPGA_VCCINT 0.006001 1.250000 0.007355
3227 83 CH1 0.400000 3.281250 1.306663 FPGA_VCCINT 0.006001 1.250000 0.007118
3267 84 CH1 0.400000 3.281250 1.306663 FPGA_VCCINT 0.005807 1.250000 0.007118
3306 85 CH1 0.400000 3.281250 1.306663 FPGA_VCCINT 0.005807 1.250000 0.007118
3345 86 CH1 0.400000 3.281250 1.306663 FPGA_VCCINT 0.006001 1.250000 0.007355
3385 87 CH1 0.400000 3.281250 1.306663 FPGA_VCCINT 0.006001 1.250000 0.007118
3424 88 CH1 0.400000 3.281250 1.306663 FPGA_VCCINT 0.005807 1.250000 0.007118
3463 89 CH1 0.400000 3.281250 1.306663 FPGA_VCCINT 0.005807 1.250000 0.007118
3502 90 CH1 0.400000 3.281250 1.306663 FPGA_VCCINT 0.005807 1.250000 0.007118
3542 91 CH1 0.400000 3.281250 1.306663 FPGA_VCCINT 0.005807 1.250000 0.007355
3581 92 CH1 0.400000 3.281250 1.306663 FPGA_VCCINT 0.006001 1.250000 0.007355
3620 93 CH1 0.400000 3.281250 1.306663 FPGA_VCCINT 0.006001 1.250000 0.007355
3659 94 CH1 0.400000 3.281250 1.306663 FPGA_VCCINT 0.005807 1.250000 0.007118
3699 95 CH1 0.400000 3.281250 1.306663 FPGA_VCCINT 0.005807 1.250000 0.007118
3738 96 CH1 0.400000 3.281250 1.306663 FPGA_VCCINT 0.005807 1.250000 0.007118
3777 97 CH1 0.400000 3.281250 1.306663 FPGA_VCCINT 0.005807 1.250000 0.007118
3817 98 CH1 0.400000 3.281250 1.306663 FPGA_VCCINT 0.005807 1.250000 0.007118
3856 99 CH1 0.400000 3.281250 1.306663 FPGA_VCCINT 0.005807 1.093750 0.006228
3896 100 CH1 0.400000 3.281250 1.306663 FPGA_VCCINT 0.005807 1.093750 0.006228
3935 101 CH1 0.400000 3.281250 1.306663 FPGA_VCCINT 0.005807 1.093750 0.006228
3975 102 CH1 0.400000 3.281250 1.306663 FPGA_VCCINT 0.005807 1.093750 0.006228
4015 103 CH1 0.400000 3.281250 1.306663 FPGA_VCCINT 0.005807 1.093750 0.006228
4054 104 CH1 0.400000 3.281250 1.306663 FPGA_VCCINT 0.005807 1.250000 0.007118
4094 105 CH1 0.400000 3.281250 1.306663 FPGA_VCCINT 0.006001 1.250000 0.007355
4133 106 CH1 0.400000 3.281250 1.306663 FPGA_VCCINT 0.005807 1.250000 0.007118
4173 107 CH1 0.400000 3.281250 1.306663 FPGA_VCCINT 0.005807 1.250000 0.007118
4212 108 CH1 0.400000 3.281250 1.306663 FPGA_VCCINT 0.005807 1.250000 0.007118
4252 109 CH1 0.400000 3.281250 1.306663 FPGA_VCCINT 0.006001 1.250000 0.007355
4291 110 CH1 0.400000 3.281250 1.306663 FPGA_VCCINT 0.005807 1.250000 0.007118
4331 111 CH1 0.400000 3.281250 1.306663 FPGA_VCCINT 0.006001 1.250000 0.007355
4370 112 CH1 0.400000 3.281250 1.306663 FPGA_VCCINT 0.006001 1.250000 0.007355
4410 113 CH1 0.400000 3.281250 1.306663 FPGA_VCCINT 0.005807 1.093750 0.006228
4449 114 CH1 0.400000 3.281250 1.306663 FPGA_VCCINT 0.005807 1.093750 0.006228
4489 115 CH1 0.400000 3.281250 1.306663 FPGA_VCCINT 0.005807 1.093750 0.006228
4529 116 CH1 0.400000 3.281250 1.306663 FPGA_VCCINT 0.005807 1.093750 0.006228
4569 117 CH1 0.400000 3.281250 1.306663 FPGA_VCCINT 0.006001 1.093750 0.006436
4609 118 CH1 0.400000 3.281250 1.306663 FPGA_VCCINT 0.005807 1.093750 0.006228
4648 119 CH1 0.400000 3.281250 1.306663 FPGA_VCCINT 0.006001 1.093750 0.006436
4688 120 CH1 0.400000 3.281250 1.306663 FPGA_VCCINT 0.006001 1.093750 0.006436
4728 121 CH1 0.400000 3.281250 1.306663 FPGA_VCCINT 0.006001 1.250000 0.007355
4767 122 CH1 0.400000 3.281250 1.306663 FPGA_VCCINT 0.005807 1.250000 0.007118
4806 123 CH1 0.400000 3.281250 1.306663 FPGA_VCCINT 0.006001 1.250000 0.007355
4846 124 CH1 0.400000 3.281250 1.306663 FPGA_VCCINT 0.006001 1.250000 0.007355
4885 125 CH1 0.400000 3.281250 1.306663 FPGA_VCCINT 0.005807 1.250000 0.007118
4925 126 CH1 0.400000 3.281250 1.306663 FPGA_VCCINT 0.005807 1.250000 0.007118
4964 127 CH1 0.400000 3.281250 1.306663 FPGA_VCCINT 0.005807 1.250000 0.007118
5004 128 CH1 0.400000 3.281250 1.306663 FPGA_VCCINT 0.005807 1.250000 0.007118
5043 129 CH1 0.400000 3.281250 1.306663 FPGA_VCCINT 0.006001 1.093750 0.006436
5083 130 CH1 0.400000 3.281250 1.306663 FPGA_VCCINT 0.005807 1.093750 0.006228
5123 131 CH1 0.400000 3.281250 1.306663 FPGA_VCCINT 0.005807 1.093750 0.006228
5163 132 CH1 0.400000 3.281250 1.306663 FPGA_VCCINT 0.005807 1.093750 0.006228
5202 133 CH1 0.400000 3.281250 1.306663 FPGA_VCCINT 0.005807 1.093750 0.006228
5242 134 CH1 0.400000 3.281250 1.306663 FPGA_VCCINT 0.006001 1.093750 0.006436
5282 135 CH1 0.400000 3.281250 1.306663 FPGA_VCCINT 0.006001 1.093750 0.006436
5321 136 CH1 0.400000 3.281250 1.306663 FPGA_VCCINT 0.006001 1.093750 0.006436
5361 137 CH1 0.400000 3.281250 1.306663 FPGA_VCCINT 0.005807 1.250000 0.007118
5400 138 CH1 0.400000 3.281250 1.306663 FPGA_VCCINT 0.005807 1.250000 0.007118
5440 139 CH1 0.400000 3.281250 1.306663 FPGA_VCCINT 0.005807 1.250000 0.007118
5479 140 CH1 0.400000 3.281250 1.306663 FPGA_VCCINT 0.005807 1.250000 0.007118
5519 141 CH1 0.400000 3.281250 1.306663 FPGA_VCCINT 0.005807 1.250000 0.007118
5559 142 CH1 0.400000 3.281250 1.306663 FPGA_VCCINT 0.005807 1.250000 0.007118
5598 143 CH1 0.400000 3.281250 1.306663 FPGA_VCCINT 0.005807 1.250000 0.007118
5638 144 CH1 0.400000 3.281250 1.306663 FPGA_VCCINT 0.005807 1.250000 0.007355
5677 145 CH1 0.400000 3.281250 1.306663 FPGA_VCCINT 0.006001 1.250000 0.007355
5717 146 CH1 0.400000 3.281250 1.306663 FPGA_VCCINT 0.005807 1.250000 0.007118
5757 147 CH1 0.400000 3.281250 1.306663 FPGA_VCCINT 0.006001 1.250000 0.007355
5796 148 CH1 0.400000 3.281250 1.306663 FPGA_VCCINT 0.006001 1.250000 0.007355
5835 149 CH1 0.400000 3.281250 1.306663 FPGA_VCCINT 0.006001 1.250000 0.007355
5875 150 CH1 0.400000 3.281250 1.306663 FPGA_VCCINT 0.005807 1.250000 0.007118
5915 151 CH1 0.400000 3.281250 1.306663 FPGA_VCCINT 0.006001 1.250000 0.007355
5954 152 CH1 0.400000 3.281250 1.306663 FPGA_VCCINT 0.006001 1.250000 0.007118
5993 153 CH1 0.400000 3.281250 1.306663 FPGA_VCCINT 0.005807 1.250000 0.007118
6033 154 CH1 0.400000 3.281250 1.306663 FPGA_VCCINT 0.006001 1.250000 0.007355
6072 155 CH1 0.400000 3.281250 1.306663 FPGA_VCCINT 0.006001 1.250000 0.007355
6112 156 CH1 0.400000 3.281250 1.306663 FPGA_VCCINT 0.005807 1.250000 0.007118
6151 157 CH1 0.400000 3.281250 1.306663 FPGA_VCCINT 0.005807 1.250000 0.007118
6191 158 CH1 0.400000 3.281250 1.306663 FPGA_VCCINT 0.005807 1.250000 0.007118
6230 159 CH1 0.400000 3.281250 1.306663 FPGA_VCCINT 0.005807 1.250000 0.007118
6270 160 CH1 0.400000 3.281250 1.306663 FPGA_VCCINT 0.006001 1.250000 0.007355
6310 161 CH1 0.400000 3.281250 1.306663 FPGA_VCCINT 0.006001 1.250000 0.007355
6349 162 CH1 0.400000 3.281250 1.306663 FPGA_VCCINT 0.005807 1.250000 0.007118
6389 163 CH1 0.400000 3.281250 1.306663 FPGA_VCCINT 0.005807 1.250000 0.007118
6429 164 CH1 0.400000 3.281250 1.306663 FPGA_VCCINT 0.005807 1.250000 0.007118
6468 165 CH1 0.400000 3.281250 1.306663 FPGA_VCCINT 0.005807 1.250000 0.007118
6508 166 CH1 0.400000 3.281250 1.306663 FPGA_VCCINT 0.005807 1.250000 0.007118
6547 167 CH1 0.400000 3.281250 1.306663 FPGA_VCCINT 0.005807 1.250000 0.007118
6587 168 CH1 0.400000 3.281250 1.306663 FPGA_VCCINT 0.006001 1.250000 0.007355
6626 169 CH1 0.400000 3.281250 1.306663 FPGA_VCCINT 0.006001 1.250000 0.007355
6666 170 CH1 0.400000 3.281250 1.306663 FPGA_VCCINT 0.006001 1.250000 0.007355
6705 171 CH1 0.400000 3.281250 1.306663 FPGA_VCCINT 0.005807 1.250000 0.007118
6745 172 CH1 0.400000 3.281250 1.306663 FPGA_VCCINT 0.005807 1.250000 0.007118
6784 173 CH1 0.400000 3.281250 1.306663 FPGA_VCCINT 0.005807 1.250000 0.007118
6824 174 CH1 0.400000 3.281250 1.306663 FPGA_VCCINT 0.006001 1.250000 0.007355
6863 175 CH1 0.400000 3.281250 1.306663 FPGA_VCCINT 0.005807 1.250000 0.007118
6903 176 CH1 0.400000 3.281250 1.306663 FPGA_VCCINT 0.006001 1.250000 0.007355
6943 177 CH1 0.400000 3.281250 1.306663 FPGA_VCCINT 0.006001 1.250000 0.007355
6982 178 CH1 0.400000 3.281250 1.306663 FPGA_VCCINT 0.005807 1.250000 0.007118
7022 179 CH1 0.400000 3.281250 1.306663 FPGA_VCCINT 0.005807 1.250000 0.007118
7062 180 CH1 0.400000 3.281250 1.306663 FPGA_VCCINT 0.006001 1.093750 0.006436
7101 181 CH1 0.400000 3.281250 1.306663 FPGA_VCCINT 0.006001 1.093750 0.006436
7141 182 CH1 0.400000 3.281250 1.306663 FPGA_VCCINT 0.005807 1.093750 0.006228
7181 183 CH1 0.400000 3.281250 1.306663 FPGA_VCCINT 0.005807 1.093750 0.006228
7220 184 CH1 0.400000 3.281250 1.306663 FPGA_VCCINT 0.005807 1.093750 0.006228
7260 185 CH1 0.400000 3.281250 1.306663 FPGA_VCCINT 0.005807 1.250000 0.007118
7300 186 CH1 0.400000 3.281250 1.306663 FPGA_VCCINT 0.005807 1.250000 0.007118
7339 187 CH1 0.400000 3.281250 1.306663 FPGA_VCCINT 0.006001 1.250000 0.007355
7378 188 CH1 0.400000 3.281250 1.306663 FPGA_VCCINT 0.006001 1.250000 0.007355
7418 189 CH1 0.400000 3.281250 1.306663 FPGA_VCCINT 0.006001 1.250000 0.007355
7457 190 CH1 0.400000 3.281250 1.306663 FPGA_VCCINT 0.005807 1.250000 0.007118
7497 191 CH1 0.400000 3.281250 1.306663 FPGA_VCCINT 0.005807 1.250000 0.007118
7537 192 CH1 0.400000 3.281250 1.306663 FPGA_VCCINT 0.006001 1.250000 0.007355
7576 193 CH1 0.400000 3.281250 1.306663 FPGA_VCCINT 0.006001 1.250000 0.007355
7616 194 CH1 0.400000 3.281250 1.306663 FPGA_VCCINT 0.006001 1.250000 0.007355
7655 195 CH1 0.400000 3.281250 1.306663 FPGA_VCCINT 0.005807 1.250000 0.007118
7695 196 CH1 0.400000 3.281250 1.306663 FPGA_VCCINT 0.006001 1.250000 0.007355
7734 197 CH1 0.400000 3.281250 1.306663 FPGA_VCCINT 0.006001 1.250000 0.007118
7774 198 CH1 0.400000 3.281250 1.306663 FPGA_VCCINT 0.005807 1.250000 0.007118
7813 199 CH1 0.400000 3.281250 1.306663 FPGA_VCCINT 0.005807 1.250000 0.007118
7853 200 CH1 0.400000 3.281250 1.306663 FPGA_VCCINT 0.005807 1.250000 0.007118
7892 201 CH1 0.400000 3.281250 1.306663 FPGA_VCCINT 0.005807 1.250000 0.007118
7932 202 CH1 0.400000 3.281250 1.306663 FPGA_VCCINT 0.005807 1.250000 0.007118
7971 203 CH1 0.400000 3.281250 1.306663 FPGA_VCCINT 0.006001 1.250000 0.007355
8011 204 CH1 0.400000 3.281250 1.306663 FPGA_VCCINT 0.006001 1.250000 0.007355
8050 205 CH1 0.400000 3.281250 1.306663 FPGA_VCCINT 0.006001 1.250000 0.007355
8090 206 CH1 0.400000 3.281250 1.306663 FPGA_VCCINT 0.006001 1.250000 0.007355
8129 207 CH1 0.400000 3.281250 1.306663 FPGA_VCCINT 0.006001 1.250000 0.007355
8169 208 CH1 0.400000 3.281250 1.306663 FPGA_VCCINT 0.005807 1.250000 0.007118
8209 209 CH1 0.400000 3.281250 1.306663 FPGA_VCCINT 0.005807 1.250000 0.007118
8248 210 CH1 0.400000 3.281250 1.306663 FPGA_VCCINT 0.005807 1.093750 0.006228
8288 211 CH1 0.400000 3.281250 1.306663 FPGA_VCCINT 0.005807 1.093750 0.006228
8328 212 CH1 0.400000 3.281250 1.306663 FPGA_VCCINT 0.005807 1.093750 0.006228
8367 213 CH1 0.400000 3.281250 1.306663 FPGA_VCCINT 0.005807 1.093750 0.006228
8407 214 CH1 0.400000 3.281250 1.306663 FPGA_VCCINT 0.005807 1.093750 0.006228
8447 215 CH1 0.400000 3.281250 1.306663 FPGA_VCCINT 0.005807 1.093750 0.006228
8486 216 CH1 0.400000 3.281250 1.306663 FPGA_VCCINT 0.005807 1.093750 0.006228
8526 217 CH1 0.400000 3.281250 1.306663 FPGA_VCCINT 0.006001 1.250000 0.007355
8566 218 CH1 0.400000 3.281250 1.306663 FPGA_VCCINT 0.006001 1.250000 0.007355
8605 219 CH1 0.400000 3.281250 1.306663 FPGA_VCCINT 0.005807 1.250000 0.007118
8645 220 CH1 0.400000 3.281250 1.306663 FPGA_VCCINT 0.005807 1.250000 0.007118
8685 221 CH1 0.400000 3.281250 1.306663 FPGA_VCCINT 0.006001 1.250000 0.007355
8724 222 CH1 0.400000 3.281250 1.306663 FPGA_VCCINT 0.006001 1.250000 0.007355
8764 223 CH1 0.400000 3.281250 1.306663 FPGA_VCCINT 0.005807 1.093750 0.006228
8804 224 CH1 0.400000 3.281250 1.306663 FPGA_VCCINT 0.005807 1.093750 0.006228
8843 225 CH1 0.400000 3.281250 1.306663 FPGA_VCCINT 0.005807 1.093750 0.006228
8883 226 CH1 0.400000 3.281250 1.306663 FPGA_VCCINT 0.005807 1.093750 0.006228
8923 227 CH1 0.400000 3.281250 1.306663 FPGA_VCCINT 0.006001 1.093750 0.006436
8962 228 CH1 0.400000 3.281250 1.306663 FPGA_VCCINT 0.006001 1.093750 0.006436
9002 229 CH1 0.400000 3.281250 1.306663 FPGA_VCCINT 0.005807 1.250000 0.007118
9041 230 CH1 0.400000 3.281250 1.306663 FPGA_VCCINT 0.005807 1.250000 0.007118
9081 231 CH1 0.400000 3.281250 1.306663 FPGA_VCCINT 0.005807 1.250000 0.007118
9121 232 CH1 0.400000 3.281250 1.306663 FPGA_VCCINT 0.005807 1.250000 0.007118
9160 233 CH1 0.400000 3.281250 1.306663 FPGA_VCCINT 0.005807 1.250000 0.007118
9200 234 CH1 0.400000 3.281250 1.306663 FPGA_VCCINT 0.005807 1.250000 0.007118
9239 235 CH1 0.400000 3.281250 1.306663 FPGA_VCCINT 0.005807 1.250000 0.007118
9279 236 CH1 0.400000 3.281250 1.306663 FPGA_VCCINT 0.005807 1.250000 0.007355
9319 237 CH1 0.400000 3.281250 1.306663 FPGA_VCCINT 0.006001 1.250000 0.007355
9358 238 CH1 0.400000 3.281250 1.306663 FPGA_VCCINT 0.006001 1.250000 0.007355
9398 239 CH1 0.400000 3.281250 1.306663 FPGA_VCCINT 0.005807 1.250000 0.007118
9437 240 CH1 0.400000 3.281250 1.306663 FPGA_VCCINT 0.005807 1.250000 0.007118
9477 241 CH1 0.400000 3.281250 1.306663 FPGA_VCCINT 0.005807 1.250000 0.007118
9516 242 CH1 0.400000 3.281250 1.306663 FPGA_VCCINT 0.005807 1.250000 0.007118
9556 243 CH1 0.400000 3.281250 1.306663 FPGA_VCCINT 0.005807 1.250000 0.007118
9595 244 CH1 0.400000 3.281250 1.306663 FPGA_VCCINT 0.005807 1.250000 0.007118
9635 245 CH1 0.400000 3.281250 1.306663 FPGA_VCCINT 0.005807 1.093750 0.006228
9674 246 CH1 0.400000 3.281250 1.306663 FPGA_VCCINT 0.005807 1.093750 0.006228
9714 247 CH1 0.400000 3.281250 1.306663 FPGA_VCCINT 0.005807 1.093750 0.006228
9754 248 CH1 0.400000 3.281250 1.306663 FPGA_VCCINT 0.005807 1.093750 0.006228
9793 249 CH1 0.400000 3.281250 1.306663 FPGA_VCCINT 0.005807 1.093750 0.006228
9834 250 CH1 0.400000 3.281250 1.306663 FPGA_VCCINT 0.005807 1.093750 0.006228
9873 251 CH1 0.400000 3.281250 1.306663 FPGA_VCCINT 0.005807 1.093750 0.006228
9913 252 CH1 0.400000 3.281250 1.306663 FPGA_VCCINT 0.005807 1.093750 0.006228
9953 253 CH1 0.400000 3.281250 1.306663 FPGA_VCCINT 0.005807 1.093750 0.006228
9993 254 CH1 0.400000 3.281250 1.306663 FPGA_VCCINT 0.005807 1.093750 0.006228
10032 255 CH1 0.400000 3.281250 1.306663 FPGA_VCCINT 0.005807 1.093750 0.006228
10072 256 CH1 0.400000 3.281250 1.306663 FPGA_VCCINT 0.005807 1.093750 0.006228
10112 257 CH1 0.400000 3.281250 1.306663 FPGA_VCCINT 0.005807 1.093750 0.006228
10152 258 CH1 0.400000 3.281250 1.306663 FPGA_VCCINT 0.005807 1.093750 0.006228
10192 259 CH1 0.400000 3.281250 1.306663 FPGA_VCCINT 0.005807 1.093750 0.006228
10232 260 CH1 0.400000 3.281250 1.306663 FPGA_VCCINT 0.005807 1.093750 0.006228
10272 261 CH1 0.400000 3.281250 1.306663 FPGA_VCCINT 0.005807 1.093750 0.006228
10312 262 CH1 0.400000 3.281250 1.306663 FPGA_VCCINT 0.005807 1.093750 0.006228
10352 263 CH1 0.400000 3.281250 1.306663 FPGA_VCCINT 0.005807 1.093750 0.006228
10392 264 CH1 0.400000 3.281250 1.306663 FPGA_VCCINT 0.005807 1.093750 0.006228
10432 265 CH1 0.400000 3.281250 1.306663 FPGA_VCCINT 0.005807 1.093750 0.006436
10472 266 CH1 0.400000 3.281250 1.306663 FPGA_VCCINT 0.006001 1.093750 0.006436
10511 267 CH1 0.400000 3.281250 1.306663 FPGA_VCCINT 0.005807 1.093750 0.006228
10552 268 CH1 0.400000 3.281250 1.306663 FPGA_VCCINT 0.006001 1.093750 0.006436
10592 269 CH1 0.400000 3.281250 1.306663 FPGA_VCCINT 0.006001 1.093750 0.006436
10632 270 CH1 0.400000 3.281250 1.306663 FPGA_VCCINT 0.006001 1.093750 0.006436
10672 271 CH1 0.400000 3.281250 1.306663 FPGA_VCCINT 0.005807 1.093750 0.006228
10712 272 CH1 0.400000 3.281250 1.306663 FPGA_VCCINT 0.005807 1.093750 0.006228
10752 273 CH1 0.400000 3.281250 1.306663 FPGA_VCCINT 0.005807 1.093750 0.006228
10792 274 CH1 0.400000 3.281250 1.306663 FPGA_VCCINT 0.005807 1.093750 0.006228
10832 275 CH1 0.400000 3.281250 1.306663 FPGA_VCCINT 0.005807 1.093750 0.006228
10872 276 CH1 0.400000 3.281250 1.306663 FPGA_VCCINT 0.006001 1.093750 0.006436
10913 277 CH1 0.400000 3.281250 1.306663 FPGA_VCCINT 0.005807 1.093750 0.006228
10953 278 CH1 0.400000 3.281250 1.306663 FPGA_VCCINT 0.005807 1.093750 0.006228
10992 279 CH1 0.400000 3.281250 1.306663 FPGA_VCCINT 0.005807 1.093750 0.006228
11032 280 CH1 0.400000 3.281250 1.306663 FPGA_VCCINT 0.005807 1.093750 0.006228
11072 281 CH1 0.400000 3.281250 1.306663 FPGA_VCCINT 0.005807 1.093750 0.006228
11112 282 CH1 0.400000 3.281250 1.306663 FPGA_VCCINT 0.005807 1.093750 0.006228
11152 283 CH1 0.400000 3.281250 1.306663 FPGA_VCCINT 0.005807 1.093750 0.006228
11192 284 CH1 0.400000 3.281250 1.306663 FPGA_VCCINT 0.005807 1.250000 0.007118
11232 285 CH1 0.400000 3.281250 1.306663 FPGA_VCCINT 0.006001 1.250000 0.007355
11272 286 CH1 0.400000 3.281250 1.306663 FPGA_VCCINT 0.005807 1.250000 0.007118
11312 287 CH1 0.400000 3.281250 1.306663 FPGA_VCCINT 0.005807 1.250000 0.007118
11352 288 CH1 0.400000 3.281250 1.306663 FPGA_VCCINT 0.006001 1.250000 0.007355
11391 289 CH1 0.400000 3.281250 1.306663 FPGA_VCCINT 0.005807 1.250000 0.007118
11431 290 CH1 0.400000 3.281250 1.306663 FPGA_VCCINT 0.005807 1.250000 0.007118
11471 291 CH1 0.400000 3.281250 1.306663 FPGA_VCCINT 0.005807 1.250000 0.007118
11511 292 CH1 0.400000 3.281250 1.306663 FPGA_VCCINT 0.005807 1.250000 0.007118
11550 293 CH1 0.400000 3.281250 1.306663 FPGA_VCCINT 0.005807 1.250000 0.007118
11590 294 CH1 0.400000 3.281250 1.306663 FPGA_VCCINT 0.005807 1.250000 0.007118
11630 295 CH1 0.400000 3.281250 1.306663 FPGA_VCCINT 0.005807 1.250000 0.007118
11670 296 CH1 0.400000 3.281250 1.306663 FPGA_VCCINT 0.005807 1.250000 0.007118
11710 297 CH1 0.400000 3.281250 1.306663 FPGA_VCCINT 0.006001 1.250000 0.007355
11750 298 CH1 0.400000 3.281250 1.306663 FPGA_VCCINT 0.005807 1.250000 0.007118
11790 299 CH1 0.400000 3.281250 1.306663 FPGA_VCCINT 0.005807 1.250000 0.007118
11829 300 CH1 0.400000 3.281250 1.306663 FPGA_VCCINT 0.005807 1.250000 0.007118
11869 301 CH1 0.400000 3.281250 1.306663 FPGA_VCCINT 0.005807 1.250000 0.007118
11909 302 CH1 0.400000 3.281250 1.306663 FPGA_VCCINT 0.005807 1.250000 0.007118
11949 303 CH1 0.400000 3.281250 1.306663 FPGA_VCCINT 0.005807 1.250000 0.007118
11988 304 CH1 0.400000 3.281250 1.306663 FPGA_VCCINT 0.005807 1.250000 0.007118
12028 305 CH1 0.400000 3.281250 1.306663 FPGA_VCCINT 0.006001 1.250000 0.007355
12069 306 CH1 0.400000 3.281250 1.306663 FPGA_VCCINT 0.005807 1.250000 0.007118
12108 307 CH1 0.400000 3.281250 1.306663 FPGA_VCCINT 0.005807 1.250000 0.007118
12148 308 CH1 0.400000 3.281250 1.306663 FPGA_VCCINT 0.005807 1.250000 0.007118
12188 309 CH1 0.400000 3.281250 1.306663 FPGA_VCCINT 0.005807 1.250000 0.007118
12228 310 CH1 0.400000 3.281250 1.306663 FPGA_VCCINT 0.005807 1.250000 0.007118
12267 311 CH1 0.400000 3.281250 1.306663 FPGA_VCCINT 0.005807 1.250000 0.007118
12307 312 CH1 0.400000 3.281250 1.306663 FPGA_VCCINT 0.005807 1.250000 0.007118
12347 313 CH1 0.400000 3.281250 1.306663 FPGA_VCCINT 0.006001 1.250000 0.007355
12387 314 CH1 0.400000 3.281250 1.306663 FPGA_VCCINT 0.005807 1.250000 0.007118
12427 315 CH1 0.400000 3.281250 1.306663 FPGA_VCCINT 0.006001 1.250000 0.007355
12467 316 CH1 0.400000 3.281250 1.306663 FPGA_VCCINT 0.006001 1.250000 0.007355
12507 317 CH1 0.400000 3.281250 1.306663 FPGA_VCCINT 0.005807 1.250000 0.007118
12547 318 CH1 0.400000 3.281250 1.306663 FPGA_VCCINT 0.005807 1.250000 0.007118
12586 319 CH1 0.400000 3.281250 1.306663 FPGA_VCCINT 0.005807 1.250000 0.007118
12626 320 CH1 0.400000 3.281250 1.306663 FPGA_VCCINT 0.005807 1.250000 0.007118
12666 321 CH1 0.400000 3.281250 1.306663 FPGA_VCCINT 0.005807 1.250000 0.007118
12706 322 CH1 0.400000 3.281250 1.306663 FPGA_VCCINT 0.006001 1.250000 0.007355
12745 323 CH1 0.400000 3.281250 1.306663 FPGA_VCCINT 0.005807 1.250000 0.007118
12785 324 CH1 0.400000 3.281250 1.306663 FPGA_VCCINT 0.005807 1.250000 0.007118
12825 325 CH1 0.400000 3.281250 1.306663 FPGA_VCCINT 0.005807 1.250000 0.007118
12866 326 CH1 0.400000 3.281250 1.306663 FPGA_VCCINT 0.005807 1.250000 0.007118
12905 327 CH1 0.400000 3.281250 1.306663 FPGA_VCCINT 0.005807 1.250000 0.007118
12945 328 CH1 0.400000 3.281250 1.306663 FPGA_VCCINT 0.005807 1.250000 0.007118
12985 329 CH1 0.400000 3.281250 1.306663 FPGA_VCCINT 0.005807 1.250000 0.007118
13025 330 CH1 0.400000 3.281250 1.306663 FPGA_VCCINT 0.005807 1.250000 0.007118
13064 331 CH1 0.400000 3.281250 1.306663 FPGA_VCCINT 0.005807 1.250000 0.007118
13104 332 CH1 0.400000 3.281250 1.306663 FPGA_VCCINT 0.005807 1.250000 0.007118
13144 333 CH1 0.400000 3.281250 1.306663 FPGA_VCCINT 0.005807 1.250000 0.007118
13184 334 CH1 0.400000 3.281250 1.306663 FPGA_VCCINT 0.006001 1.250000 0.007355
13224 335 CH1 0.400000 3.281250 1.306663 FPGA_VCCINT 0.006001 1.250000 0.007355
13264 336 CH1 0.400000 3.281250 1.306663 FPGA_VCCINT 0.005807 1.250000 0.007118
13304 337 CH1 0.400000 3.281250 1.306663 FPGA_VCCINT 0.005807 1.250000 0.007118
13343 338 CH1 0.400000 3.281250 1.306663 FPGA_VCCINT 0.005807 1.250000 0.007118
13383 339 CH1 0.400000 3.281250 1.306663 FPGA_VCCINT 0.006001 1.250000 0.007355
13423 340 CH1 0.400000 3.281250 1.306663 FPGA_VCCINT 0.005807 1.250000 0.007118
13463 341 CH1 0.400000 3.281250 1.306663 FPGA_VCCINT 0.005807 1.093750 0.006228
13502 342 CH1 0.400000 3.281250 1.306663 FPGA_VCCINT 0.006001 1.093750 0.006436
13542 343 CH1 0.400000 3.281250 1.306663 FPGA_VCCINT 0.005807 1.093750 0.006228
13582 344 CH1 0.400000 3.281250 1.306663 FPGA_VCCINT 0.006001 1.093750 0.006436
13623 345 CH1 0.400000 3.281250 1.306663 FPGA_VCCINT 0.006001 1.093750 0.006436
13662 346 CH1 0.400000 3.281250 1.306663 FPGA_VCCINT 0.005807 1.250000 0.007118
13702 347 CH1 0.400000 3.281250 1.306663 FPGA_VCCINT 0.005807 1.250000 0.007118
13742 348 CH1 0.400000 3.281250 1.306663 FPGA_VCCINT 0.005807 1.250000 0.007118
13782 349 CH1 0.400000 3.281250 1.306663 FPGA_VCCINT 0.005807 1.250000 0.007118
13822 350 CH1 0.400000 3.281250 1.306663 FPGA_VCCINT 0.006001 1.250000 0.007355
13861 351 CH1 0.400000 3.281250 1.306663 FPGA_VCCINT 0.005807 1.250000 0.007118
13901 352 CH1 0.400000 3.281250 1.306663 FPGA_VCCINT 0.006001 1.250000 0.007355
13941 353 CH1 0.400000 3.281250 1.306663 FPGA_VCCINT 0.006001 1.250000 0.007355
13981 354 CH1 0.400000 3.281250 1.306663 FPGA_VCCINT 0.006001 1.250000 0.007355
14020 355 CH1 0.400000 3.281250 1.306663 FPGA_VCCINT 0.006001 1.093750 0.006436
14061 356 CH1 0.400000 3.281250 1.306663 FPGA_VCCINT 0.006001 1.093750 0.006436
14101 357 CH1 0.400000 3.281250 1.306663 FPGA_VCCINT 0.006001 1.093750 0.006436
14141 358 CH1 0.400000 3.281250 1.306663 FPGA_VCCINT 0.006001 1.093750 0.006436
14180 359 CH1 0.400000 3.281250 1.306663 FPGA_VCCINT 0.006001 1.093750 0.006436
14220 360 CH1 0.400000 3.281250 1.306663 FPGA_VCCINT 0.006001 1.093750 0.006436
14260 361 CH1 0.400000 3.281250 1.306663 FPGA_VCCINT 0.006001 1.093750 0.006436
14300 362 CH1 0.400000 3.281250 1.306663 FPGA_VCCINT 0.006001 1.093750 0.006436
14340 363 CH1 0.400000 3.281250 1.306663 FPGA_VCCINT 0.006001 1.250000 0.007355
14380 364 CH1 0.400000 3.281250 1.306663 FPGA_VCCINT 0.005807 1.250000 0.007118
14420 365 CH1 0.400000 3.281250 1.306663 FPGA_VCCINT 0.006001 1.250000 0.007355
14460 366 CH1 0.400000 3.281250 1.306663 FPGA_VCCINT 0.006001 1.250000 0.007355
14500 367 CH1 0.400000 3.281250 1.306663 FPGA_VCCINT 0.006001 1.250000 0.007355
14539 368 CH1 0.400000 3.281250 1.306663 FPGA_VCCINT 0.006001 1.250000 0.007355
14579 369 CH1 0.400000 3.281250 1.306663 FPGA_VCCINT 0.006001 1.250000 0.007355
14618 370 CH1 0.400000 3.281250 1.306663 FPGA_VCCINT 0.006001 1.250000 0.007355
14658 371 CH1 0.400000 3.281250 1.306663 FPGA_VCCINT 0.006001 1.250000 0.007355
14698 372 CH1 0.400000 3.281250 1.306663 FPGA_VCCINT 0.006001 1.250000 0.007355
14738 373 CH1 0.400000 3.281250 1.306663 FPGA_VCCINT 0.006001 1.250000 0.007355
14777 374 CH1 0.400000 3.281250 1.306663 FPGA_VCCINT 0.006001 1.093750 0.006436
14817 375 CH1 0.400000 3.281250 1.306663 FPGA_VCCINT 0.006001 1.093750 0.006436
14858 376 CH1 0.400000 3.281250 1.306663 FPGA_VCCINT 0.006001 1.093750 0.006436
14898 377 CH1 0.400000 3.281250 1.306663 FPGA_VCCINT 0.006001 1.093750 0.006436
14937 378 CH1 0.400000 3.281250 1.306663 FPGA_VCCINT 0.006001 1.093750 0.006436
14977 379 CH1 0.400000 3.281250 1.306663 FPGA_VCCINT 0.006001 1.093750 0.006436
15017 380 CH1 0.400000 3.281250 1.306663 FPGA_VCCINT 0.006001 1.093750 0.006436
15057 381 CH1 0.400000 3.281250 1.306663 FPGA_VCCINT 0.006001 1.093750 0.006436
15097 382 CH1 0.400000 3.281250 1.306663 FPGA_VCCINT 0.006001 1.250000 0.007355
15137 383 CH1 0.400000 3.281250 1.306663 FPGA_VCCINT 0.006001 1.250000 0.007355
15177 384 CH1 0.400000 3.281250 1.306663 FPGA_VCCINT 0.005807 1.250000 0.007118
15217 385 CH1 0.400000 3.281250 1.306663 FPGA_VCCINT 0.006001 1.250000 0.007355
15257 386 CH1 0.400000 3.281250 1.306663 FPGA_VCCINT 0.006001 1.250000 0.007355
15296 387 CH1 0.400000 3.281250 1.306663 FPGA_VCCINT 0.006001 1.250000 0.007355
15336 388 CH1 0.400000 3.281250 1.306663 FPGA_VCCINT 0.006001 1.250000 0.007355
15376 389 CH1 0.400000 3.281250 1.306663 FPGA_VCCINT 0.006001 1.250000 0.007355
15415 390 CH1 0.400000 3.281250 1.306663 FPGA_VCCINT 0.006001 1.093750 0.006436
15455 391 CH1 0.400000 3.281250 1.306663 FPGA_VCCINT 0.006001 1.093750 0.006436
15495 392 CH1 0.400000 3.281250 1.306663 FPGA_VCCINT 0.006001 1.093750 0.006436
15535 393 CH1 0.400000 3.281250 1.306663 FPGA_VCCINT 0.006001 1.093750 0.006436
15575 394 CH1 0.400000 3.281250 1.306663 FPGA_VCCINT 0.006001 1.093750 0.006436
