1 FPGA_VCCAUX_MON 0.009326 3.281250 0.030362 FPGA_VCCINT_MON 0.004646 1.250000 0.005754
2 FPGA_VCCAUX_MON 0.009326 3.281250 0.030362 FPGA_VCCINT_MON 0.004646 1.093750 0.005034
3 FPGA_VCCAUX_MON 0.009326 3.281250 0.030362 FPGA_VCCINT_MON 0.004646 1.093750 0.005034
4 FPGA_VCCAUX_MON 0.009326 3.281250 0.030362 FPGA_VCCINT_MON 0.004646 1.093750 0.005034
5 FPGA_VCCAUX_MON 0.009326 3.281250 0.030362 FPGA_VCCINT_MON 0.004646 1.093750 0.005034
6 FPGA_VCCAUX_MON 0.009326 3.281250 0.030362 FPGA_VCCINT_MON 0.004646 1.093750 0.005034
7 FPGA_VCCAUX_MON 0.009326 3.281250 0.030362 FPGA_VCCINT_MON 0.004646 1.093750 0.005034
8 FPGA_VCCAUX_MON 0.009326 3.281250 0.030362 FPGA_VCCINT_MON 0.004646 1.093750 0.005034
9 FPGA_VCCAUX_MON 0.009326 3.281250 0.030362 FPGA_VCCINT_MON 0.004646 1.093750 0.005034
10 FPGA_VCCAUX_MON 0.009326 3.281250 0.030362 FPGA_VCCINT_MON 0.004646 1.093750 0.005034
11 FPGA_VCCAUX_MON 0.009326 3.281250 0.030362 FPGA_VCCINT_MON 0.004646 1.093750 0.005034
12 FPGA_VCCAUX_MON 0.009326 3.281250 0.030362 FPGA_VCCINT_MON 0.004646 1.093750 0.005034
13 FPGA_VCCAUX_MON 0.009326 3.281250 0.030362 FPGA_VCCINT_MON 0.004646 1.093750 0.005034
14 FPGA_VCCAUX_MON 0.009326 3.281250 0.030362 FPGA_VCCINT_MON 0.004646 1.093750 0.005034
15 FPGA_VCCAUX_MON 0.009326 3.281250 0.030362 FPGA_VCCINT_MON 0.004646 1.093750 0.005034
16 FPGA_VCCAUX_MON 0.009326 3.281250 0.030362 FPGA_VCCINT_MON 0.004646 1.093750 0.005034
17 FPGA_VCCAUX_MON 0.009326 3.281250 0.030362 FPGA_VCCINT_MON 0.004646 1.093750 0.005034
18 FPGA_VCCAUX_MON 0.009326 3.281250 0.030362 FPGA_VCCINT_MON 0.004646 1.093750 0.005034
19 FPGA_VCCAUX_MON 0.009326 3.281250 0.030362 FPGA_VCCINT_MON 0.004646 1.093750 0.005034
20 FPGA_VCCAUX_MON 0.009326 3.281250 0.030362 FPGA_VCCINT_MON 0.004646 1.093750 0.005034
21 FPGA_VCCAUX_MON 0.009326 3.281250 0.030362 FPGA_VCCINT_MON 0.004646 1.250000 0.005754
22 FPGA_VCCAUX_MON 0.009326 3.281250 0.030362 FPGA_VCCINT_MON 0.004646 1.093750 0.005034
23 FPGA_VCCAUX_MON 0.009326 3.281250 0.030362 FPGA_VCCINT_MON 0.004646 1.093750 0.005034
24 FPGA_VCCAUX_MON 0.009326 3.281250 0.030362 FPGA_VCCINT_MON 0.004646 1.093750 0.005034
25 FPGA_VCCAUX_MON 0.009326 3.281250 0.030362 FPGA_VCCINT_MON 0.004646 1.093750 0.005034
26 FPGA_VCCAUX_MON 0.009326 3.281250 0.030362 FPGA_VCCINT_MON 0.004646 1.093750 0.005034
27 FPGA_VCCAUX_MON 0.009326 3.281250 0.030362 FPGA_VCCINT_MON 0.004646 1.093750 0.005034
28 FPGA_VCCAUX_MON 0.009326 3.281250 0.030362 FPGA_VCCINT_MON 0.004646 1.093750 0.005034
29 FPGA_VCCAUX_MON 0.009326 3.281250 0.030362 FPGA_VCCINT_MON 0.004646 1.093750 0.005034
30 FPGA_VCCAUX_MON 0.009326 3.281250 0.030362 FPGA_VCCINT_MON 0.004646 1.093750 0.005034
31 FPGA_VCCAUX_MON 0.009326 3.281250 0.030362 FPGA_VCCINT_MON 0.004646 1.093750 0.005034
32 FPGA_VCCAUX_MON 0.009326 3.281250 0.030362 FPGA_VCCINT_MON 0.004646 1.093750 0.005034
33 FPGA_VCCAUX_MON 0.009326 3.281250 0.030362 FPGA_VCCINT_MON 0.004646 1.250000 0.005754
34 FPGA_VCCAUX_MON 0.009326 3.281250 0.030362 FPGA_VCCINT_MON 0.004646 1.093750 0.005034
35 FPGA_VCCAUX_MON 0.009326 3.281250 0.030362 FPGA_VCCINT_MON 0.004646 1.093750 0.005034
36 FPGA_VCCAUX_MON 0.009326 3.281250 0.030362 FPGA_VCCINT_MON 0.004646 1.093750 0.005034
37 FPGA_VCCAUX_MON 0.009326 3.281250 0.030362 FPGA_VCCINT_MON 0.004646 1.093750 0.005034
38 FPGA_VCCAUX_MON 0.009326 3.281250 0.030362 FPGA_VCCINT_MON 0.004646 1.093750 0.005034
39 FPGA_VCCAUX_MON 0.009326 3.281250 0.030362 FPGA_VCCINT_MON 0.004646 1.093750 0.005034
40 FPGA_VCCAUX_MON 0.009326 3.281250 0.030362 FPGA_VCCINT_MON 0.004646 1.093750 0.005034
41 FPGA_VCCAUX_MON 0.009326 3.281250 0.030362 FPGA_VCCINT_MON 0.004646 1.093750 0.005034
42 FPGA_VCCAUX_MON 0.009326 3.281250 0.030362 FPGA_VCCINT_MON 0.004646 1.093750 0.005034
43 FPGA_VCCAUX_MON 0.009326 3.281250 0.030362 FPGA_VCCINT_MON 0.004646 1.093750 0.005034
44 FPGA_VCCAUX_MON 0.009326 3.281250 0.030362 FPGA_VCCINT_MON 0.004646 1.093750 0.005034
45 FPGA_VCCAUX_MON 0.009326 3.281250 0.030362 FPGA_VCCINT_MON 0.004646 1.093750 0.005034
46 FPGA_VCCAUX_MON 0.009326 3.281250 0.030362 FPGA_VCCINT_MON 0.004646 1.093750 0.005034
47 FPGA_VCCAUX_MON 0.009326 3.281250 0.030362 FPGA_VCCINT_MON 0.004646 1.093750 0.005034
48 FPGA_VCCAUX_MON 0.009326 3.281250 0.030362 FPGA_VCCINT_MON 0.004646 1.093750 0.005034
49 FPGA_VCCAUX_MON 0.009326 3.281250 0.030362 FPGA_VCCINT_MON 0.004646 1.093750 0.005034
50 FPGA_VCCAUX_MON 0.009326 3.281250 0.030362 FPGA_VCCINT_MON 0.004646 1.093750 0.005034
51 FPGA_VCCAUX_MON 0.009326 3.281250 0.030362 FPGA_VCCINT_MON 0.004646 1.093750 0.005034
52 FPGA_VCCAUX_MON 0.009326 3.281250 0.030362 FPGA_VCCINT_MON 0.004646 1.093750 0.005034
53 FPGA_VCCAUX_MON 0.009326 3.281250 0.030362 FPGA_VCCINT_MON 0.004646 1.093750 0.005034
54 FPGA_VCCAUX_MON 0.009326 3.281250 0.030362 FPGA_VCCINT_MON 0.004646 1.093750 0.005034
55 FPGA_VCCAUX_MON 0.009326 3.281250 0.030362 FPGA_VCCINT_MON 0.004646 1.093750 0.005034
56 FPGA_VCCAUX_MON 0.009326 3.281250 0.030362 FPGA_VCCINT_MON 0.004646 1.093750 0.005034
57 FPGA_VCCAUX_MON 0.009326 3.281250 0.030362 FPGA_VCCINT_MON 0.004646 1.093750 0.005034
58 FPGA_VCCAUX_MON 0.009326 3.281250 0.030362 FPGA_VCCINT_MON 0.004646 1.093750 0.005034
59 FPGA_VCCAUX_MON 0.009326 3.281250 0.030362 FPGA_VCCINT_MON 0.004646 1.093750 0.005034
60 FPGA_VCCAUX_MON 0.009326 3.281250 0.030362 FPGA_VCCINT_MON 0.004646 1.093750 0.005034
61 FPGA_VCCAUX_MON 0.009326 3.281250 0.030362 FPGA_VCCINT_MON 0.004646 1.093750 0.005034
62 FPGA_VCCAUX_MON 0.009326 3.281250 0.030362 FPGA_VCCINT_MON 0.004646 1.093750 0.005034
63 FPGA_VCCAUX_MON 0.009326 3.281250 0.030362 FPGA_VCCINT_MON 0.004646 1.093750 0.005034
64 FPGA_VCCAUX_MON 0.009326 3.281250 0.030362 FPGA_VCCINT_MON 0.004646 1.250000 0.005754
65 FPGA_VCCAUX_MON 0.009326 3.281250 0.030362 FPGA_VCCINT_MON 0.004646 1.093750 0.005034
66 FPGA_VCCAUX_MON 0.009326 3.281250 0.030362 FPGA_VCCINT_MON 0.004646 1.093750 0.005034
67 FPGA_VCCAUX_MON 0.009326 3.281250 0.030362 FPGA_VCCINT_MON 0.004646 1.093750 0.005034
68 FPGA_VCCAUX_MON 0.009326 3.281250 0.030362 FPGA_VCCINT_MON 0.004646 1.093750 0.005034
69 FPGA_VCCAUX_MON 0.009326 3.281250 0.030362 FPGA_VCCINT_MON 0.004646 1.093750 0.005034
70 FPGA_VCCAUX_MON 0.009326 3.281250 0.030362 FPGA_VCCINT_MON 0.004646 1.093750 0.005034
71 FPGA_VCCAUX_MON 0.009326 3.281250 0.030362 FPGA_VCCINT_MON 0.004646 1.093750 0.005034
72 FPGA_VCCAUX_MON 0.009326 3.281250 0.030362 FPGA_VCCINT_MON 0.004646 1.093750 0.005034
73 FPGA_VCCAUX_MON 0.010760 3.281250 0.035033 FPGA_VCCINT_MON 0.004646 1.250000 0.005754
74 FPGA_VCCAUX_MON 0.012195 3.281250 0.039837 FPGA_VCCINT_MON 0.005807 1.250000 0.007177
75 FPGA_VCCAUX_MON 0.012195 3.281250 0.039837 FPGA_VCCINT_MON 0.005807 1.250000 0.007177
76 FPGA_VCCAUX_MON 0.012195 3.281250 0.039837 FPGA_VCCINT_MON 0.005807 1.093750 0.006280
77 FPGA_VCCAUX_MON 0.012195 3.281250 0.039837 FPGA_VCCINT_MON 0.006001 1.093750 0.006488
78 FPGA_VCCAUX_MON 0.012195 3.281250 0.039837 FPGA_VCCINT_MON 0.005807 1.093750 0.006280
79 FPGA_VCCAUX_MON 0.012195 3.281250 0.039837 FPGA_VCCINT_MON 0.005807 1.093750 0.006280
80 FPGA_VCCAUX_MON 0.012195 3.281250 0.039837 FPGA_VCCINT_MON 0.005807 1.093750 0.006280
81 FPGA_VCCAUX_MON 0.012195 3.281250 0.039837 FPGA_VCCINT_MON 0.005807 1.093750 0.006280
82 FPGA_VCCAUX_MON 0.012195 3.281250 0.039837 FPGA_VCCINT_MON 0.005807 1.093750 0.006280
83 FPGA_VCCAUX_MON 0.012195 3.281250 0.039837 FPGA_VCCINT_MON 0.005807 1.093750 0.006280
84 FPGA_VCCAUX_MON 0.012195 3.281250 0.039837 FPGA_VCCINT_MON 0.005807 1.093750 0.006280
85 FPGA_VCCAUX_MON 0.012195 3.281250 0.039837 FPGA_VCCINT_MON 0.005807 1.093750 0.006280
86 FPGA_VCCAUX_MON 0.012195 3.281250 0.039837 FPGA_VCCINT_MON 0.006001 1.093750 0.006488
87 FPGA_VCCAUX_MON 0.012195 3.281250 0.039837 FPGA_VCCINT_MON 0.005807 1.093750 0.006280
88 FPGA_VCCAUX_MON 0.012195 3.281250 0.039837 FPGA_VCCINT_MON 0.005807 1.093750 0.006280
89 FPGA_VCCAUX_MON 0.012195 3.281250 0.039837 FPGA_VCCINT_MON 0.006001 1.093750 0.006488
90 FPGA_VCCAUX_MON 0.012195 3.281250 0.039837 FPGA_VCCINT_MON 0.005807 1.093750 0.006280
91 FPGA_VCCAUX_MON 0.012195 3.281250 0.039837 FPGA_VCCINT_MON 0.005807 1.093750 0.006280
92 FPGA_VCCAUX_MON 0.012195 3.281250 0.039837 FPGA_VCCINT_MON 0.005807 1.093750 0.006280
93 FPGA_VCCAUX_MON 0.012195 3.281250 0.039837 FPGA_VCCINT_MON 0.006001 1.093750 0.006488
94 FPGA_VCCAUX_MON 0.012195 3.281250 0.039837 FPGA_VCCINT_MON 0.005807 1.093750 0.006280
95 FPGA_VCCAUX_MON 0.012195 3.281250 0.039837 FPGA_VCCINT_MON 0.005807 1.093750 0.006280
96 FPGA_VCCAUX_MON 0.012195 3.281250 0.039837 FPGA_VCCINT_MON 0.005807 1.093750 0.006280
97 FPGA_VCCAUX_MON 0.012195 3.281250 0.039837 FPGA_VCCINT_MON 0.005807 1.250000 0.007177
98 FPGA_VCCAUX_MON 0.012195 3.281250 0.039837 FPGA_VCCINT_MON 0.006001 1.093750 0.006488
99 FPGA_VCCAUX_MON 0.012195 3.281250 0.039837 FPGA_VCCINT_MON 0.005807 1.093750 0.006280
100 FPGA_VCCAUX_MON 0.012195 3.281250 0.039837 FPGA_VCCINT_MON 0.005807 1.093750 0.006280
101 FPGA_VCCAUX_MON 0.012195 3.281250 0.039837 FPGA_VCCINT_MON 0.005807 1.093750 0.006280
102 FPGA_VCCAUX_MON 0.012195 3.281250 0.039837 FPGA_VCCINT_MON 0.005807 1.093750 0.006280
103 FPGA_VCCAUX_MON 0.012195 3.281250 0.039837 FPGA_VCCINT_MON 0.005807 1.093750 0.006280
104 FPGA_VCCAUX_MON 0.012195 3.281250 0.039837 FPGA_VCCINT_MON 0.006001 1.093750 0.006488
105 FPGA_VCCAUX_MON 0.012195 3.281250 0.039837 FPGA_VCCINT_MON 0.005807 1.093750 0.006280
106 FPGA_VCCAUX_MON 0.012195 3.281250 0.039837 FPGA_VCCINT_MON 0.005807 1.093750 0.006280
107 FPGA_VCCAUX_MON 0.012195 3.281250 0.039837 FPGA_VCCINT_MON 0.005807 1.093750 0.006280
108 FPGA_VCCAUX_MON 0.012195 3.281250 0.039837 FPGA_VCCINT_MON 0.006001 1.093750 0.006488
109 FPGA_VCCAUX_MON 0.012195 3.281250 0.039837 FPGA_VCCINT_MON 0.005807 1.093750 0.006280
110 FPGA_VCCAUX_MON 0.012195 3.281250 0.039837 FPGA_VCCINT_MON 0.005807 1.093750 0.006280
111 FPGA_VCCAUX_MON 0.012195 3.281250 0.039837 FPGA_VCCINT_MON 0.005807 1.093750 0.006280
112 FPGA_VCCAUX_MON 0.012195 3.281250 0.039837 FPGA_VCCINT_MON 0.006001 1.093750 0.006488
113 FPGA_VCCAUX_MON 0.012195 3.281250 0.039837 FPGA_VCCINT_MON 0.006001 1.093750 0.006488
114 FPGA_VCCAUX_MON 0.012195 3.281250 0.039837 FPGA_VCCINT_MON 0.005807 1.093750 0.006280
115 FPGA_VCCAUX_MON 0.012195 3.281250 0.039837 FPGA_VCCINT_MON 0.006001 1.093750 0.006488
116 FPGA_VCCAUX_MON 0.012195 3.281250 0.039837 FPGA_VCCINT_MON 0.005807 1.093750 0.006280
117 FPGA_VCCAUX_MON 0.012195 3.281250 0.039837 FPGA_VCCINT_MON 0.006001 1.093750 0.006488
118 FPGA_VCCAUX_MON 0.012195 3.281250 0.039837 FPGA_VCCINT_MON 0.005807 1.093750 0.006280
119 FPGA_VCCAUX_MON 0.012195 3.281250 0.039837 FPGA_VCCINT_MON 0.006001 1.093750 0.006488
120 FPGA_VCCAUX_MON 0.012195 3.281250 0.039837 FPGA_VCCINT_MON 0.006001 1.093750 0.006488
121 FPGA_VCCAUX_MON 0.012195 3.281250 0.039837 FPGA_VCCINT_MON 0.005807 1.093750 0.006280
122 FPGA_VCCAUX_MON 0.012195 3.281250 0.039837 FPGA_VCCINT_MON 0.006001 1.093750 0.006488
123 FPGA_VCCAUX_MON 0.012195 3.281250 0.039837 FPGA_VCCINT_MON 0.006001 1.093750 0.006488
124 FPGA_VCCAUX_MON 0.012195 3.281250 0.039837 FPGA_VCCINT_MON 0.006001 1.250000 0.007414
125 FPGA_VCCAUX_MON 0.012195 3.281250 0.039837 FPGA_VCCINT_MON 0.006001 1.093750 0.006488
126 FPGA_VCCAUX_MON 0.012195 3.281250 0.039837 FPGA_VCCINT_MON 0.005807 1.093750 0.006280
127 FPGA_VCCAUX_MON 0.012195 3.281250 0.039837 FPGA_VCCINT_MON 0.006001 1.093750 0.006488
128 FPGA_VCCAUX_MON 0.012195 3.281250 0.039837 FPGA_VCCINT_MON 0.005807 1.093750 0.006280
129 FPGA_VCCAUX_MON 0.012195 3.281250 0.039837 FPGA_VCCINT_MON 0.005807 1.093750 0.006280
130 FPGA_VCCAUX_MON 0.012195 3.281250 0.039837 FPGA_VCCINT_MON 0.005807 1.093750 0.006280
131 FPGA_VCCAUX_MON 0.012195 3.281250 0.039837 FPGA_VCCINT_MON 0.005807 1.093750 0.006280
132 FPGA_VCCAUX_MON 0.012195 3.281250 0.039837 FPGA_VCCINT_MON 0.005807 1.093750 0.006280
133 FPGA_VCCAUX_MON 0.012195 3.281250 0.039837 FPGA_VCCINT_MON 0.006001 1.093750 0.006488
134 FPGA_VCCAUX_MON 0.012195 3.281250 0.039837 FPGA_VCCINT_MON 0.006001 1.093750 0.006488
135 FPGA_VCCAUX_MON 0.012195 3.281250 0.039837 FPGA_VCCINT_MON 0.005807 1.093750 0.006280
136 FPGA_VCCAUX_MON 0.012195 3.281250 0.039837 FPGA_VCCINT_MON 0.005807 1.250000 0.007177
