CH1 0.400000 3.211 1 CH1 0.400000 3.281250 1.306663 FPGA_VCCINT 0.005807 1.093750 0.006228
49 2 CH1 0.400000 3.281250 1.306663 FPGA_VCCINT 0.005807 1.093750 0.006228
88 3 CH1 0.400000 3.281250 1.306663 FPGA_VCCINT 0.005807 1.093750 0.006228
127 4 CH1 0.400000 3.281250 1.306663 FPGA_VCCINT 0.005807 1.093750 0.006228
166 5 CH1 0.400000 3.281250 1.306663 FPGA_VCCINT 0.005807 1.093750 0.006228
205 6 CH1 0.400000 3.281250 1.306663 FPGA_VCCINT 0.005807 1.093750 0.006228
243 7 CH1 0.400000 3.281250 1.306663 FPGA_VCCINT 0.005807 1.093750 0.006228
282 8 CH1 0.400000 3.281250 1.306663 FPGA_VCCINT 0.005807 1.093750 0.006228
321 9 CH1 0.400000 3.281250 1.306663 FPGA_VCCINT 0.005807 1.093750 0.006228
360 10 CH1 0.400000 3.281250 1.306663 FPGA_VCCINT 0.005807 1.093750 0.006228
399 11 CH1 0.400000 3.281250 1.306663 FPGA_VCCINT 0.005807 1.093750 0.006228
438 12 CH1 0.400000 3.281250 1.306663 FPGA_VCCINT 0.005807 1.093750 0.006228
478 13 CH1 0.400000 3.281250 1.306663 FPGA_VCCINT 0.005807 1.093750 0.006228
517 14 CH1 0.400000 3.281250 1.306663 FPGA_VCCINT 0.005807 1.093750 0.006228
556 15 CH1 0.400000 3.281250 1.306663 FPGA_VCCINT 0.005807 1.093750 0.006228
595 16 CH1 0.400000 3.281250 1.306663 FPGA_VCCINT 0.005807 1.093750 0.006228
634 17 CH1 0.400000 3.281250 1.306663 FPGA_VCCINT 0.005807 1.093750 0.006228
673 18 CH1 0.400000 3.281250 1.306663 FPGA_VCCINT 0.005807 1.093750 0.006228
713 19 CH1 0.400000 3.281250 1.306663 FPGA_VCCINT 0.005807 1.093750 0.006228
752 20 CH1 0.400000 3.281250 1.306663 FPGA_VCCINT 0.005807 1.093750 0.006228
791 21 CH1 0.400000 3.281250 1.306663 FPGA_VCCINT 0.005807 1.093750 0.006228
830 22 CH1 0.400000 3.281250 1.306663 FPGA_VCCINT 0.005807 1.093750 0.006228
869 23 CH1 0.400000 3.281250 1.306663 FPGA_VCCINT 0.005807 1.093750 0.006228
908 24 CH1 0.400000 3.281250 1.306663 FPGA_VCCINT 0.005807 1.093750 0.006228
947 25 CH1 0.400000 3.281250 1.306663 FPGA_VCCINT 0.005807 1.093750 0.006228
987 26 CH1 0.400000 3.281250 1.306663 FPGA_VCCINT 0.005807 1.093750 0.006228
1026 27 CH1 0.400000 3.281250 1.306663 FPGA_VCCINT 0.005807 1.093750 0.006228
1065 28 CH1 0.400000 3.281250 1.306663 FPGA_VCCINT 0.005807 1.093750 0.006228
1105 29 CH1 0.400000 3.281250 1.306663 FPGA_VCCINT 0.005807 1.093750 0.006228
1144 30 CH1 0.400000 3.281250 1.306663 FPGA_VCCINT 0.005807 1.093750 0.006228
1184 31 CH1 0.400000 3.281250 1.306663 FPGA_VCCINT 0.005807 1.093750 0.006228
1223 32 CH1 0.400000 3.281250 1.306663 FPGA_VCCINT 0.005807 1.093750 0.006228
1262 33 CH1 0.400000 3.281250 1.306663 FPGA_VCCINT 0.005807 1.093750 0.006228
1302 34 CH1 0.400000 3.281250 1.306663 FPGA_VCCINT 0.005807 1.093750 0.006228
1342 35 CH1 0.400000 3.281250 1.306663 FPGA_VCCINT 0.005807 1.093750 0.006228
1382 36 CH1 0.400000 3.281250 1.306663 FPGA_VCCINT 0.005807 1.093750 0.006228
1421 37 CH1 0.400000 3.281250 1.306663 FPGA_VCCINT 0.005807 1.093750 0.006228
1460 38 CH1 0.400000 3.281250 1.306663 FPGA_VCCINT 0.005807 1.093750 0.006228
1500 39 CH1 0.400000 3.281250 1.306663 FPGA_VCCINT 0.005807 1.093750 0.006228
1539 40 CH1 0.400000 3.281250 1.306663 FPGA_VCCINT 0.005807 1.093750 0.006228
1578 41 CH1 0.400000 3.281250 1.306663 FPGA_VCCINT 0.005807 1.093750 0.006228
1618 42 CH1 0.400000 3.281250 1.306663 FPGA_VCCINT 0.005807 1.093750 0.006228
1657 43 CH1 0.400000 3.281250 1.306663 FPGA_VCCINT 0.005807 1.093750 0.006228
1697 44 CH1 0.400000 3.281250 1.306663 FPGA_VCCINT 0.005807 1.093750 0.006228
1736 45 CH1 0.400000 3.281250 1.306663 FPGA_VCCINT 0.005033 1.093750 0.005398
1776 46 CH1 0.400000 3.281250 1.306663 FPGA_VCCINT 0.005033 1.093750 0.005398
1815 47 CH1 0.400000 3.281250 1.306663 FPGA_VCCINT 0.005033 1.093750 0.005398
1855 48 CH1 0.400000 3.281250 1.306663 FPGA_VCCINT 0.005033 1.093750 0.005398
1894 49 CH1 0.400000 3.281250 1.306663 FPGA_VCCINT 0.005033 1.093750 0.005398
1933 50 CH1 0.400000 3.281250 1.306663 FPGA_VCCINT 0.005033 1.093750 0.005398
1973 51 CH1 0.400000 3.281250 1.306663 FPGA_VCCINT 0.005033 1.093750 0.005398
2012 52 CH1 0.400000 3.281250 1.306663 FPGA_VCCINT 0.005033 1.093750 0.005398
2052 53 CH1 0.400000 3.281250 1.306663 FPGA_VCCINT 0.005033 1.093750 0.005398
2092 54 CH1 0.400000 3.281250 1.306663 FPGA_VCCINT 0.004839 1.093750 0.005190
2132 55 CH1 0.400000 3.281250 1.306663 FPGA_VCCINT 0.005033 1.093750 0.005398
2171 56 CH1 0.400000 3.281250 1.306663 FPGA_VCCINT 0.005033 1.093750 0.005398
2211 57 CH1 0.400000 3.281250 1.306663 FPGA_VCCINT 0.004839 1.093750 0.005190
2250 58 CH1 0.400000 3.281250 1.306663 FPGA_VCCINT 0.005033 1.093750 0.005398
2289 59 CH1 0.400000 3.281250 1.306663 FPGA_VCCINT 0.005033 1.093750 0.005398
2329 60 CH1 0.400000 3.281250 1.306663 FPGA_VCCINT 0.005033 1.093750 0.005398
2368 61 CH1 0.400000 3.281250 1.306663 FPGA_VCCINT 0.005033 1.093750 0.005398
2408 62 CH1 0.400000 3.281250 1.306663 FPGA_VCCINT 0.004839 1.093750 0.005190
2447 63 CH1 0.400000 3.281250 1.306663 FPGA_VCCINT 0.005033 1.093750 0.005398
2487 64 CH1 0.400000 3.281250 1.306663 FPGA_VCCINT 0.005033 1.093750 0.005398
2526 65 CH1 0.400000 3.281250 1.306663 FPGA_VCCINT 0.005033 1.093750 0.005398
2566 66 CH1 0.400000 3.281250 1.306663 FPGA_VCCINT 0.005033 1.093750 0.005398
2605 67 CH1 0.400000 3.281250 1.306663 FPGA_VCCINT 0.005033 1.093750 0.005398
2644 68 CH1 0.400000 3.281250 1.306663 FPGA_VCCINT 0.005033 1.250000 0.006169
2684 69 CH1 0.400000 3.281250 1.306663 FPGA_VCCINT 0.005033 1.250000 0.006169
2723 70 CH1 0.400000 3.281250 1.306663 FPGA_VCCINT 0.005033 1.250000 0.006169
2762 71 CH1 0.400000 3.281250 1.306663 FPGA_VCCINT 0.004839 1.250000 0.005931
2802 72 CH1 0.400000 3.281250 1.306663 FPGA_VCCINT 0.004839 1.250000 0.005931
2842 73 CH1 0.400000 3.281250 1.306663 FPGA_VCCINT 0.005033 1.093750 0.005398
2882 74 CH1 0.400000 3.281250 1.306663 FPGA_VCCINT 0.005033 1.093750 0.005398
2921 75 CH1 0.400000 3.281250 1.306663 FPGA_VCCINT 0.005033 1.093750 0.005398
2960 76 CH1 0.400000 3.281250 1.306663 FPGA_VCCINT 0.005033 1.093750 0.005398
3000 77 CH1 0.400000 3.281250 1.306663 FPGA_VCCINT 0.005033 1.093750 0.005398
3039 78 CH1 0.400000 3.281250 1.306663 FPGA_VCCINT 0.005033 1.093750 0.005398
3079 79 CH1 0.400000 3.281250 1.306663 FPGA_VCCINT 0.004839 1.250000 0.005931
3118 80 CH1 0.400000 3.281250 1.306663 FPGA_VCCINT 0.004839 1.250000 0.005931
3158 81 CH1 0.400000 3.281250 1.306663 FPGA_VCCINT 0.005033 1.250000 0.006169
3197 82 CH1 0.400000 3.281250 1.306663 FPGA_VCCINT 0.005033 1.250000 0.006169
3236 83 CH1 0.400000 3.281250 1.306663 FPGA_VCCINT 0.005033 1.250000 0.006169
3275 84 CH1 0.400000 3.281250 1.306663 FPGA_VCCINT 0.005033 1.250000 0.006169
3314 85 CH1 0.400000 3.281250 1.306663 FPGA_VCCINT 0.005033 1.250000 0.006169
3353 86 CH1 0.400000 3.281250 1.306663 FPGA_VCCINT 0.005033 1.250000 0.006169
3393 87 CH1 0.400000 3.281250 1.306663 FPGA_VCCINT 0.005033 1.250000 0.006169
3432 88 CH1 0.400000 3.281250 1.306663 FPGA_VCCINT 0.005033 1.250000 0.006169
3471 89 CH1 0.400000 3.281250 1.306663 FPGA_VCCINT 0.005033 1.250000 0.006169
3510 90 CH1 0.400000 3.281250 1.306663 FPGA_VCCINT 0.005033 1.250000 0.006169
3550 91 CH1 0.400000 3.281250 1.306663 FPGA_VCCINT 0.005033 1.250000 0.006169
3589 92 CH1 0.400000 3.281250 1.306663 FPGA_VCCINT 0.005033 1.250000 0.006169
3628 93 CH1 0.400000 3.281250 1.306663 FPGA_VCCINT 0.005033 1.250000 0.006169
3667 94 CH1 0.400000 3.281250 1.306663 FPGA_VCCINT 0.005033 1.250000 0.006169
3707 95 CH1 0.400000 3.281250 1.306663 FPGA_VCCINT 0.005033 1.093750 0.005398
3746 96 CH1 0.400000 3.281250 1.306663 FPGA_VCCINT 0.005033 1.093750 0.005398
3785 97 CH1 0.400000 3.281250 1.306663 FPGA_VCCINT 0.005033 1.093750 0.005398
3825 98 CH1 0.400000 3.281250 1.306663 FPGA_VCCINT 0.005033 1.093750 0.005398
3865 99 CH1 0.400000 3.281250 1.306663 FPGA_VCCINT 0.005033 1.093750 0.005398
3904 100 CH1 0.400000 3.281250 1.306663 FPGA_VCCINT 0.005033 1.093750 0.005398
3944 101 CH1 0.400000 3.281250 1.306663 FPGA_VCCINT 0.005033 1.093750 0.005398
3984 102 CH1 0.400000 3.281250 1.306663 FPGA_VCCINT 0.005033 1.093750 0.005398
4023 103 CH1 0.400000 3.281250 1.306663 FPGA_VCCINT 0.005033 1.093750 0.005398
4063 104 CH1 0.400000 3.281250 1.306663 FPGA_VCCINT 0.005033 1.093750 0.005398
4103 105 CH1 0.400000 3.281250 1.306663 FPGA_VCCINT 0.005033 1.093750 0.005398
4142 106 CH1 0.400000 3.281250 1.306663 FPGA_VCCINT 0.005033 1.093750 0.005398
4182 107 CH1 0.400000 3.281250 1.306663 FPGA_VCCINT 0.005033 1.093750 0.005398
4222 108 CH1 0.400000 3.281250 1.306663 FPGA_VCCINT 0.005033 1.093750 0.005398
4261 109 CH1 0.400000 3.281250 1.306663 FPGA_VCCINT 0.005033 1.093750 0.005398
4301 110 CH1 0.400000 3.281250 1.306663 FPGA_VCCINT 0.005033 1.093750 0.005398
4341 111 CH1 0.400000 3.281250 1.306663 FPGA_VCCINT 0.005033 1.093750 0.005398
4381 112 CH1 0.400000 3.281250 1.306663 FPGA_VCCINT 0.005033 1.093750 0.005398
4421 113 CH1 0.400000 3.281250 1.306663 FPGA_VCCINT 0.005033 1.093750 0.005398
4460 114 CH1 0.400000 3.281250 1.306663 FPGA_VCCINT 0.005033 1.093750 0.005398
4500 115 CH1 0.400000 3.281250 1.306663 FPGA_VCCINT 0.005033 1.093750 0.005398
4539 116 CH1 0.400000 3.281250 1.306663 FPGA_VCCINT 0.005033 1.093750 0.005398
4579 117 CH1 0.400000 3.281250 1.306663 FPGA_VCCINT 0.005033 1.093750 0.005398
4619 118 CH1 0.400000 3.281250 1.306663 FPGA_VCCINT 0.005033 1.093750 0.005398
4658 119 CH1 0.400000 3.281250 1.306663 FPGA_VCCINT 0.004839 1.093750 0.005190
4698 120 CH1 0.400000 3.281250 1.306663 FPGA_VCCINT 0.005033 1.093750 0.005398
4738 121 CH1 0.400000 3.281250 1.306663 FPGA_VCCINT 0.005033 1.093750 0.005398
4777 122 CH1 0.400000 3.281250 1.306663 FPGA_VCCINT 0.004839 1.093750 0.005190
4818 123 CH1 0.400000 3.281250 1.306663 FPGA_VCCINT 0.005033 1.093750 0.005398
4857 124 CH1 0.400000 3.281250 1.306663 FPGA_VCCINT 0.005033 1.093750 0.005398
4897 125 CH1 0.400000 3.281250 1.306663 FPGA_VCCINT 0.005033 1.093750 0.005398
4937 126 CH1 0.400000 3.281250 1.306663 FPGA_VCCINT 0.004839 1.093750 0.005190
4976 127 CH1 0.400000 3.281250 1.306663 FPGA_VCCINT 0.005033 1.093750 0.005398
5016 128 CH1 0.400000 3.281250 1.306663 FPGA_VCCINT 0.005033 1.093750 0.005398
5056 129 CH1 0.400000 3.281250 1.306663 FPGA_VCCINT 0.005033 1.093750 0.005398
5095 130 CH1 0.400000 3.281250 1.306663 FPGA_VCCINT 0.005033 1.093750 0.005398
5135 131 CH1 0.400000 3.281250 1.306663 FPGA_VCCINT 0.005033 1.093750 0.005398
5175 132 CH1 0.400000 3.281250 1.306663 FPGA_VCCINT 0.004839 1.093750 0.005190
5215 133 CH1 0.400000 3.281250 1.306663 FPGA_VCCINT 0.004839 1.093750 0.005190
5254 134 CH1 0.400000 3.281250 1.306663 FPGA_VCCINT 0.005033 1.093750 0.005398
5294 135 CH1 0.400000 3.281250 1.306663 FPGA_VCCINT 0.005033 1.093750 0.005398
5334 136 CH1 0.400000 3.281250 1.306663 FPGA_VCCINT 0.005033 1.093750 0.005398
5374 137 CH1 0.400000 3.281250 1.306663 FPGA_VCCINT 0.005033 1.093750 0.005190
5413 138 CH1 0.400000 3.281250 1.306663 FPGA_VCCINT 0.004839 1.093750 0.005190
5453 139 CH1 0.400000 3.281250 1.306663 FPGA_VCCINT 0.005033 1.093750 0.005398
5493 140 CH1 0.400000 3.281250 1.306663 FPGA_VCCINT 0.004839 1.093750 0.005190
5532 141 CH1 0.400000 3.281250 1.306663 FPGA_VCCINT 0.004839 1.093750 0.005190
5572 142 CH1 0.400000 3.281250 1.306663 FPGA_VCCINT 0.004839 1.093750 0.005190
5612 143 CH1 0.400000 3.281250 1.306663 FPGA_VCCINT 0.005033 1.093750 0.005398
5651 144 CH1 0.400000 3.281250 1.306663 FPGA_VCCINT 0.005033 1.093750 0.005398
5691 145 CH1 0.400000 3.281250 1.306663 FPGA_VCCINT 0.005033 1.093750 0.005398
5730 146 CH1 0.400000 3.281250 1.306663 FPGA_VCCINT 0.005033 1.093750 0.005398
5771 147 CH1 0.400000 3.281250 1.306663 FPGA_VCCINT 0.005033 1.093750 0.005398
5810 148 CH1 0.400000 3.281250 1.306663 FPGA_VCCINT 0.004839 1.093750 0.005190
5850 149 CH1 0.400000 3.281250 1.306663 FPGA_VCCINT 0.004839 1.093750 0.005190
5890 150 CH1 0.400000 3.281250 1.306663 FPGA_VCCINT 0.004839 1.093750 0.005190
5930 151 CH1 0.400000 3.281250 1.306663 FPGA_VCCINT 0.005033 1.093750 0.005398
5969 152 CH1 0.400000 3.281250 1.306663 FPGA_VCCINT 0.005033 1.093750 0.005398
6009 153 CH1 0.400000 3.281250 1.306663 FPGA_VCCINT 0.005033 1.093750 0.005398
6049 154 CH1 0.400000 3.281250 1.306663 FPGA_VCCINT 0.005033 1.093750 0.005398
6088 155 CH1 0.400000 3.281250 1.306663 FPGA_VCCINT 0.004839 1.093750 0.005190
6128 156 CH1 0.400000 3.281250 1.306663 FPGA_VCCINT 0.005033 1.093750 0.005398
6168 157 CH1 0.400000 3.281250 1.306663 FPGA_VCCINT 0.005033 1.093750 0.005398
6207 158 CH1 0.400000 3.281250 1.306663 FPGA_VCCINT 0.005033 1.093750 0.005398
6247 159 CH1 0.400000 3.281250 1.306663 FPGA_VCCINT 0.005033 1.093750 0.005398
6287 160 CH1 0.400000 3.281250 1.306663 FPGA_VCCINT 0.005033 1.093750 0.005398
6327 161 CH1 0.400000 3.281250 1.306663 FPGA_VCCINT 0.005033 1.093750 0.005398
6366 162 CH1 0.400000 3.281250 1.306663 FPGA_VCCINT 0.005033 1.093750 0.005398
6406 163 CH1 0.400000 3.281250 1.306663 FPGA_VCCINT 0.005033 1.093750 0.005398
6446 164 CH1 0.400000 3.281250 1.306663 FPGA_VCCINT 0.005033 1.093750 0.005398
6485 165 CH1 0.400000 3.281250 1.306663 FPGA_VCCINT 0.004839 1.093750 0.005190
6525 166 CH1 0.400000 3.281250 1.306663 FPGA_VCCINT 0.004839 1.093750 0.005190
6565 167 CH1 0.400000 3.281250 1.306663 FPGA_VCCINT 0.004839 1.093750 0.005190
6604 168 CH1 0.400000 3.281250 1.306663 FPGA_VCCINT 0.005033 1.093750 0.005398
6644 169 CH1 0.400000 3.281250 1.306663 FPGA_VCCINT 0.004839 1.093750 0.005190
6684 170 CH1 0.400000 3.281250 1.306663 FPGA_VCCINT 0.004839 1.093750 0.005398
6724 171 CH1 0.400000 3.281250 1.306663 FPGA_VCCINT 0.005033 1.093750 0.005398
6763 172 CH1 0.400000 3.281250 1.306663 FPGA_VCCINT 0.005033 1.093750 0.005398
6803 173 CH1 0.400000 3.281250 1.306663 FPGA_VCCINT 0.005033 1.093750 0.005398
6843 174 CH1 0.400000 3.281250 1.306663 FPGA_VCCINT 0.004839 1.093750 0.005190
6883 175 CH1 0.400000 3.281250 1.306663 FPGA_VCCINT 0.004839 1.093750 0.005190
6922 176 CH1 0.400000 3.281250 1.306663 FPGA_VCCINT 0.004839 1.093750 0.005190
6962 177 CH1 0.400000 3.281250 1.306663 FPGA_VCCINT 0.005033 1.093750 0.005398
7002 178 CH1 0.400000 3.281250 1.306663 FPGA_VCCINT 0.004839 1.093750 0.005190
7041 179 CH1 0.400000 3.281250 1.306663 FPGA_VCCINT 0.004839 1.093750 0.005190
7081 180 CH1 0.400000 3.281250 1.306663 FPGA_VCCINT 0.004839 1.093750 0.005190
7120 181 CH1 0.400000 3.281250 1.306663 FPGA_VCCINT 0.004839 1.093750 0.005190
7160 182 CH1 0.400000 3.281250 1.306663 FPGA_VCCINT 0.005033 1.093750 0.005398
7200 183 CH1 0.400000 3.281250 1.306663 FPGA_VCCINT 0.005033 1.250000 0.006169
7239 184 CH1 0.400000 3.281250 1.306663 FPGA_VCCINT 0.005033 1.250000 0.006169
7279 185 CH1 0.400000 3.281250 1.306663 FPGA_VCCINT 0.005033 1.250000 0.006169
7319 186 CH1 0.400000 3.281250 1.306663 FPGA_VCCINT 0.004839 1.250000 0.005931
7358 187 CH1 0.400000 3.281250 1.306663 FPGA_VCCINT 0.004839 1.250000 0.005931
7398 188 CH1 0.400000 3.281250 1.306663 FPGA_VCCINT 0.005033 1.093750 0.005398
7438 189 CH1 0.400000 3.281250 1.306663 FPGA_VCCINT 0.005033 1.093750 0.005398
7477 190 CH1 0.400000 3.281250 1.306663 FPGA_VCCINT 0.005033 1.093750 0.005398
7517 191 CH1 0.400000 3.281250 1.306663 FPGA_VCCINT 0.005033 1.093750 0.005398
7557 192 CH1 0.400000 3.281250 1.306663 FPGA_VCCINT 0.004839 1.093750 0.005190
7596 193 CH1 0.400000 3.281250 1.306663 FPGA_VCCINT 0.004839 1.093750 0.005190
7636 194 CH1 0.400000 3.281250 1.306663 FPGA_VCCINT 0.005033 1.250000 0.006169
7676 195 CH1 0.400000 3.281250 1.306663 FPGA_VCCINT 0.005033 1.250000 0.006169
7715 196 CH1 0.400000 3.281250 1.306663 FPGA_VCCINT 0.004839 1.250000 0.005931
7755 197 CH1 0.400000 3.281250 1.306663 FPGA_VCCINT 0.005033 1.250000 0.006169
7795 198 CH1 0.400000 3.281250 1.306663 FPGA_VCCINT 0.005033 1.250000 0.006169
