10 1 CH1 0.015873 3.281250 0.051070 FPGA_VCCINT -0.000194 0.000000 0.000000
47 2 CH1 0.015873 3.281250 0.051070 FPGA_VCCINT -0.000194 0.000000 0.000000
83 3 CH1 0.015873 3.281250 0.051070 FPGA_VCCINT -0.000194 0.000000 0.000000
119 4 CH1 0.015873 3.281250 0.051070 FPGA_VCCINT -0.000194 0.000000 0.000000
156 5 CH1 0.015873 3.281250 0.051070 FPGA_VCCINT -0.000194 0.000000 0.000000
192 6 CH1 0.015873 3.281250 0.051070 FPGA_VCCINT -0.000194 0.000000 0.000000
229 7 CH1 0.015873 3.281250 0.051070 FPGA_VCCINT -0.000194 0.000000 0.000000
265 8 CH1 0.015873 3.281250 0.051070 FPGA_VCCINT -0.000194 0.000000 0.000000
302 9 CH1 0.015873 3.281250 0.051070 FPGA_VCCINT -0.000194 0.000000 0.000000
338 10 CH1 0.015873 3.281250 0.051070 FPGA_VCCINT -0.000194 0.000000 0.000000
375 11 CH1 0.015873 3.281250 0.051070 FPGA_VCCINT -0.000194 0.000000 0.000000
412 12 CH1 0.015873 3.281250 0.051070 FPGA_VCCINT -0.000194 0.000000 0.000000
448 13 CH1 0.015873 3.281250 0.051070 FPGA_VCCINT -0.000194 0.000000 0.000000
485 14 CH1 0.015873 3.281250 0.051070 FPGA_VCCINT -0.000194 0.000000 0.000000
522 15 CH1 0.015873 3.281250 0.051070 FPGA_VCCINT -0.000194 0.000000 0.000000
559 16 CH1 0.015873 3.281250 0.051070 FPGA_VCCINT -0.000194 0.000000 0.000000
596 17 CH1 0.015873 3.281250 0.051070 FPGA_VCCINT -0.000194 0.000000 0.000000
632 18 CH1 0.015873 3.281250 0.051070 FPGA_VCCINT -0.000194 0.000000 0.000000
669 19 CH1 0.015873 3.281250 0.051070 FPGA_VCCINT -0.000194 0.000000 0.000000
706 20 CH1 0.015873 3.281250 0.051070 FPGA_VCCINT -0.000194 0.000000 0.000000
742 21 CH1 0.015873 3.281250 0.051070 FPGA_VCCINT -0.000194 0.000000 0.000000
779 22 CH1 0.015873 3.281250 0.051070 FPGA_VCCINT -0.000194 0.000000 0.000000
817 23 CH1 0.015873 3.281250 0.051070 FPGA_VCCINT -0.000194 0.000000 0.000000
853 24 CH1 0.015873 3.281250 0.051070 FPGA_VCCINT -0.000194 0.000000 0.000000
890 25 CH1 0.015873 3.281250 0.051070 FPGA_VCCINT -0.000194 0.000000 0.000000
927 26 CH1 0.015873 3.281250 0.051070 FPGA_VCCINT -0.000194 0.000000 0.000000
964 27 CH1 0.015873 3.281250 0.051070 FPGA_VCCINT -0.000194 0.000000 0.000000
1000 28 CH1 0.015873 3.281250 0.051070 FPGA_VCCINT -0.000194 0.000000 0.000000
1037 29 CH1 0.015873 3.281250 0.051070 FPGA_VCCINT -0.000194 0.000000 0.000000
1075 30 CH1 0.015873 3.281250 0.051070 FPGA_VCCINT -0.000194 0.000000 0.000000
1112 31 CH1 0.015873 3.281250 0.051070 FPGA_VCCINT -0.000194 0.000000 0.000000
1149 32 CH1 0.015873 3.281250 0.051070 FPGA_VCCINT -0.000194 0.000000 0.000000
1186 33 CH1 0.015873 3.281250 0.051070 FPGA_VCCINT -0.000194 0.000000 0.000000
1223 34 CH1 0.015873 3.281250 0.051070 FPGA_VCCINT -0.000194 0.000000 0.000000
1260 35 CH1 0.015873 3.281250 0.051070 FPGA_VCCINT -0.000194 0.000000 0.000000
1297 36 CH1 0.015873 3.281250 0.051070 FPGA_VCCINT -0.000194 0.000000 0.000000
1334 37 CH1 0.015873 3.281250 0.051070 FPGA_VCCINT -0.000194 0.000000 0.000000
1372 38 CH1 0.015873 3.281250 0.051070 FPGA_VCCINT -0.000194 0.000000 0.000000
1409 39 CH1 0.015873 3.281250 0.051070 FPGA_VCCINT -0.000194 0.000000 0.000000
1446 40 CH1 0.015873 3.281250 0.051070 FPGA_VCCINT -0.000194 0.000000 0.000000
1483 41 CH1 0.015873 3.281250 0.051070 FPGA_VCCINT -0.000194 0.000000 0.000000
1520 42 CH1 0.015873 3.281250 0.051070 FPGA_VCCINT -0.000194 0.000000 0.000000
1557 43 CH1 0.015873 3.281250 0.051070 FPGA_VCCINT -0.000194 0.000000 0.000000
1594 44 CH1 0.015873 3.281250 0.051070 FPGA_VCCINT -0.000194 0.000000 0.000000
1631 45 CH1 0.015873 3.281250 0.051070 FPGA_VCCINT -0.000194 0.000000 0.000000
1669 46 CH1 0.015873 3.281250 0.051070 FPGA_VCCINT -0.000194 0.000000 0.000000
1706 47 CH1 0.015873 3.281250 0.051070 FPGA_VCCINT -0.000194 0.000000 0.000000
1743 48 CH1 0.015873 3.281250 0.051070 FPGA_VCCINT -0.000194 0.000000 0.000000
1780 49 CH1 0.009524 3.281250 0.030642 FPGA_VCCINT -0.000194 0.000000 0.000000
1817 50 CH1 0.009524 3.281250 0.030642 FPGA_VCCINT -0.000194 0.000000 0.000000
1854 51 CH1 0.009524 3.281250 0.030642 FPGA_VCCINT -0.000194 0.000000 0.000000
1891 52 CH1 0.009524 3.281250 0.030642 FPGA_VCCINT -0.000194 0.000000 0.000000
1928 53 CH1 0.009524 3.281250 0.030642 FPGA_VCCINT -0.000194 0.000000 0.000000
1966 54 CH1 0.009524 3.281250 0.030642 FPGA_VCCINT -0.000194 0.000000 0.000000
2003 55 CH1 0.009524 3.281250 0.030642 FPGA_VCCINT -0.000194 0.000000 0.000000
2040 56 CH1 0.009524 3.281250 0.030642 FPGA_VCCINT -0.000194 0.000000 0.000000
2077 57 CH1 0.009524 3.281250 0.030642 FPGA_VCCINT -0.000194 0.000000 0.000000
2114 58 CH1 0.009524 3.281250 0.030642 FPGA_VCCINT -0.000194 0.000000 0.000000
2151 59 CH1 0.009524 3.281250 0.030642 FPGA_VCCINT -0.000194 0.000000 0.000000
2188 60 CH1 0.009524 3.281250 0.030642 FPGA_VCCINT -0.000194 0.000000 0.000000
2225 61 CH1 0.009524 3.281250 0.030642 FPGA_VCCINT -0.000194 0.000000 0.000000
2262 62 CH1 0.009524 3.281250 0.030642 FPGA_VCCINT -0.000194 0.000000 0.000000
2299 63 CH1 0.009524 3.281250 0.030642 FPGA_VCCINT -0.000194 0.000000 0.000000
2336 64 CH1 0.009524 3.281250 0.030642 FPGA_VCCINT -0.000194 0.000000 0.000000
2373 65 CH1 0.009524 3.281250 0.030642 FPGA_VCCINT -0.000194 0.000000 0.000000
2410 66 CH1 0.009524 3.281250 0.030642 FPGA_VCCINT -0.000194 0.000000 0.000000
2447 67 CH1 0.009524 3.281250 0.030642 FPGA_VCCINT -0.000194 0.000000 0.000000
2484 68 CH1 0.009524 3.281250 0.030642 FPGA_VCCINT -0.000194 0.000000 0.000000
2521 69 CH1 0.009524 3.281250 0.030642 FPGA_VCCINT -0.000194 0.000000 0.000000
2559 70 CH1 0.009524 3.281250 0.030642 FPGA_VCCINT -0.000194 0.000000 0.000000
2596 71 CH1 0.009524 3.281250 0.030642 FPGA_VCCINT -0.000194 0.000000 0.000000
2633 72 CH1 0.009524 3.281250 0.030642 FPGA_VCCINT -0.000194 0.000000 0.000000
2670 73 CH1 0.009524 3.281250 0.030642 FPGA_VCCINT -0.000194 0.000000 0.000000
2707 74 CH1 0.009524 3.281250 0.030642 FPGA_VCCINT -0.000194 0.000000 0.000000
2744 75 CH1 0.009524 3.281250 0.030642 FPGA_VCCINT -0.000194 0.000000 0.000000
2781 76 CH1 0.009524 3.281250 0.030642 FPGA_VCCINT -0.000194 0.000000 0.000000
2818 77 CH1 0.009524 3.281250 0.030642 FPGA_VCCINT -0.000194 0.000000 0.000000
2856 78 CH1 0.009524 3.281250 0.030642 FPGA_VCCINT -0.000194 0.000000 0.000000
2893 79 CH1 0.009524 3.281250 0.030642 FPGA_VCCINT -0.000194 0.000000 0.000000
2930 80 CH1 0.009524 3.281250 0.030642 FPGA_VCCINT -0.000194 0.000000 0.000000
2967 81 CH1 0.009524 3.281250 0.030642 FPGA_VCCINT -0.000194 0.000000 0.000000
3004 82 CH1 0.009524 3.281250 0.030642 FPGA_VCCINT -0.000194 0.000000 0.000000
3041 83 CH1 0.009524 3.281250 0.030642 FPGA_VCCINT -0.000194 0.000000 0.000000
3078 84 CH1 0.009524 3.281250 0.030642 FPGA_VCCINT -0.000194 0.000000 0.000000
3115 85 CH1 0.009524 3.281250 0.030642 FPGA_VCCINT -0.000194 0.000000 0.000000
3152 86 CH1 0.009524 3.281250 0.030642 FPGA_VCCINT -0.000194 0.000000 0.000000
3189 87 CH1 0.009524 3.281250 0.030642 FPGA_VCCINT -0.000194 0.000000 0.000000
3226 88 CH1 0.009524 3.281250 0.030642 FPGA_VCCINT -0.000194 0.000000 0.000000
3263 89 CH1 0.009524 3.281250 0.030642 FPGA_VCCINT -0.000194 0.000000 0.000000
3300 90 CH1 0.009524 3.281250 0.030642 FPGA_VCCINT -0.000194 0.000000 0.000000
3337 91 CH1 0.009524 3.281250 0.030642 FPGA_VCCINT -0.000194 0.000000 0.000000
3374 92 CH1 0.009524 3.281250 0.030642 FPGA_VCCINT -0.000194 0.000000 0.000000
3411 93 CH1 0.009524 3.281250 0.030642 FPGA_VCCINT -0.000194 0.000000 0.000000
3448 94 CH1 0.009524 3.281250 0.030642 FPGA_VCCINT -0.000194 0.000000 0.000000
3485 95 CH1 0.009524 3.281250 0.030642 FPGA_VCCINT -0.000194 0.000000 0.000000
3522 96 CH1 0.009524 3.281250 0.030642 FPGA_VCCINT -0.000194 0.000000 0.000000
3559 97 CH1 0.009524 3.281250 0.030642 FPGA_VCCINT -0.000194 0.000000 0.000000
3596 98 CH1 0.009524 3.281250 0.030642 FPGA_VCCINT -0.000194 0.000000 0.000000
3633 99 CH1 0.009524 3.281250 0.030642 FPGA_VCCINT -0.000194 0.000000 0.000000
3670 100 CH1 0.009524 3.281250 0.030642 FPGA_VCCINT -0.000194 0.000000 0.000000
3708 101 CH1 0.009524 3.281250 0.030642 FPGA_VCCINT -0.000194 0.000000 0.000000
3745 102 CH1 0.009524 3.281250 0.030642 FPGA_VCCINT -0.000194 0.000000 0.000000
3782 103 CH1 0.009524 3.281250 0.030642 FPGA_VCCINT -0.000194 0.000000 0.000000
3819 104 CH1 0.009524 3.281250 0.030642 FPGA_VCCINT -0.000194 0.000000 0.000000
3857 105 CH1 0.009524 3.281250 0.030642 FPGA_VCCINT -0.000194 0.000000 0.000000
3894 106 CH1 0.009524 3.281250 0.030642 FPGA_VCCINT -0.000194 0.000000 0.000000
3931 107 CH1 0.009524 3.281250 0.030642 FPGA_VCCINT -0.000194 0.000000 0.000000
3968 108 CH1 0.009524 3.281250 0.030642 FPGA_VCCINT -0.000194 0.000000 0.000000
4006 109 CH1 0.009524 3.281250 0.030642 FPGA_VCCINT -0.000194 0.000000 0.000000
4043 110 CH1 0.009524 3.281250 0.030642 FPGA_VCCINT -0.000194 0.000000 0.000000
4080 111 CH1 0.009524 3.281250 0.030642 FPGA_VCCINT -0.000194 0.000000 0.000000
4117 112 CH1 0.009524 3.281250 0.030642 FPGA_VCCINT -0.000194 0.000000 0.000000
4155 113 CH1 0.009524 3.281250 0.030642 FPGA_VCCINT -0.000194 0.000000 0.000000
4192 114 CH1 0.009524 3.281250 0.030642 FPGA_VCCINT -0.000194 0.000000 0.000000
4229 115 CH1 0.009524 3.281250 0.030642 FPGA_VCCINT -0.000194 0.000000 0.000000
4267 116 CH1 0.009524 3.281250 0.030642 FPGA_VCCINT -0.000194 0.000000 0.000000
4304 117 CH1 0.009524 3.281250 0.030642 FPGA_VCCINT -0.000194 0.000000 0.000000
4341 118 CH1 0.009524 3.281250 0.030642 FPGA_VCCINT -0.000194 0.000000 0.000000
4378 119 CH1 0.009524 3.281250 0.030642 FPGA_VCCINT -0.000194 0.000000 0.000000
4415 120 CH1 0.009524 3.281250 0.030642 FPGA_VCCINT -0.000194 0.000000 0.000000
4453 121 CH1 0.009524 3.281250 0.030642 FPGA_VCCINT -0.000194 0.000000 0.000000
4490 122 CH1 0.009524 3.281250 0.030642 FPGA_VCCINT -0.000194 0.000000 0.000000
4528 123 CH1 0.009524 3.281250 0.030642 FPGA_VCCINT -0.000194 0.000000 0.000000
4565 124 CH1 0.009524 3.281250 0.030642 FPGA_VCCINT -0.000194 0.000000 0.000000
4602 125 CH1 0.009524 3.281250 0.030642 FPGA_VCCINT -0.000194 0.000000 0.000000
4639 126 CH1 0.009524 3.281250 0.030642 FPGA_VCCINT -0.000194 0.000000 0.000000
4676 127 CH1 0.009524 3.281250 0.030642 FPGA_VCCINT -0.000194 0.000000 0.000000
4714 128 CH1 0.009524 3.281250 0.030642 FPGA_VCCINT -0.000194 0.000000 0.000000
4751 129 CH1 0.009524 3.281250 0.030642 FPGA_VCCINT -0.000194 0.000000 0.000000
4788 130 CH1 0.009524 3.281250 0.030642 FPGA_VCCINT -0.000194 0.000000 0.000000
4825 131 CH1 0.009524 3.281250 0.030642 FPGA_VCCINT -0.000194 0.000000 0.000000
4862 132 CH1 0.009524 3.281250 0.030642 FPGA_VCCINT -0.000194 0.000000 0.000000
4900 133 CH1 0.009524 3.281250 0.030642 FPGA_VCCINT -0.000194 0.000000 0.000000
4937 134 CH1 0.009524 3.281250 0.030642 FPGA_VCCINT -0.000194 0.000000 0.000000
4974 135 CH1 0.009524 3.281250 0.030642 FPGA_VCCINT -0.000194 0.000000 0.000000
5012 136 CH1 0.009524 3.281250 0.030642 FPGA_VCCINT -0.000194 0.000000 0.000000
5049 137 CH1 0.009524 3.281250 0.030642 FPGA_VCCINT -0.000194 0.000000 0.000000
5086 138 CH1 0.009524 3.281250 0.030642 FPGA_VCCINT -0.000194 0.000000 0.000000
5123 139 CH1 0.009524 3.281250 0.030642 FPGA_VCCINT -0.000194 0.000000 0.000000
5161 140 CH1 0.009524 3.281250 0.030642 FPGA_VCCINT -0.000194 0.000000 0.000000
5198 141 CH1 0.009524 3.281250 0.030642 FPGA_VCCINT -0.000194 0.000000 0.000000
5235 142 CH1 0.009524 3.281250 0.030642 FPGA_VCCINT -0.000194 0.000000 0.000000
5272 143 CH1 0.009524 3.281250 0.030642 FPGA_VCCINT -0.000194 0.000000 0.000000
5310 144 CH1 0.009524 3.281250 0.030642 FPGA_VCCINT -0.000194 0.000000 0.000000
5347 145 CH1 0.009524 3.281250 0.030642 FPGA_VCCINT -0.000194 0.000000 0.000000
5384 146 CH1 0.009524 3.281250 0.030642 FPGA_VCCINT -0.000194 0.000000 0.000000
5421 147 CH1 0.009524 3.281250 0.030642 FPGA_VCCINT -0.000194 0.000000 0.000000
5459 148 CH1 0.009524 3.281250 0.030642 FPGA_VCCINT -0.000194 0.000000 0.000000
5496 149 CH1 0.009524 3.281250 0.030642 FPGA_VCCINT -0.000194 0.000000 0.000000
5533 150 CH1 0.009524 3.281250 0.030642 FPGA_VCCINT -0.000194 0.000000 0.000000
5571 151 CH1 0.009524 3.281250 0.030642 FPGA_VCCINT -0.000194 0.000000 0.000000
5608 152 CH1 0.009524 3.281250 0.030642 FPGA_VCCINT -0.000194 0.000000 0.000000
5645 153 CH1 0.009524 3.281250 0.030642 FPGA_VCCINT -0.000194 0.000000 0.000000
5683 154 CH1 0.009524 3.281250 0.030642 FPGA_VCCINT -0.000194 0.000000 0.000000
5720 155 CH1 0.009524 3.281250 0.030642 FPGA_VCCINT -0.000194 0.000000 0.000000
5757 156 CH1 0.009524 3.281250 0.030642 FPGA_VCCINT -0.000194 0.000000 0.000000
5794 157 CH1 0.009524 3.281250 0.030642 FPGA_VCCINT -0.000194 0.000000 0.000000
5831 158 CH1 0.009524 3.281250 0.030642 FPGA_VCCINT -0.000194 0.000000 0.000000
5869 159 CH1 0.009524 3.281250 0.030642 FPGA_VCCINT -0.000194 0.000000 0.000000
5906 160 CH1 0.009524 3.281250 0.030642 FPGA_VCCINT -0.000194 0.000000 0.000000
5943 161 CH1 0.009524 3.281250 0.030642 FPGA_VCCINT -0.000194 0.000000 0.000000
5981 162 CH1 0.009524 3.281250 0.030642 FPGA_VCCINT -0.000194 0.000000 0.000000
6018 163 CH1 0.009524 3.281250 0.030642 FPGA_VCCINT -0.000194 0.000000 0.000000
6055 164 CH1 0.009524 3.281250 0.030642 FPGA_VCCINT -0.000194 0.000000 0.000000
6092 165 CH1 0.009524 3.281250 0.030642 FPGA_VCCINT -0.000194 0.000000 0.000000
6129 166 CH1 0.009524 3.281250 0.030642 FPGA_VCCINT -0.000194 0.000000 0.000000
6167 167 CH1 0.009524 3.281250 0.030642 FPGA_VCCINT -0.000194 0.000000 0.000000
6204 168 CH1 0.009524 3.281250 0.030642 FPGA_VCCINT -0.000194 0.000000 0.000000
6241 169 CH1 0.009524 3.281250 0.030642 FPGA_VCCINT -0.000194 0.000000 0.000000
6278 170 CH1 0.009524 3.281250 0.030642 FPGA_VCCINT -0.000194 0.000000 0.000000
6316 171 CH1 0.009524 3.281250 0.030642 FPGA_VCCINT -0.000194 0.000000 0.000000
6353 172 CH1 0.009524 3.281250 0.030642 FPGA_VCCINT -0.000194 0.000000 0.000000
6390 173 CH1 0.009524 3.281250 0.030642 FPGA_VCCINT -0.000194 0.000000 0.000000
6427 174 CH1 0.009524 3.281250 0.030642 FPGA_VCCINT -0.000194 0.000000 0.000000
6465 175 CH1 0.009524 3.281250 0.030642 FPGA_VCCINT -0.000194 0.000000 0.000000
6502 176 CH1 0.009524 3.281250 0.030642 FPGA_VCCINT -0.000194 0.000000 0.000000
6539 177 CH1 0.009524 3.281250 0.030642 FPGA_VCCINT -0.000194 0.000000 0.000000
6577 178 CH1 0.009524 3.281250 0.030642 FPGA_VCCINT -0.000194 0.000000 0.000000
6614 179 CH1 0.009524 3.281250 0.030642 FPGA_VCCINT -0.000194 0.000000 0.000000
6651 180 CH1 0.009524 3.281250 0.030642 FPGA_VCCINT -0.000194 0.000000 0.000000
6688 181 CH1 0.009524 3.281250 0.030642 FPGA_VCCINT -0.000194 0.000000 0.000000
6726 182 CH1 0.009524 3.281250 0.030642 FPGA_VCCINT -0.000194 0.000000 0.000000
6763 183 CH1 0.009524 3.281250 0.030642 FPGA_VCCINT -0.000194 0.000000 0.000000
6800 184 CH1 0.009524 3.281250 0.030642 FPGA_VCCINT -0.000194 0.000000 0.000000
6837 185 CH1 0.009524 3.281250 0.030642 FPGA_VCCINT -0.000194 0.000000 0.000000
6875 186 CH1 0.009524 3.281250 0.030642 FPGA_VCCINT -0.000194 0.000000 0.000000
6912 187 CH1 0.009524 3.281250 0.030642 FPGA_VCCINT -0.000194 0.000000 0.000000
6949 188 CH1 0.009524 3.281250 0.030642 FPGA_VCCINT -0.000194 0.000000 0.000000
6986 189 CH1 0.009524 3.281250 0.030642 FPGA_VCCINT -0.000194 0.000000 0.000000
7024 190 CH1 0.009524 3.281250 0.030642 FPGA_VCCINT -0.000194 0.000000 0.000000
7061 191 CH1 0.009524 3.281250 0.030642 FPGA_VCCINT -0.000194 0.000000 0.000000
7098 192 CH1 0.009524 3.281250 0.030642 FPGA_VCCINT -0.000194 0.000000 0.000000
7136 193 CH1 0.009524 3.281250 0.030642 FPGA_VCCINT -0.000194 0.000000 0.000000
7173 194 CH1 0.009524 3.281250 0.030642 FPGA_VCCINT -0.000194 0.000000 0.000000
7210 195 CH1 0.009524 3.281250 0.030642 FPGA_VCCINT -0.000194 0.000000 0.000000
7247 196 CH1 0.009524 3.281250 0.030642 FPGA_VCCINT -0.000194 0.000000 0.000000
7285 197 CH1 0.009524 3.281250 0.030642 FPGA_VCCINT -0.000194 0.000000 0.000000
7322 198 CH1 0.009524 3.281250 0.030642 FPGA_VCCINT -0.000194 0.000000 0.000000
7360 199 CH1 0.009524 3.281250 0.030642 FPGA_VCCINT -0.000194 0.000000 0.000000
7397 200 CH1 0.009524 3.281250 0.030642 FPGA_VCCINT -0.000194 0.000000 0.000000
7434 201 CH1 0.009524 3.281250 0.030642 FPGA_VCCINT -0.000194 0.000000 0.000000
7471 202 CH1 0.009524 3.281250 0.030642 FPGA_VCCINT -0.000194 0.000000 0.000000
7509 203 CH1 0.009524 3.281250 0.030642 FPGA_VCCINT -0.000194 0.000000 0.000000
7546 204 CH1 0.009524 3.281250 0.030642 FPGA_VCCINT -0.000194 0.000000 0.000000
7583 205 CH1 0.009524 3.281250 0.030642 FPGA_VCCINT -0.000194 0.000000 0.000000
7620 206 CH1 0.009524 3.281250 0.030642 FPGA_VCCINT -0.000194 0.000000 0.000000
7658 207 CH1 0.009524 3.281250 0.030642 FPGA_VCCINT -0.000194 0.000000 0.000000
7695 208 CH1 0.009524 3.281250 0.030642 FPGA_VCCINT -0.000194 0.000000 0.000000
7732 209 CH1 0.009524 3.281250 0.030642 FPGA_VCCINT -0.000194 0.000000 0.000000
7770 210 CH1 0.009524 3.281250 0.030642 FPGA_VCCINT -0.000194 0.000000 0.000000
