11 1 CH1 0.009524 3.281250 0.030642 FPGA_VCCINT -0.000194 0.000000 0.000000
47 2 CH1 0.009524 3.281250 0.030642 FPGA_VCCINT -0.000194 0.000000 0.000000
83 3 CH1 0.009524 3.281250 0.030642 FPGA_VCCINT -0.000194 0.000000 0.000000
119 4 CH1 0.009524 3.281250 0.030642 FPGA_VCCINT -0.000194 0.000000 0.000000
156 5 CH1 0.009524 3.281250 0.030642 FPGA_VCCINT -0.000194 0.000000 0.000000
192 6 CH1 0.009524 3.281250 0.030642 FPGA_VCCINT -0.000194 0.000000 0.000000
229 7 CH1 0.009524 3.281250 0.030642 FPGA_VCCINT -0.000194 0.000000 0.000000
265 8 CH1 0.009524 3.281250 0.030642 FPGA_VCCINT -0.000194 0.000000 0.000000
302 9 CH1 0.009524 3.281250 0.030642 FPGA_VCCINT -0.000194 0.000000 0.000000
338 10 CH1 0.009524 3.281250 0.030642 FPGA_VCCINT -0.000194 0.000000 0.000000
375 11 CH1 0.009524 3.281250 0.030642 FPGA_VCCINT -0.000194 0.000000 0.000000
412 12 CH1 0.009524 3.281250 0.030642 FPGA_VCCINT -0.000194 0.000000 0.000000
448 13 CH1 0.009524 3.281250 0.030642 FPGA_VCCINT -0.000194 0.000000 0.000000
485 14 CH1 0.009524 3.281250 0.030642 FPGA_VCCINT -0.000194 0.000000 0.000000
522 15 CH1 0.009524 3.281250 0.030642 FPGA_VCCINT -0.000194 0.000000 0.000000
559 16 CH1 0.009524 3.281250 0.030642 FPGA_VCCINT -0.000194 0.000000 0.000000
596 17 CH1 0.009524 3.281250 0.030642 FPGA_VCCINT -0.000194 0.000000 0.000000
632 18 CH1 0.009524 3.281250 0.030642 FPGA_VCCINT -0.000194 0.000000 0.000000
669 19 CH1 0.009524 3.281250 0.030642 FPGA_VCCINT -0.000194 0.000000 0.000000
706 20 CH1 0.009524 3.281250 0.030642 FPGA_VCCINT -0.000194 0.000000 0.000000
742 21 CH1 0.009524 3.281250 0.030642 FPGA_VCCINT -0.000194 0.000000 0.000000
779 22 CH1 0.009524 3.281250 0.030642 FPGA_VCCINT -0.000194 0.000000 0.000000
816 23 CH1 0.009524 3.281250 0.030642 FPGA_VCCINT -0.000194 0.000000 0.000000
853 24 CH1 0.009524 3.281250 0.030642 FPGA_VCCINT -0.000194 0.000000 0.000000
890 25 CH1 0.009524 3.281250 0.030642 FPGA_VCCINT -0.000194 0.000000 0.000000
927 26 CH1 0.009524 3.281250 0.030642 FPGA_VCCINT -0.000194 0.000000 0.000000
963 27 CH1 0.009524 3.281250 0.030642 FPGA_VCCINT -0.000194 0.000000 0.000000
1000 28 CH1 0.009524 3.281250 0.030642 FPGA_VCCINT -0.000194 0.000000 0.000000
1037 29 CH1 0.009524 3.281250 0.030642 FPGA_VCCINT -0.000194 0.000000 0.000000
1074 30 CH1 0.009524 3.281250 0.030642 FPGA_VCCINT -0.000194 0.000000 0.000000
1111 31 CH1 0.009524 3.281250 0.030642 FPGA_VCCINT -0.000194 0.000000 0.000000
1148 32 CH1 0.009524 3.281250 0.030642 FPGA_VCCINT -0.000194 0.000000 0.000000
1185 33 CH1 0.009524 3.281250 0.030642 FPGA_VCCINT -0.000194 0.000000 0.000000
1222 34 CH1 0.009524 3.281250 0.030642 FPGA_VCCINT -0.000194 0.000000 0.000000
1258 35 CH1 0.009524 3.281250 0.030642 FPGA_VCCINT -0.000194 0.000000 0.000000
1296 36 CH1 0.009524 3.281250 0.030642 FPGA_VCCINT -0.000194 0.000000 0.000000
1332 37 CH1 0.009524 3.281250 0.030642 FPGA_VCCINT -0.000194 0.000000 0.000000
1369 38 CH1 0.009524 3.281250 0.030642 FPGA_VCCINT -0.000194 0.000000 0.000000
1406 39 CH1 0.009524 3.281250 0.030642 FPGA_VCCINT -0.000194 0.000000 0.000000
1444 40 CH1 0.009524 3.281250 0.030642 FPGA_VCCINT -0.000194 0.000000 0.000000
1481 41 CH1 0.009524 3.281250 0.030642 FPGA_VCCINT -0.000194 0.000000 0.000000
1518 42 CH1 0.009524 3.281250 0.030642 FPGA_VCCINT -0.000194 0.000000 0.000000
1555 43 CH1 0.009524 3.281250 0.030642 FPGA_VCCINT -0.000194 0.000000 0.000000
1592 44 CH1 0.009524 3.281250 0.030642 FPGA_VCCINT -0.000194 0.000000 0.000000
1629 45 CH1 0.009524 3.281250 0.030642 FPGA_VCCINT -0.000194 0.000000 0.000000
1666 46 CH1 0.009524 3.281250 0.030642 FPGA_VCCINT -0.000194 0.000000 0.000000
1703 47 CH1 0.009524 3.281250 0.030642 FPGA_VCCINT -0.000194 0.000000 0.000000
1741 48 CH1 0.009524 3.281250 0.030642 FPGA_VCCINT -0.000194 0.000000 0.000000
1778 49 CH1 0.009524 3.281250 0.030642 FPGA_VCCINT -0.000194 0.000000 0.000000
1815 50 CH1 0.009524 3.281250 0.030642 FPGA_VCCINT -0.000194 0.000000 0.000000
1852 51 CH1 0.012698 3.281250 0.040856 FPGA_VCCINT -0.000194 0.000000 0.000000
1889 52 CH1 0.015873 3.281250 0.051070 FPGA_VCCINT -0.000194 0.000000 0.000000
1926 53 CH1 0.015873 3.281250 0.051070 FPGA_VCCINT -0.000194 0.000000 0.000000
1963 54 CH1 0.015873 3.281250 0.051070 FPGA_VCCINT -0.000194 0.000000 0.000000
2001 55 CH1 0.015873 3.281250 0.051070 FPGA_VCCINT -0.000194 0.000000 0.000000
2038 56 CH1 0.015873 3.281250 0.051070 FPGA_VCCINT -0.000194 0.000000 0.000000
2075 57 CH1 0.015873 3.281250 0.051070 FPGA_VCCINT -0.000194 0.000000 0.000000
2112 58 CH1 0.015873 3.281250 0.051070 FPGA_VCCINT -0.000194 0.000000 0.000000
2149 59 CH1 0.015873 3.281250 0.051070 FPGA_VCCINT -0.000194 0.000000 0.000000
2186 60 CH1 0.015873 3.281250 0.051070 FPGA_VCCINT -0.000194 0.000000 0.000000
2223 61 CH1 0.015873 3.281250 0.051070 FPGA_VCCINT -0.000194 0.000000 0.000000
2260 62 CH1 0.015873 3.281250 0.051070 FPGA_VCCINT -0.000194 0.000000 0.000000
2297 63 CH1 0.015873 3.281250 0.051070 FPGA_VCCINT -0.000194 0.000000 0.000000
2335 64 CH1 0.015873 3.281250 0.051070 FPGA_VCCINT -0.000194 0.000000 0.000000
2372 65 CH1 0.015873 3.281250 0.051070 FPGA_VCCINT -0.000194 0.000000 0.000000
2409 66 CH1 0.015873 3.281250 0.051070 FPGA_VCCINT -0.000194 0.000000 0.000000
2446 67 CH1 0.015873 3.281250 0.051070 FPGA_VCCINT -0.000194 0.000000 0.000000
2483 68 CH1 0.015873 3.281250 0.051070 FPGA_VCCINT -0.000194 0.000000 0.000000
2520 69 CH1 0.015873 3.281250 0.051070 FPGA_VCCINT -0.000194 0.000000 0.000000
2557 70 CH1 0.015873 3.281250 0.051070 FPGA_VCCINT -0.000194 0.000000 0.000000
2594 71 CH1 0.015873 3.281250 0.051070 FPGA_VCCINT -0.000194 0.000000 0.000000
2632 72 CH1 0.015873 3.281250 0.051070 FPGA_VCCINT -0.000194 0.000000 0.000000
2669 73 CH1 0.015873 3.281250 0.051070 FPGA_VCCINT -0.000194 0.000000 0.000000
2706 74 CH1 0.015873 3.281250 0.051070 FPGA_VCCINT -0.000194 0.000000 0.000000
2743 75 CH1 0.015873 3.281250 0.051070 FPGA_VCCINT -0.000194 0.000000 0.000000
2780 76 CH1 0.015873 3.281250 0.051070 FPGA_VCCINT -0.000194 0.000000 0.000000
2817 77 CH1 0.015873 3.281250 0.051070 FPGA_VCCINT -0.000194 0.000000 0.000000
2854 78 CH1 0.015873 3.281250 0.051070 FPGA_VCCINT -0.000194 0.000000 0.000000
2891 79 CH1 0.015873 3.281250 0.051070 FPGA_VCCINT -0.000194 0.000000 0.000000
2928 80 CH1 0.015873 3.281250 0.051070 FPGA_VCCINT -0.000194 0.000000 0.000000
2966 81 CH1 0.015873 3.281250 0.051070 FPGA_VCCINT -0.000194 0.000000 0.000000
3003 82 CH1 0.015873 3.281250 0.051070 FPGA_VCCINT -0.000194 0.000000 0.000000
3040 83 CH1 0.015873 3.281250 0.051070 FPGA_VCCINT -0.000194 0.000000 0.000000
3077 84 CH1 0.015873 3.281250 0.051070 FPGA_VCCINT -0.000194 0.000000 0.000000
3114 85 CH1 0.015873 3.281250 0.051070 FPGA_VCCINT -0.000194 0.000000 0.000000
3151 86 CH1 0.015873 3.281250 0.051070 FPGA_VCCINT -0.000194 0.000000 0.000000
3188 87 CH1 0.015873 3.281250 0.051070 FPGA_VCCINT -0.000194 0.000000 0.000000
3225 88 CH1 0.015873 3.281250 0.051070 FPGA_VCCINT -0.000194 0.000000 0.000000
3262 89 CH1 0.015873 3.281250 0.051070 FPGA_VCCINT -0.000194 0.000000 0.000000
3299 90 CH1 0.015873 3.281250 0.051070 FPGA_VCCINT -0.000194 0.000000 0.000000
3336 91 CH1 0.015873 3.281250 0.051070 FPGA_VCCINT -0.000194 0.000000 0.000000
3374 92 CH1 0.015873 3.281250 0.051070 FPGA_VCCINT -0.000194 0.000000 0.000000
3411 93 CH1 0.015873 3.281250 0.051070 FPGA_VCCINT -0.000194 0.000000 0.000000
3448 94 CH1 0.015873 3.281250 0.051070 FPGA_VCCINT -0.000194 0.000000 0.000000
3485 95 CH1 0.015873 3.281250 0.051070 FPGA_VCCINT -0.000194 0.000000 0.000000
3522 96 CH1 0.015873 3.281250 0.051070 FPGA_VCCINT -0.000194 0.000000 0.000000
3559 97 CH1 0.015873 3.281250 0.051070 FPGA_VCCINT -0.000194 0.000000 0.000000
3596 98 CH1 0.015873 3.281250 0.051070 FPGA_VCCINT -0.000194 0.000000 0.000000
3633 99 CH1 0.015873 3.281250 0.051070 FPGA_VCCINT -0.000194 0.000000 0.000000
3671 100 CH1 0.015873 3.281250 0.051070 FPGA_VCCINT -0.000194 0.000000 0.000000
3708 101 CH1 0.015873 3.281250 0.051070 FPGA_VCCINT -0.000194 0.000000 0.000000
3745 102 CH1 0.015873 3.281250 0.051070 FPGA_VCCINT -0.000194 0.000000 0.000000
3782 103 CH1 0.015873 3.281250 0.051070 FPGA_VCCINT -0.000194 0.000000 0.000000
3819 104 CH1 0.015873 3.281250 0.051070 FPGA_VCCINT -0.000194 0.000000 0.000000
3857 105 CH1 0.015873 3.281250 0.051070 FPGA_VCCINT -0.000194 0.000000 0.000000
3894 106 CH1 0.015873 3.281250 0.051070 FPGA_VCCINT -0.000194 0.000000 0.000000
3931 107 CH1 0.015873 3.281250 0.051070 FPGA_VCCINT -0.000194 0.000000 0.000000
3968 108 CH1 0.015873 3.281250 0.051070 FPGA_VCCINT -0.000194 0.000000 0.000000
4006 109 CH1 0.015873 3.281250 0.051070 FPGA_VCCINT -0.000194 0.000000 0.000000
4043 110 CH1 0.015873 3.281250 0.051070 FPGA_VCCINT -0.000194 0.000000 0.000000
4080 111 CH1 0.015873 3.281250 0.051070 FPGA_VCCINT -0.000194 0.000000 0.000000
4117 112 CH1 0.015873 3.281250 0.051070 FPGA_VCCINT -0.000194 0.000000 0.000000
4155 113 CH1 0.015873 3.281250 0.051070 FPGA_VCCINT -0.000194 0.000000 0.000000
4192 114 CH1 0.015873 3.281250 0.051070 FPGA_VCCINT -0.000194 0.000000 0.000000
4230 115 CH1 0.015873 3.281250 0.051070 FPGA_VCCINT -0.000194 0.000000 0.000000
4267 116 CH1 0.015873 3.281250 0.051070 FPGA_VCCINT -0.000194 0.000000 0.000000
4304 117 CH1 0.015873 3.281250 0.051070 FPGA_VCCINT -0.000194 0.000000 0.000000
4341 118 CH1 0.015873 3.281250 0.051070 FPGA_VCCINT -0.000194 0.000000 0.000000
4379 119 CH1 0.015873 3.281250 0.051070 FPGA_VCCINT -0.000194 0.000000 0.000000
4416 120 CH1 0.015873 3.281250 0.051070 FPGA_VCCINT -0.000194 0.000000 0.000000
4453 121 CH1 0.015873 3.281250 0.051070 FPGA_VCCINT -0.000194 0.000000 0.000000
4491 122 CH1 0.015873 3.281250 0.051070 FPGA_VCCINT -0.000194 0.000000 0.000000
4528 123 CH1 0.015873 3.281250 0.051070 FPGA_VCCINT -0.000194 0.000000 0.000000
4565 124 CH1 0.015873 3.281250 0.051070 FPGA_VCCINT -0.000194 0.000000 0.000000
4603 125 CH1 0.015873 3.281250 0.051070 FPGA_VCCINT -0.000194 0.000000 0.000000
4640 126 CH1 0.015873 3.281250 0.051070 FPGA_VCCINT -0.000194 0.000000 0.000000
4677 127 CH1 0.015873 3.281250 0.051070 FPGA_VCCINT -0.000194 0.000000 0.000000
4714 128 CH1 0.015873 3.281250 0.051070 FPGA_VCCINT -0.000194 0.000000 0.000000
4752 129 CH1 0.015873 3.281250 0.051070 FPGA_VCCINT -0.000194 0.000000 0.000000
4789 130 CH1 0.015873 3.281250 0.051070 FPGA_VCCINT -0.000194 0.000000 0.000000
4827 131 CH1 0.015873 3.281250 0.051070 FPGA_VCCINT -0.000194 0.000000 0.000000
4864 132 CH1 0.015873 3.281250 0.051070 FPGA_VCCINT -0.000194 0.000000 0.000000
4901 133 CH1 0.015873 3.281250 0.051070 FPGA_VCCINT -0.000194 0.000000 0.000000
4939 134 CH1 0.015873 3.281250 0.051070 FPGA_VCCINT -0.000194 0.000000 0.000000
4976 135 CH1 0.015873 3.281250 0.051070 FPGA_VCCINT -0.000194 0.000000 0.000000
5013 136 CH1 0.015873 3.281250 0.051070 FPGA_VCCINT -0.000194 0.000000 0.000000
5050 137 CH1 0.015873 3.281250 0.051070 FPGA_VCCINT -0.000194 0.000000 0.000000
5088 138 CH1 0.015873 3.281250 0.051070 FPGA_VCCINT -0.000194 0.000000 0.000000
5125 139 CH1 0.015873 3.281250 0.051070 FPGA_VCCINT -0.000194 0.000000 0.000000
5163 140 CH1 0.015873 3.281250 0.051070 FPGA_VCCINT -0.000194 0.000000 0.000000
5200 141 CH1 0.015873 3.281250 0.051070 FPGA_VCCINT -0.000194 0.000000 0.000000
5237 142 CH1 0.015873 3.281250 0.051070 FPGA_VCCINT -0.000194 0.000000 0.000000
5274 143 CH1 0.015873 3.281250 0.051070 FPGA_VCCINT -0.000194 0.000000 0.000000
5312 144 CH1 0.015873 3.281250 0.051070 FPGA_VCCINT -0.000194 0.000000 0.000000
5349 145 CH1 0.015873 3.281250 0.051070 FPGA_VCCINT -0.000194 0.000000 0.000000
5386 146 CH1 0.015873 3.281250 0.051070 FPGA_VCCINT -0.000194 0.000000 0.000000
5424 147 CH1 0.015873 3.281250 0.051070 FPGA_VCCINT -0.000194 0.000000 0.000000
5461 148 CH1 0.015873 3.281250 0.051070 FPGA_VCCINT -0.000194 0.000000 0.000000
5499 149 CH1 0.015873 3.281250 0.051070 FPGA_VCCINT -0.000194 0.000000 0.000000
5536 150 CH1 0.015873 3.281250 0.051070 FPGA_VCCINT -0.000194 0.000000 0.000000
5573 151 CH1 0.015873 3.281250 0.051070 FPGA_VCCINT -0.000194 0.000000 0.000000
5610 152 CH1 0.015873 3.281250 0.051070 FPGA_VCCINT -0.000194 0.000000 0.000000
5648 153 CH1 0.015873 3.281250 0.051070 FPGA_VCCINT -0.000194 0.000000 0.000000
5685 154 CH1 0.015873 3.281250 0.051070 FPGA_VCCINT -0.000194 0.000000 0.000000
5722 155 CH1 0.015873 3.281250 0.051070 FPGA_VCCINT -0.000194 0.000000 0.000000
5760 156 CH1 0.015873 3.281250 0.051070 FPGA_VCCINT -0.000194 0.000000 0.000000
5797 157 CH1 0.015873 3.281250 0.051070 FPGA_VCCINT -0.000194 0.000000 0.000000
5835 158 CH1 0.015873 3.281250 0.051070 FPGA_VCCINT -0.000194 0.000000 0.000000
5872 159 CH1 0.015873 3.281250 0.051070 FPGA_VCCINT -0.000194 0.000000 0.000000
5909 160 CH1 0.015873 3.281250 0.051070 FPGA_VCCINT -0.000194 0.000000 0.000000
5946 161 CH1 0.015873 3.281250 0.051070 FPGA_VCCINT -0.000194 0.000000 0.000000
5984 162 CH1 0.015873 3.281250 0.051070 FPGA_VCCINT -0.000194 0.000000 0.000000
6021 163 CH1 0.015873 3.281250 0.051070 FPGA_VCCINT -0.000194 0.000000 0.000000
6058 164 CH1 0.015873 3.281250 0.051070 FPGA_VCCINT -0.000194 0.000000 0.000000
6095 165 CH1 0.015873 3.281250 0.051070 FPGA_VCCINT -0.000194 0.000000 0.000000
6133 166 CH1 0.015873 3.281250 0.051070 FPGA_VCCINT -0.000194 0.000000 0.000000
6171 167 CH1 0.015873 3.281250 0.051070 FPGA_VCCINT -0.000194 0.000000 0.000000
6208 168 CH1 0.015873 3.281250 0.051070 FPGA_VCCINT -0.000194 0.000000 0.000000
6245 169 CH1 0.015873 3.281250 0.051070 FPGA_VCCINT -0.000194 0.000000 0.000000
6282 170 CH1 0.015873 3.281250 0.051070 FPGA_VCCINT -0.000194 0.000000 0.000000
6320 171 CH1 0.015873 3.281250 0.051070 FPGA_VCCINT -0.000194 0.000000 0.000000
6357 172 CH1 0.015873 3.281250 0.051070 FPGA_VCCINT -0.000194 0.000000 0.000000
6394 173 CH1 0.015873 3.281250 0.051070 FPGA_VCCINT -0.000194 0.000000 0.000000
6431 174 CH1 0.015873 3.281250 0.051070 FPGA_VCCINT -0.000194 0.000000 0.000000
6469 175 CH1 0.015873 3.281250 0.051070 FPGA_VCCINT -0.000194 0.000000 0.000000
6506 176 CH1 0.015873 3.281250 0.051070 FPGA_VCCINT -0.000194 0.000000 0.000000
6544 177 CH1 0.015873 3.281250 0.051070 FPGA_VCCINT -0.000194 0.000000 0.000000
6581 178 CH1 0.015873 3.281250 0.051070 FPGA_VCCINT -0.000194 0.000000 0.000000
6618 179 CH1 0.015873 3.281250 0.051070 FPGA_VCCINT -0.000194 0.000000 0.000000
6656 180 CH1 0.015873 3.281250 0.051070 FPGA_VCCINT -0.000194 0.000000 0.000000
6693 181 CH1 0.015873 3.281250 0.051070 FPGA_VCCINT -0.000194 0.000000 0.000000
6730 182 CH1 0.015873 3.281250 0.051070 FPGA_VCCINT -0.000194 0.000000 0.000000
6767 183 CH1 0.015873 3.281250 0.051070 FPGA_VCCINT -0.000194 0.000000 0.000000
6804 184 CH1 0.015873 3.281250 0.051070 FPGA_VCCINT -0.000194 0.000000 0.000000
6842 185 CH1 0.015873 3.281250 0.051070 FPGA_VCCINT -0.000194 0.000000 0.000000
6880 186 CH1 0.015873 3.281250 0.051070 FPGA_VCCINT -0.000194 0.000000 0.000000
6917 187 CH1 0.015873 3.281250 0.051070 FPGA_VCCINT -0.000194 0.000000 0.000000
6954 188 CH1 0.015873 3.281250 0.051070 FPGA_VCCINT -0.000194 0.000000 0.000000
6992 189 CH1 0.015873 3.281250 0.051070 FPGA_VCCINT -0.000194 0.000000 0.000000
7029 190 CH1 0.015873 3.281250 0.051070 FPGA_VCCINT -0.000194 0.000000 0.000000
7066 191 CH1 0.015873 3.281250 0.051070 FPGA_VCCINT -0.000194 0.000000 0.000000
7103 192 CH1 0.015873 3.281250 0.051070 FPGA_VCCINT -0.000194 0.000000 0.000000
7141 193 CH1 0.015873 3.281250 0.051070 FPGA_VCCINT -0.000194 0.000000 0.000000
7178 194 CH1 0.015873 3.281250 0.051070 FPGA_VCCINT -0.000194 0.000000 0.000000
7216 195 CH1 0.015873 3.281250 0.051070 FPGA_VCCINT -0.000194 0.000000 0.000000
7253 196 CH1 0.015873 3.281250 0.051070 FPGA_VCCINT -0.000194 0.000000 0.000000
7290 197 CH1 0.015873 3.281250 0.051070 FPGA_VCCINT -0.000194 0.000000 0.000000
7328 198 CH1 0.015873 3.281250 0.051070 FPGA_VCCINT -0.000194 0.000000 0.000000
7365 199 CH1 0.015873 3.281250 0.051070 FPGA_VCCINT -0.000194 0.000000 0.000000
7402 200 CH1 0.015873 3.281250 0.051070 FPGA_VCCINT -0.000194 0.000000 0.000000
7439 201 CH1 0.015873 3.281250 0.051070 FPGA_VCCINT -0.000194 0.000000 0.000000
7477 202 CH1 0.015873 3.281250 0.051070 FPGA_VCCINT -0.000194 0.000000 0.000000
7514 203 CH1 0.015873 3.281250 0.051070 FPGA_VCCINT -0.000194 0.000000 0.000000
7551 204 CH1 0.015873 3.281250 0.051070 FPGA_VCCINT -0.000194 0.000000 0.000000
7589 205 CH1 0.015873 3.281250 0.051070 FPGA_VCCINT -0.000194 0.000000 0.000000
7626 206 CH1 0.015873 3.281250 0.051070 FPGA_VCCINT -0.000194 0.000000 0.000000
7663 207 CH1 0.015873 3.281250 0.051070 FPGA_VCCINT -0.000194 0.000000 0.000000
7701 208 CH1 0.015873 3.281250 0.051070 FPGA_VCCINT -0.000194 0.000000 0.000000
7738 209 CH1 0.015873 3.281250 0.051070 FPGA_VCCINT -0.000194 0.000000 0.000000
7775 210 CH1 0.015873 3.281250 0.051070 FPGA_VCCINT -0.000194 0.000000 0.000000
7812 211 CH1 0.015873 3.281250 0.051070 