11 1 CH1 0.400000 3.281250 1.306663 FPGA_VCCINT 0.006194 1.093750 0.006643
50 2 CH1 0.400000 3.281250 1.306663 FPGA_VCCINT 0.006194 1.093750 0.006643
88 3 CH1 0.400000 3.281250 1.306663 FPGA_VCCINT 0.006194 1.093750 0.006643
127 4 CH1 0.400000 3.281250 1.306663 FPGA_VCCINT 0.006194 1.093750 0.006643
166 5 CH1 0.400000 3.281250 1.306663 FPGA_VCCINT 0.006194 1.093750 0.006643
205 6 CH1 0.400000 3.281250 1.306663 FPGA_VCCINT 0.006194 1.093750 0.006643
244 7 CH1 0.400000 3.281250 1.306663 FPGA_VCCINT 0.006194 1.093750 0.006643
283 8 CH1 0.400000 3.281250 1.306663 FPGA_VCCINT 0.006194 1.093750 0.006643
321 9 CH1 0.400000 3.281250 1.306663 FPGA_VCCINT 0.006194 1.093750 0.006643
360 10 CH1 0.400000 3.281250 1.306663 FPGA_VCCINT 0.006194 1.093750 0.006643
399 11 CH1 0.400000 3.281250 1.306663 FPGA_VCCINT 0.006194 1.093750 0.006643
439 12 CH1 0.400000 3.281250 1.306663 FPGA_VCCINT 0.006194 1.093750 0.006643
478 13 CH1 0.400000 3.281250 1.306663 FPGA_VCCINT 0.006194 1.093750 0.006643
517 14 CH1 0.400000 3.281250 1.306663 FPGA_VCCINT 0.006194 1.093750 0.006643
556 15 CH1 0.400000 3.281250 1.306663 FPGA_VCCINT 0.006194 1.093750 0.006643
595 16 CH1 0.400000 3.281250 1.306663 FPGA_VCCINT 0.006194 1.093750 0.006643
634 17 CH1 0.400000 3.281250 1.306663 FPGA_VCCINT 0.006194 1.093750 0.006643
673 18 CH1 0.400000 3.281250 1.306663 FPGA_VCCINT 0.006194 1.093750 0.006643
713 19 CH1 0.400000 3.281250 1.306663 FPGA_VCCINT 0.006194 1.093750 0.006643
752 20 CH1 0.400000 3.281250 1.306663 FPGA_VCCINT 0.006194 1.093750 0.006643
791 21 CH1 0.400000 3.281250 1.306663 FPGA_VCCINT 0.006194 1.093750 0.006643
830 22 CH1 0.400000 3.281250 1.306663 FPGA_VCCINT 0.006194 1.093750 0.006643
869 23 CH1 0.400000 3.281250 1.306663 FPGA_VCCINT 0.006194 1.093750 0.006643
908 24 CH1 0.400000 3.281250 1.306663 FPGA_VCCINT 0.006194 1.093750 0.006643
947 25 CH1 0.400000 3.281250 1.306663 FPGA_VCCINT 0.006194 1.093750 0.006643
987 26 CH1 0.400000 3.281250 1.306663 FPGA_VCCINT 0.006194 1.093750 0.006643
1026 27 CH1 0.400000 3.281250 1.306663 FPGA_VCCINT 0.006194 1.093750 0.006643
1065 28 CH1 0.400000 3.281250 1.306663 FPGA_VCCINT 0.006194 1.093750 0.006643
1104 29 CH1 0.400000 3.281250 1.306663 FPGA_VCCINT 0.006194 1.093750 0.006643
1144 30 CH1 0.400000 3.281250 1.306663 FPGA_VCCINT 0.006194 1.093750 0.006643
1184 31 CH1 0.400000 3.281250 1.306663 FPGA_VCCINT 0.006194 1.093750 0.006643
1224 32 CH1 0.400000 3.281250 1.306663 FPGA_VCCINT 0.006194 1.093750 0.006643
1263 33 CH1 0.400000 3.281250 1.306663 FPGA_VCCINT 0.006194 1.093750 0.006643
1302 34 CH1 0.400000 3.281250 1.306663 FPGA_VCCINT 0.006194 1.093750 0.006643
1342 35 CH1 0.400000 3.281250 1.306663 FPGA_VCCINT 0.006194 1.093750 0.006643
1381 36 CH1 0.400000 3.281250 1.306663 FPGA_VCCINT 0.006194 1.093750 0.006643
1421 37 CH1 0.400000 3.281250 1.306663 FPGA_VCCINT 0.006194 1.093750 0.006643
1460 38 CH1 0.400000 3.281250 1.306663 FPGA_VCCINT 0.006194 1.093750 0.006643
1499 39 CH1 0.400000 3.281250 1.306663 FPGA_VCCINT 0.006194 1.093750 0.006643
1539 40 CH1 0.400000 3.281250 1.306663 FPGA_VCCINT 0.006194 1.093750 0.006643
1578 41 CH1 0.400000 3.281250 1.306663 FPGA_VCCINT 0.006194 1.093750 0.006643
1617 42 CH1 0.400000 3.281250 1.306663 FPGA_VCCINT 0.006194 1.093750 0.006643
1657 43 CH1 0.400000 3.281250 1.306663 FPGA_VCCINT 0.006194 1.093750 0.006643
1696 44 CH1 0.400000 3.281250 1.306663 FPGA_VCCINT 0.006194 1.093750 0.006643
1736 45 CH1 -0.406349 3.281250 1.306663 FPGA_VCCINT 0.000387 1.093750 0.000415
1775 46 CH1 -0.120635 3.281250 0.388132 FPGA_VCCINT 0.000000 1.093750 0.000000
1812 47 CH1 -0.120635 3.281250 0.122568 FPGA_VCCINT 0.000000 1.093750 0.000000
1849 48 CH1 0.038095 3.281250 0.122568 FPGA_VCCINT 0.000000 1.093750 0.000000
1887 49 CH1 0.069841 3.281250 0.224708 FPGA_VCCINT 0.000000 1.093750 0.000000
1924 50 CH1 0.076190 3.281250 0.245136 FPGA_VCCINT 0.000000 1.093750 0.000000
1961 51 CH1 0.076190 3.281250 0.245136 FPGA_VCCINT 0.000000 1.093750 0.000000
1998 52 CH1 0.076190 3.281250 0.245136 FPGA_VCCINT 0.000000 1.093750 0.000000
2035 53 CH1 0.076190 3.281250 0.245136 FPGA_VCCINT 0.000000 1.093750 0.000000
2072 54 CH1 0.076190 3.281250 0.245136 FPGA_VCCINT 0.000000 1.093750 0.000000
2109 55 CH1 0.076190 3.281250 0.245136 FPGA_VCCINT 0.000000 1.093750 0.000000
2146 56 CH1 0.076190 3.281250 0.245136 FPGA_VCCINT 0.000000 1.093750 0.000000
2183 57 CH1 0.076190 3.281250 0.245136 FPGA_VCCINT 0.000000 1.093750 0.000000
2220 58 CH1 0.076190 3.281250 0.245136 FPGA_VCCINT 0.000000 1.093750 0.000000
2258 59 CH1 0.076190 3.281250 0.245136 FPGA_VCCINT 0.000000 1.093750 0.000000
2295 60 CH1 0.076190 3.281250 0.245136 FPGA_VCCINT 0.000000 1.093750 0.000000
2332 61 CH1 0.076190 3.281250 0.245136 FPGA_VCCINT 0.000000 1.093750 0.000000
2369 62 CH1 0.076190 3.281250 0.245136 FPGA_VCCINT 0.000000 1.093750 0.000000
2406 63 CH1 0.076190 3.281250 0.245136 FPGA_VCCINT 0.000000 1.093750 0.000000
2443 64 CH1 0.076190 3.281250 0.245136 FPGA_VCCINT 0.000000 1.093750 0.000000
2480 65 CH1 0.076190 3.281250 0.245136 FPGA_VCCINT 0.000000 1.093750 0.000000
2517 66 CH1 0.076190 3.281250 0.245136 FPGA_VCCINT 0.000000 1.093750 0.000000
2554 67 CH1 0.076190 3.281250 0.245136 FPGA_VCCINT 0.000000 1.093750 0.000000
2591 68 CH1 0.076190 3.281250 0.245136 FPGA_VCCINT 0.000000 1.093750 0.000000
2628 69 CH1 0.076190 3.281250 0.245136 FPGA_VCCINT 0.000000 1.093750 0.000000
2666 70 CH1 0.076190 3.281250 0.245136 FPGA_VCCINT 0.000000 1.093750 0.000000
2703 71 CH1 0.076190 3.281250 0.245136 FPGA_VCCINT 0.000000 1.093750 0.000000
2740 72 CH1 0.076190 3.281250 0.245136 FPGA_VCCINT 0.000000 1.093750 0.000000
2777 73 CH1 0.076190 3.281250 0.245136 FPGA_VCCINT 0.000000 1.093750 0.000000
2814 74 CH1 0.076190 3.281250 0.245136 FPGA_VCCINT 0.000000 1.093750 0.000000
2851 75 CH1 0.076190 3.281250 0.245136 FPGA_VCCINT 0.000000 1.093750 0.000000
2888 76 CH1 0.076190 3.281250 0.245136 FPGA_VCCINT 0.000000 1.093750 0.000000
2925 77 CH1 0.076190 3.281250 0.245136 FPGA_VCCINT 0.000000 1.093750 0.000000
2962 78 CH1 0.076190 3.281250 0.245136 FPGA_VCCINT 0.000000 1.093750 0.000000
2999 79 CH1 0.076190 3.281250 0.245136 FPGA_VCCINT 0.000000 1.093750 0.000000
3037 80 CH1 0.076190 3.281250 0.245136 FPGA_VCCINT 0.000000 1.093750 0.000000
3074 81 CH1 0.076190 3.281250 0.245136 FPGA_VCCINT 0.000000 1.093750 0.000000
3111 82 CH1 0.076190 3.281250 0.245136 FPGA_VCCINT 0.000000 1.093750 0.000000
3148 83 CH1 0.076190 3.281250 0.245136 FPGA_VCCINT 0.000000 1.093750 0.000000
3185 84 CH1 0.076190 3.281250 0.245136 FPGA_VCCINT 0.000000 1.093750 0.000000
3222 85 CH1 0.076190 3.281250 0.245136 FPGA_VCCINT 0.000000 1.093750 0.000000
3259 86 CH1 0.076190 3.281250 0.245136 FPGA_VCCINT 0.000000 1.093750 0.000000
3296 87 CH1 0.076190 3.281250 0.245136 FPGA_VCCINT 0.000000 1.093750 0.000000
3333 88 CH1 0.076190 3.281250 0.245136 FPGA_VCCINT 0.000000 1.093750 0.000000
3371 89 CH1 0.076190 3.281250 0.245136 FPGA_VCCINT 0.000000 1.093750 0.000000
3408 90 CH1 0.076190 3.281250 0.245136 FPGA_VCCINT 0.000000 1.093750 0.000000
3445 91 CH1 0.076190 3.281250 0.245136 FPGA_VCCINT 0.000000 1.093750 0.000000
3482 92 CH1 0.076190 3.281250 0.245136 FPGA_VCCINT 0.000000 1.093750 0.000000
3519 93 CH1 0.076190 3.281250 0.245136 FPGA_VCCINT 0.000000 1.093750 0.000000
3556 94 CH1 0.076190 3.281250 0.245136 FPGA_VCCINT 0.000000 1.093750 0.000000
3593 95 CH1 0.076190 3.281250 0.245136 FPGA_VCCINT 0.000000 1.093750 0.000000
3630 96 CH1 0.076190 3.281250 0.245136 FPGA_VCCINT 0.000000 1.093750 0.000000
3667 97 CH1 0.076190 3.281250 0.245136 FPGA_VCCINT 0.000000 1.093750 0.000000
3705 98 CH1 0.076190 3.281250 0.245136 FPGA_VCCINT 0.000000 1.093750 0.000000
3742 99 CH1 0.076190 3.281250 0.245136 FPGA_VCCINT 0.000000 1.093750 0.000000
3779 100 CH1 0.076190 3.281250 0.245136 FPGA_VCCINT 0.000000 1.093750 0.000000
3816 101 CH1 0.076190 3.281250 0.245136 FPGA_VCCINT 0.000000 1.093750 0.000000
3853 102 CH1 0.076190 3.281250 0.245136 FPGA_VCCINT 0.000000 1.093750 0.000000
3891 103 CH1 0.076190 3.281250 0.245136 FPGA_VCCINT 0.000000 1.093750 0.000000
3928 104 CH1 0.076190 3.281250 0.245136 FPGA_VCCINT 0.000000 1.093750 0.000000
3965 105 CH1 0.076190 3.281250 0.245136 FPGA_VCCINT 0.000000 1.093750 0.000000
4003 106 CH1 0.076190 3.281250 0.245136 FPGA_VCCINT 0.000000 1.093750 0.000000
4041 107 CH1 0.076190 3.281250 0.245136 FPGA_VCCINT 0.000000 1.093750 0.000000
4078 108 CH1 0.076190 3.281250 0.245136 FPGA_VCCINT 0.000000 1.093750 0.000000
4115 109 CH1 0.076190 3.281250 0.245136 FPGA_VCCINT 0.000000 1.093750 0.000000
4153 110 CH1 0.076190 3.281250 0.245136 FPGA_VCCINT 0.000000 1.093750 0.000000
4191 111 CH1 0.076190 3.281250 0.245136 FPGA_VCCINT 0.000000 1.093750 0.000000
4228 112 CH1 0.076190 3.281250 0.245136 FPGA_VCCINT 0.000000 1.093750 0.000000
4266 113 CH1 0.076190 3.281250 0.245136 FPGA_VCCINT 0.000000 1.093750 0.000000
4303 114 CH1 0.076190 3.281250 0.245136 FPGA_VCCINT 0.000000 1.093750 0.000000
4340 115 CH1 0.076190 3.281250 0.245136 FPGA_VCCINT 0.000000 1.093750 0.000000
4378 116 CH1 0.076190 3.281250 0.245136 FPGA_VCCINT 0.000000 1.093750 0.000000
4415 117 CH1 0.076190 3.281250 0.245136 FPGA_VCCINT 0.000000 1.093750 0.000000
4453 118 CH1 0.076190 3.281250 0.245136 FPGA_VCCINT 0.000000 1.093750 0.000000
4490 119 CH1 0.076190 3.281250 0.245136 FPGA_VCCINT 0.000000 1.093750 0.000000
4527 120 CH1 0.076190 3.281250 0.245136 FPGA_VCCINT 0.000000 1.093750 0.000000
4565 121 CH1 0.076190 3.281250 0.245136 FPGA_VCCINT 0.000000 1.093750 0.000000
4602 122 CH1 0.076190 3.281250 0.245136 FPGA_VCCINT 0.000000 1.093750 0.000000
4639 123 CH1 0.076190 3.281250 0.245136 FPGA_VCCINT 0.000000 1.093750 0.000000
4677 124 CH1 0.076190 3.281250 0.245136 FPGA_VCCINT 0.000000 1.093750 0.000000
4714 125 CH1 0.076190 3.281250 0.245136 FPGA_VCCINT 0.000000 1.093750 0.000000
4752 126 CH1 0.076190 3.281250 0.245136 FPGA_VCCINT 0.000000 1.093750 0.000000
4789 127 CH1 0.076190 3.281250 0.245136 FPGA_VCCINT 0.000000 1.093750 0.000000
4826 128 CH1 0.076190 3.281250 0.245136 FPGA_VCCINT 0.000000 1.093750 0.000000
4864 129 CH1 0.076190 3.281250 0.245136 FPGA_VCCINT 0.000000 1.093750 0.000000
4902 130 CH1 0.076190 3.281250 0.245136 FPGA_VCCINT 0.000000 1.093750 0.000000
4939 131 CH1 0.076190 3.281250 0.245136 FPGA_VCCINT 0.000000 1.093750 0.000000
4976 132 CH1 0.076190 3.281250 0.245136 FPGA_VCCINT 0.000000 1.093750 0.000000
5014 133 CH1 0.076190 3.281250 0.245136 FPGA_VCCINT 0.000000 1.093750 0.000000
5051 134 CH1 0.076190 3.281250 0.245136 FPGA_VCCINT 0.000000 1.093750 0.000000
5089 135 CH1 0.076190 3.281250 0.245136 FPGA_VCCINT 0.000000 1.093750 0.000000
5127 136 CH1 0.076190 3.281250 0.245136 FPGA_VCCINT 0.000000 1.093750 0.000000
5164 137 CH1 0.076190 3.281250 0.245136 FPGA_VCCINT 0.000000 1.093750 0.000000
5201 138 CH1 0.076190 3.281250 0.245136 FPGA_VCCINT 0.000000 1.093750 0.000000
5239 139 CH1 0.076190 3.281250 0.245136 FPGA_VCCINT 0.000000 1.093750 0.000000
5277 140 CH1 0.076190 3.281250 0.245136 FPGA_VCCINT 0.000000 1.093750 0.000000
5314 141 CH1 0.076190 3.281250 0.245136 FPGA_VCCINT 0.000000 1.093750 0.000000
5351 142 CH1 0.076190 3.281250 0.245136 FPGA_VCCINT 0.000000 1.093750 0.000000
5389 143 CH1 0.076190 3.281250 0.245136 FPGA_VCCINT 0.000000 1.093750 0.000000
5426 144 CH1 0.076190 3.281250 0.245136 FPGA_VCCINT 0.000000 1.093750 0.000000
5464 145 CH1 0.076190 3.281250 0.245136 FPGA_VCCINT 0.000000 1.093750 0.000000
5502 146 CH1 0.076190 3.281250 0.245136 FPGA_VCCINT 0.000000 1.093750 0.000000
5539 147 CH1 0.076190 3.281250 0.245136 FPGA_VCCINT 0.000000 1.093750 0.000000
5576 148 CH1 0.076190 3.281250 0.245136 FPGA_VCCINT 0.000000 1.093750 0.000000
5614 149 CH1 0.076190 3.281250 0.245136 FPGA_VCCINT 0.000000 1.093750 0.000000
5651 150 CH1 0.076190 3.281250 0.245136 FPGA_VCCINT 0.000000 1.093750 0.000000
5689 151 CH1 0.076190 3.281250 0.245136 FPGA_VCCINT 0.000000 1.093750 0.000000
5726 152 CH1 0.076190 3.281250 0.245136 FPGA_VCCINT 0.000000 1.093750 0.000000
5763 153 CH1 0.076190 3.281250 0.245136 FPGA_VCCINT 0.000000 1.093750 0.000000
5801 154 CH1 0.076190 3.281250 0.245136 FPGA_VCCINT 0.000000 1.093750 0.000000
5838 155 CH1 0.076190 3.281250 0.245136 FPGA_VCCINT 0.000000 1.093750 0.000000
5875 156 CH1 0.076190 3.281250 0.245136 FPGA_VCCINT 0.000000 1.093750 0.000000
5913 157 CH1 0.076190 3.281250 0.245136 FPGA_VCCINT 0.000000 1.093750 0.000000
5950 158 CH1 0.076190 3.281250 0.245136 FPGA_VCCINT 0.000000 1.093750 0.000000
5988 159 CH1 0.076190 3.281250 0.245136 FPGA_VCCINT 0.000000 1.093750 0.000000
6025 160 CH1 0.076190 3.281250 0.245136 FPGA_VCCINT 0.000000 1.093750 0.000000
6062 161 CH1 0.076190 3.281250 0.245136 FPGA_VCCINT 0.000000 1.093750 0.000000
6100 162 CH1 0.076190 3.281250 0.245136 FPGA_VCCINT 0.000000 1.093750 0.000000
6137 163 CH1 0.076190 3.281250 0.245136 FPGA_VCCINT 0.000000 1.093750 0.000000
6175 164 CH1 0.076190 3.281250 0.245136 FPGA_VCCINT 0.000000 1.093750 0.000000
6213 165 CH1 0.076190 3.281250 0.245136 FPGA_VCCINT 0.000000 1.093750 0.000000
6250 166 CH1 0.076190 3.281250 0.245136 FPGA_VCCINT 0.000000 1.093750 0.000000
6287 167 CH1 0.076190 3.281250 0.245136 FPGA_VCCINT 0.000000 1.093750 0.000000
6325 168 CH1 0.076190 3.281250 0.245136 FPGA_VCCINT 0.000000 1.093750 0.000000
6363 169 CH1 0.076190 3.281250 0.245136 FPGA_VCCINT 0.000000 1.093750 0.000000
6400 170 CH1 0.076190 3.281250 0.245136 FPGA_VCCINT 0.000000 1.093750 0.000000
6437 171 CH1 0.076190 3.281250 0.245136 FPGA_VCCINT 0.000000 1.093750 0.000000
6475 172 CH1 0.076190 3.281250 0.245136 FPGA_VCCINT 0.000000 1.093750 0.000000
6512 173 CH1 0.076190 3.281250 0.245136 FPGA_VCCINT 0.000000 1.093750 0.000000
6550 174 CH1 0.076190 3.281250 0.245136 FPGA_VCCINT 0.000000 1.093750 0.000000
6587 175 CH1 0.076190 3.281250 0.245136 FPGA_VCCINT 0.000000 1.093750 0.000000
6624 176 CH1 0.076190 3.281250 0.245136 FPGA_VCCINT 0.000000 1.093750 0.000000
6662 177 CH1 0.076190 3.281250 0.245136 FPGA_VCCINT 0.000000 1.093750 0.000000
6699 178 CH1 0.076190 3.281250 0.245136 FPGA_VCCINT 0.000000 1.093750 0.000000
6736 179 CH1 0.076190 3.281250 0.245136 FPGA_VCCINT 0.000000 1.093750 0.000000
6774 180 CH1 0.076190 3.281250 0.245136 FPGA_VCCINT 0.000000 1.093750 0.000000
6811 181 CH1 0.076190 3.281250 0.245136 FPGA_VCCINT 0.000000 1.093750 0.000000
6848 182 CH1 0.076190 3.281250 0.245136 FPGA_VCCINT 0.000000 1.093750 0.000000
6886 183 CH1 0.076190 3.281250 0.245136 FPGA_VCCINT 0.000000 1.250000 0.000000
6923 184 CH1 0.076190 3.281250 0.245136 FPGA_VCCINT 0.000000 1.250000 0.000000
6960 185 CH1 0.076190 3.281250 0.245136 FPGA_VCCINT 0.000000 1.250000 0.000000
6998 186 CH1 0.076190 3.281250 0.245136 FPGA_VCCINT 0.000000 1.250000 0.000000
7035 187 CH1 0.076190 3.281250 0.245136 FPGA_VCCINT 0.000000 1.093750 0.000000
7072 188 CH1 0.076190 3.281250 0.245136 FPGA_VCCINT 0.000000 1.093750 0.000000
7109 189 CH1 0.076190 3.281250 0.245136 FPGA_VCCINT 0.000000 1.093750 0.000000
7147 190 CH1 0.076190 3.281250 0.245136 FPGA_VCCINT 0.000000 1.093750 0.000000
7184 191 CH1 0.019048 3.281250 0.061284 FPGA_VCCINT 0.000000 1.093750 0.000000
7222 192 CH1 -0.406349 3.281250 1.306663 FPGA_VCCINT 0.000000 1.093750 0.000000
7259 193 CH1 -0.406349 3.281250 0.142996 FPGA_VCCINT 0.000000 1.093750 0.000000
7297 194 CH1 -0.044444 3.281250 0.142996 FPGA_VCCINT 0.000000 1.093750 0.000000
7335 195 CH1 0.050794 3.281250 0.163424 FPGA_VCCINT 0.000000 1.093750 0.000000
7372 196 CH1 0.069841 3.281250 0.224708 FPGA_VCCINT 0.000000 1.250000 0.000000
7410 197 CH1 0.069841 3.281250 0.224708 FPGA_VCCINT 0.000000 1.250000 0.000000
7447 198 CH1 0.076190 3.281250 0.245136 FPGA_VCCINT 0.000000 1.250000 0.000000
7484 199 CH1 0.076190 3.281250 0.245136 FPGA_VCCINT 0.000000 1.250000 0.000000
7521 200 CH1 0.076190 3.281250 0.245136 FPGA_VCCINT 0.000000 1.250000 0.000000
7558 201 CH1 0.076190 3.281250 0.245136 FPGA_VCCINT 0.000000 1.250000 0.000000
7596 202 CH1 0.076190 3.281250 0.245136 FPGA_VCCINT 0.000000 1.250000 0.000000
7633 203 CH1 0.076190 3.281250 0.245136 FPGA_VCCINT 0.000000 1.093750 0.000000
7670 204 CH1 0.076190 3.281250 0.245136 FPGA_VCCINT 0.000000 1.093750 0.000000
7707 205 CH1 0.076190 3.281250 0.245136 FPGA_VCCINT 0.000000 1.093750 0.000000
7745 206 CH1 0.082540 3.281250 0.265564 FPGA_VCCINT 0.000000 1.093750 0.000000
7783 207 CH1 0.082540 3.281250 0.265564 FPGA_VCCINT 0.000000 1.093750 0.000000
7820 208 CH1 0.088889 3.281250 0.285992 FPGA_VCCINT 0.000000 1.093750 0.000000
7858 209 CH1 0.095238 3.281250 0.306420 FPGA_VCCINT 0.000000 1.093750 0.000000
7895 210 CH1 0.101587 3.281250 0.326848 FPGA_VCCINT 0.000000 1.250000 0.000000
7933 211 CH1 0.101587 3.281250 0.326848 FPGA_VCCINT 0.000000 1.250000 0.000000
7970 212 CH1 0.101587 3.281250 0.326848 FPGA_VCCINT 0.000000 1.250000 0.000000
8008 213 CH1 0.107937 3.281250 0.347276 FPGA_VCCINT 0.000000 1.250000 0.000000
8045 214 CH1 0.107937 3.281250 0.367704 FPGA_VCCINT 0.000000 1.250000 0.000000
8082 215 CH1 0.114286 3.281250 0.367704 FPGA_VCCINT 0.000000 1.250000 0.000000
8120 216 CH1 0.114286 3.281250 0.367704 FPGA_VCCINT 0.000000 1.250000 0.000000
8157 217 CH1 0.126984 3.281250 0.408560 FPGA_VCCINT 0.000000 1.250000 0.000000
8194 218 CH1 0.126984 3.281250 0.408560 FPGA_VCCINT 0.000000 1.250000 0.000000
8232 219 CH1 0.139683 3.281250 0.449416 FPGA_VCCINT 0.000000 1.250000 0.000000
8269 220 CH1 0.146032 3.281250 0.469844 FPGA_VCCINT 0.000000 1.250000 0.000000
8306 221 CH1 0.146032 3.281250 0.469844 FPGA_VCCINT 0.000000 1.250000 0.000000
8343 222 CH1 0.146032 3.281250 0.469844 FPGA_VCCINT 0.000000 1.250000 0.000000
8381 223 CH1 0.139683 3.281250 0.449416 FPGA_VCCINT 0.000000 1.250000 0.000000
8418 224 CH1 0.133333 3.281250 0.428988 FPGA_VCCINT 0.000000 1.250000 0.000000
8456 225 CH1 0.133333 3.281250 0.428988 FPGA_VCCINT 0.000000 1.250000 0.000000
8493 226 CH1 0.133333 3.281250 0.428988 FPGA_VCCINT 0.000000 1.250000 0.000000
8530 227 CH1 0.133333 3.281250 0.428988 FPGA_VCCINT 0.000000 1.250000 0.000000
8568 228 CH1 0.133333 3.281250 0.428988 FPGA_VCCINT 0.000000 1.250000 0.000000
8605 229 CH1 0.126984 3.281250 0.408560 FPGA_VCCINT 0.000000 1.250000 0.000000
8642 230 CH1 0.133333 3.281250 0.428988 FPGA_VCCINT 0.000000 1.250000 0.000000
8679 231 CH1 0.133333 3.281250 0.428988 FPGA_VCCINT 0.000000 1.250000 0.000000
8717 232 CH1 0.133333 3.281250 0.428988 FPGA_VCCINT 0.000000 1.250000 0.000000
8754 233 CH1 0.133333 3.281250 0.428988 FPGA_VCCINT 0.000000 1.250000 0.000000
8792 234 CH1 0.126984 3.281250 0.408560 FPGA_VCCINT 0.000000 1.250000 0.000000
8829 235 CH1 0.126984 3.281250 0.408560 FPGA_VCCINT 0.000000 1.250000 0.000000
8866 236 CH1 0.126984 3.281250 0.408560 FPGA_VCCINT 0.000000 1.250000 0.000000
8904 237 CH1 0.126984 3.281250 0.408560 FPGA_VCCINT 0.000000 1.250000 0.000000
8941 238 CH1 0.126984 3.281250 0.408560 FPGA_VCCINT 0.000000 1.250000 0.000000
8978 239 CH1 0.126984 3.281250 0.408560 FPGA_VCCINT 0.000000 1.250000 0.000000
9015 240 CH1 0.126984 3.281250 0.490272 FPGA_VCCINT 0.000000 1.250000 0.000000
9052 241 CH1 0.152381 3.281250 0.490272 FPGA_VCCINT 0.000000 1.093750 0.000000
9090 242 CH1 0.126984 3.281250 0.408560 FPGA_VCCINT 0.000000 1.093750 0.000000
9127 243 CH1 0.120635 3.281250 0.388132 FPGA_VCCINT 0.000000 1.093750 0.000000
9164 244 CH1 0.120635 3.281250 0.388132 FPGA_VCCINT 0.000000 1.093750 0.000000
9202 245 CH1 0.120635 3.281250 0.388132 FPGA_VCCINT 0.000000 1.093750 0.000000
9239 246 CH1 0.114286 3.281250 0.367704 FPGA_VCCINT 0.000000 1.093750 0.000000
9277 247 CH1 0.114286 3.281250 0.326848 FPGA_VCCINT 0.000000 1.093750 0.000000
9314 248 CH1 0.101587 3.281250 0.326848 FPGA_VCCINT 0.000000 1.093750 0.000000
9352 249 CH1 0.095238 3.281250 0.306420 FPGA_VCCINT 0.000000 1.093750 0.000000
9389 250 CH1 0.095238 3.281250 0.306420 FPGA_VCCINT 0.000000 1.093750 0.000000
9426 251 CH1 0.095238 3.281250 0.306420 FPGA_VCCINT 0.000000 1.093750 0.000000
9464 252 CH1 0.088889 3.281250 0.285992 FPGA_VCCINT 0.000000 1.093750 0.000000
9502 253 CH1 0.088889 3.281250 0.285992 FPGA_VCCINT 0.000000 1.093750 0.000000
9539 254 CH1 0.088889 3.281250 0.285992 FPGA_VCCINT 0.000000 1.093750 0.000000
9577 255 CH1 0.088889 3.281250 0.285992 FPGA_VCCINT 0.000000 1.093750 0.000000
9615 256 CH1 0.082540 3.281250 0.265564 FPGA_VCCINT 0.000000 1.093750 0.000000
9652 257 CH1 0.082540 3.281250 0.265564 FPGA_VCCINT 0.000000 1.093750 0.000000
9690 258 CH1 0.082540 3.281250 0.265564 FPGA_VCCINT 0.000000 1.093750 0.000000
9727 259 CH1 0.082540 3.281250 0.265564 FPGA_VCCINT 0.000000 1.093750 0.000000
9764 260 CH1 0.082540 3.281250 0.265564 FPGA_VCCINT 0.000000 1.093750 0.000000
9802 261 CH1 0.082540 3.281250 0.265564 FPGA_VCCINT 0.000000 1.093750 0.000000
9839 262 CH1 0.082540 3.281250 0.265564 FPGA_VCCINT 0.000000 1.093750 0.000000
9877 263 CH1 0.076190 3.281250 0.245136 FPGA_VCCINT 0.000000 1.093750 0.000000
9914 264 CH1 0.076190 3.281250 0.245136 FPGA_VCCINT 0.000000 1.093750 0.000000
9951 265 CH1 0.076190 3.281250 0.245136 FPGA_VCCINT 0.000000 1.093750 0.000000
9989 266 CH1 0.076190 3.281250 0.245136 FPGA_VCCINT 0.000000 1.093750 0.000000
10027 267 CH1 0.076190 3.281250 0.245136 FPGA_VCCINT 0.000000 1.093750 0.000000
10064 268 CH1 0.076190 3.281250 0.245136 FPGA_VCCINT 0.000000 1.093750 0.000000
10102 269 CH1 0.076190 3.281250 0.245136 FPGA_VCCINT 0.000000 1.093750 0.000000
10139 270 CH1 0.076190 3.281250 0.245136 FPGA_VCCINT 0.000000 1.093750 0.000000
10177 271 CH1 0.076190 3.281250 0.245136 FPGA_VCCINT 0.000000 1.093750 0.000000
10215 272 CH1 0.076190 3.281250 0.245136 FPGA_VCCINT 0.000000 1.093750 0.000000
10253 273 CH1 0.076190 3.281250 0.245136 FPGA_VCCINT 0.000000 1.093750 0.000000
10291 274 CH1 0.076190 3.281250 0.245136 FPGA_VCCINT 0.000000 1.093750 0.000000
10328 275 CH1 0.076190 3.281250 0.245136 FPGA_VCCINT 0.000000 1.093750 0.000000
10366 276 CH1 0.076190 3.281250 0.245136 FPGA_VCCINT 0.000000 1.093750 0.000000
10404 277 CH1 0.076190 3.281250 0.245136 FPGA_VCCINT 0.000000 1.093750 0.000000
10441 278 CH1 0.076190 3.281250 0.245136 FPGA_VCCINT 0.000000 1.093750 0.000000
10480 279 CH1 0.076190 3.281250 0.245136 FPGA_VCCINT 0.000000 1.093750 0.000000
10517 280 CH1 0.076190 3.281250 0.245136 FPGA_VCCINT 0.000000 1.093750 0.000000
10555 281 CH1 0.069841 3.281250 0.224708 FPGA_VCCINT 0.000000 1.093750 0.000000
10593 282 CH1 0.069841 3.281250 0.224708 FPGA_VCCINT 0.000000 1.093750 0.000000
10630 283 CH1 0.069841 3.281250 0.224708 FPGA_VCCINT 0.000000 1.093750 0.000000
10668 284 CH1 0.076190 3.281250 0.245136 FPGA_VCCINT 0.000000 1.093750 0.000000
10706 285 CH1 0.069841 3.281250 0.224708 FPGA_VCCINT 0.000000 1.093750 0.000000
10744 286 CH1 0.069841 3.281250 0.224708 FPGA_VCCINT 0.000000 1.093750 0.000000
10782 287 CH1 0.069841 3.281250 0.224708 FPGA_VCCINT 0.000000 1.093750 0.000000
10819 288 CH1 0.069841 3.281250 0.224708 FPGA_VCCINT 0.000000 1.093750 0.000000
10857 289 CH1 0.069841 3.281250 0.224708 FPGA_VCCINT 0.000000 1.093750 0.000000
10894 290 CH1 0.069841 3.281250 0.224708 FPGA_VCCINT 0.000000 1.093750 0.000000
10933 291 CH1 0.069841 3.281250 0.224708 FPGA_VCCINT 0.000000 1.093750 0.000000
10971 292 CH1 0.069841 3.281250 0.224708 FPGA_VCCINT 0.000000 1.093750 0.000000
11008 293 CH1 0.069841 3.281250 0.224708 FPGA_VCCINT 0.000000 1.093750 0.000000
11046 294 CH1 0.069841 3.281250 0.224708 FPGA_VCCINT 0.000000 1.093750 0.000000
11084 295 CH1 0.069841 3.281250 0.224708 FPGA_VCCINT 0.000000 1.093750 0.000000
11121 296 CH1 0.069841 3.281250 0.224708 FPGA_VCCINT 0.000000 1.093750 0.000000
11160 297 CH1 0.069841 3.281250 0.224708 FPGA_VCCINT 0.000000 1.093750 0.000000
11197 298 CH1 0.069841 3.281250 0.224708 FPGA_VCCINT 0.000000 1.093750 0.000000
11235 299 CH1 0.069841 3.281250 0.224708 FPGA_VCCINT 0.000000 1.093750 0.000000
11273 300 CH1 0.069841 3.281250 0.224708 FPGA_VCCINT 0.000000 1.093750 0.000000
11310 301 CH1 0.069841 3.281250 0.224708 FPGA_VCCINT 0.000000 1.093750 0.000000
11348 302 CH1 0.069841 3.281250 0.224708 FPGA_VCCINT 0.000000 1.093750 0.000000
11386 303 CH1 0.069841 3.281250 0.224708 FPGA_VCCINT 0.000000 1.093750 0.000000
11423 304 CH1 0.069841 3.281250 0.224708 FPGA_VCCINT 0.000000 1.093750 0.000000
11461 305 CH1 0.069841 3.281250 0.224708 FPGA_VCCINT 0.000000 1.093750 0.000000
11499 306 CH1 0.069841 3.281250 0.224708 FPGA_VCCINT 0.000000 1.093750 0.000000
11536 307 CH1 0.069841 3.281250 0.224708 FPGA_VCCINT 0.000000 1.093750 0.000000
11574 308 CH1 0.069841 3.281250 0.224708 FPGA_VCCINT 0.000000 1.093750 0.000000
11612 309 CH1 0.069841 3.281250 0.224708 FPGA_VCCINT 0.000000 1.093750 0.000000
11650 310 CH1 0.069841 3.281250 0.224708 FPGA_VCCINT 0.000000 1.093750 0.000000
11687 311 CH1 0.069841 3.281250 0.224708 FPGA_VCCINT 0.000000 1.093750 0.000000
11725 312 CH1 0.069841 3.281250 0.224708 FPGA_VCCINT 0.000000 1.093750 0.000000
11763 313 CH1 0.069841 3.281250 0.224708 FPGA_VCCINT 0.000000 1.093750 0.000000
11800 314 CH1 0.069841 3.281250 0.224708 FPGA_VCCINT 0.000000 1.093750 0.000000
11838 315 CH1 0.069841 3.281250 0.224708 FPGA_VCCINT 0.000000 1.093750 0.000000
11875 316 CH1 0.069841 3.281250 0.224708 FPGA_VCCINT 0.000000 1.093750 0.000000
11913 317 CH1 0.069841 3.281250 0.224708 FPGA_VCCINT 0.000000 1.093750 0.000000
11951 318 CH1 0.069841 3.281250 0.224708 FPGA_VCCINT 0.000000 1.093750 0.000000
11988 319 CH1 0.069841 3.281250 0.224708 FPGA_VCCINT 0.000000 1.093750 0.000000
12027 320 CH1 0.069841 3.281250 0.224708 FPGA_VCCINT 0.000000 1.093750 0.000000
12064 321 CH1 0.069841 3.281250 0.224708 FPGA_VCCINT 0.000000 1.093750 0.000000
12102 322 CH1 0.069841 3.281250 0.224708 FPGA_VCCINT 0.000000 1.093750 0.000000
12139 323 CH1 0.069841 3.281250 0.224708 FPGA_VCCINT 0.000000 1.093750 0.000000
12177 324 CH1 0.069841 3.281250 0.224708 FPGA_VCCINT 0.000000 1.093750 0.000000
12215 325 CH1 0.069841 3.281250 0.224708 FPGA_VCCINT 0.000000 1.093750 0.000000
12253 326 CH1 0.069841 3.281250 0.224708 FPGA_VCCINT 0.000000 1.093750 0.000000
12291 327 CH1 0.069841 3.281250 0.224708 FPGA_VCCINT 0.000000 1.093750 0.000000
12328 328 CH1 0.069841 3.281250 0.224708 FPGA_VCCINT 0.000000 1.093750 0.000000
12366 329 CH1 0.069841 3.281250 0.224708 FPGA_VCCINT 0.000000 1.093750 0.000000
12404 330 CH1 0.069841 3.281250 0.224708 FPGA_VCCINT 0.000000 1.093750 0.000000
12441 331 CH1 0.069841 3.281250 0.224708 FPGA_VCCINT 0.000000 1.093750 0.000000
12480 332 CH1 0.069841 3.281250 0.224708 FPGA_VCCINT 0.000000 1.093750 0.000000
12517 333 CH1 0.069841 3.281250 0.224708 FPGA_VCCINT 0.000000 1.093750 0.000000
12555 334 CH1 0.069841 3.281250 0.224708 FPGA_VCCINT 0.000000 1.093750 0.000000
12593 335 CH1 0.069841 3.281250 0.224708 FPGA_VCCINT 0.000000 1.093750 0.000000
12630 336 CH1 0.069841 3.281250 0.224708 FPGA_VCCINT 0.000000 1.093750 0.000000
12668 337 CH1 0.069841 3.281250 0.224708 FPGA_VCCINT 0.000000 1.093750 0.000000
12706 338 CH1 0.069841 3.281250 0.224708 FPGA_VCCINT 0.000000 1.093750 0.000000
12744 339 CH1 0.069841 3.281250 0.224708 FPGA_VCCINT 0.000000 1.093750 0.000000
12782 340 CH1 0.069841 3.281250 0.224708 FPGA_VCCINT 0.000000 1.093750 0.000000
12819 341 CH1 0.069841 3.281250 0.224708 FPGA_VCCINT 0.000000 1.093750 0.000000
12857 342 CH1 0.069841 3.281250 0.224708 FPGA_VCCINT 0.000000 1.093750 0.000000
12895 343 CH1 0.069841 3.281250 0.224708 FPGA_VCCINT 0.000000 1.093750 0.000000
12933 344 CH1 0.069841 3.281250 0.224708 FPGA_VCCINT 0.000000 1.093750 0.000000
12971 345 CH1 0.069841 3.281250 0.224708 FPGA_VCCINT 0.000000 1.093750 0.000000
13008 346 CH1 0.069841 3.281250 0.224708 FPGA_VCCINT 0.000000 1.093750 0.000000
13046 347 CH1 0.069841 3.281250 0.224708 FPGA_VCCINT 0.000000 1.093750 0.000000
13084 348 CH1 0.069841 3.281250 0.224708 FPGA_VCCINT 0.000000 1.093750 0.000000
13121 349 CH1 0.069841 3.281250 0.224708 FPGA_VCCINT 0.000000 1.093750 0.000000
13159 350 CH1 0.069841 3.281250 0.224708 FPGA_VCCINT 0.000000 1.093750 0.000000
13197 351 CH1 0.069841 3.281250 0.224708 FPGA_VCCINT 0.000000 1.093750 0.000000
13235 352 CH1 0.069841 3.281250 0.224708 FPGA_VCCINT 0.000000 1.093750 0.000000
13272 353 CH1 0.069841 3.281250 0.224708 FPGA_VCCINT 0.000000 1.093750 0.000000
13310 354 CH1 0.069841 3.281250 0.224708 FPGA_VCCINT 0.000000 1.093750 0.000000
13348 355 CH1 0.069841 3.281250 0.224708 FPGA_VCCINT 0.000000 1.093750 0.000000
13386 356 CH1 0.069841 3.281250 0.224708 FPGA_VCCINT 0.000000 1.093750 0.000000
13424 357 CH1 0.069841 3.281250 0.224708 FPGA_VCCINT 0.000000 1.093750 0.000000
13461 358 CH1 0.069841 3.281250 0.224708 FPGA_VCCINT 0.000000 1.093750 0.000000
13499 359 CH1 0.069841 3.281250 0.224708 FPGA_VCCINT 0.000000 1.093750 0.000000
13537 360 CH1 0.069841 3.281250 0.224708 FPGA_VCCINT 0.000000 1.093750 0.000000
13574 361 CH1 0.069841 3.281250 0.224708 FPGA_VCCINT 0.000000 1.093750 0.000000
13613 362 CH1 0.069841 3.281250 0.224708 FPGA_VCCINT 0.000000 1.093750 0.000000
13650 363 CH1 0.069841 3.281250 0.224708 FPGA_VCCINT 0.000000 1.093750 0.000000
13688 364 CH1 0.069841 3.281250 0.224708 FPGA_VCCINT 0.000000 1.093750 0.000000
13725 365 CH1 0.069841 3.281250 0.224708 FPGA_VCCINT 0.000000 1.250000 0.000000
13763 366 CH1 0.069841 3.281250 0.224708 FPGA_VCCINT 0.000000 1.250000 0.000000
13800 367 CH1 0.069841 3.281250 0.224708 FPGA_VCCINT 0.000000 1.250000 0.000000
13839 368 CH1 0.069841 3.281250 0.224708 FPGA_VCCINT 0.000000 1.250000 0.000000
13876 369 CH1 0.069841 3.281250 0.224708 FPGA_VCCINT 0.000000 1.250000 0.000000
13914 370 CH1 0.069841 3.281250 0.224708 FPGA_VCCINT 0.000000 1.250000 0.000000
13951 371 CH1 0.069841 3.281250 0.224708 FPGA_VCCINT 0.000000 1.250000 0.000000
13989 372 CH1 0.069841 3.281250 0.224708 FPGA_VCCINT 0.000000 1.093750 0.000000
14027 373 CH1 0.069841 3.281250 0.224708 FPGA_VCCINT 0.000000 1.093750 0.000000
14064 374 CH1 0.069841 3.281250 0.224708 FPGA_VCCINT 0.000000 1.093750 0.000000
14102 375 CH1 0.069841 3.281250 0.224708 FPGA_VCCINT 0.000000 1.093750 0.000000
14139 376 CH1 0.069841 3.281250 0.224708 FPGA_VCCINT 0.000000 1.093750 0.000000
14177 377 CH1 0.069841 3.281250 0.224708 FPGA_VCCINT 0.000000 1.093750 0.000000
14215 378 CH1 0.069841 3.281250 0.224708 FPGA_VCCINT 0.000000 1.093750 0.000000
14253 379 CH1 0.069841 3.281250 0.224708 FPGA_VCCINT 0.000000 1.093750 0.000000
14291 380 CH1 0.069841 3.281250 0.224708 FPGA_VCCINT 0.000000 1.250000 0.000000
14328 381 CH1 0.069841 3.281250 0.224708 FPGA_VCCINT 0.000000 1.250000 0.000000
14366 382 CH1 0.069841 3.281250 0.224708 FPGA_VCCINT 0.000000 1.250000 0.000000
14403 383 CH1 0.069841 3.281250 0.224708 FPGA_VCCINT 0.000000 1.250000 0.000000
14441 384 CH1 0.069841 3.281250 0.224708 FPGA_VCCINT 0.000000 1.250000 0.000000
14478 385 CH1 0.069841 3.281250 0.224708 FPGA_VCCINT 0.000000 1.250000 0.000000
14516 386 CH1 0.069841 3.281250 0.224708 FPGA_VCCINT 0.000000 1.250000 0.000000
14553 387 CH1 0.069841 3.281250 0.224708 FPGA_VCCINT 0.000000 1.250000 0.000000
14591 388 CH1 0.069841 3.281250 0.224708 FPGA_VCCINT 0.000000 1.250000 0.000000
14628 389 CH1 0.069841 3.281250 0.224708 FPGA_VCCINT 0.000000 1.250000 0.000000
14666 390 CH1 0.069841 3.281250 0.224708 FPGA_VCCINT 0.000000 1.250000 0.000000
14703 391 CH1 0.069841 3.281250 0.224708 FPGA_VCCINT 0.000000 1.250000 0.000000
14741 392 CH1 0.069841 3.281250 0.224708 FPGA_VCCINT 0.000000 1.250000 0.000000
14778 393 CH1 0.069841 3.281250 0.224708 FPGA_VCCINT 0.000000 1.250000 0.000000
14816 394 CH1 0.069841 3.281250 0.224708 FPGA_VCCINT 0.000000 1.250000 0.000000
14853 395 CH1 0.069841 3.281250 0.224708 FPGA_VCCINT 0.000000 1.250000 0.000000
14891 396 CH1 0.069841 3.281250 0.224708 FPGA_VCCINT 0.000000 1.250000 0.000000
14928 397 CH1 0.069841 3.281250 0.224708 FPGA_VCCINT 0.000000 1.250000 0.000000
14966 398 CH1 0.069841 3.281250 0.224708 FPGA_VCCINT 0.000000 1.250000 0.000000
15003 399 CH1 0.069841 3.281250 0.224708 FPGA_VCCINT 0.000000 1.250000 0.000000
15041 400 CH1 0.069841 3.281250 0.224708 FPGA_VCCINT 0.000000 1.250000 0.000000
15078 401 CH1 0.069841 3.281250 0.224708 FPGA_VCCINT 0.000000 1.250000 0.000000
15116 402 CH1 0.069841 3.281250 0.224708 FPGA_VCCINT 0.000000 1.250000 0.000000
15153 403 CH1 0.069841 3.281250 0.224708 FPGA_VCCINT 0.000000 1.250000 0.000000
15191 404 CH1 0.069841 3.281250 0.224708 FPGA_VCCINT 0.000000 1.250000 0.000000
15228 405 CH1 0.069841 3.281250 0.224708 FPGA_VCCINT 0.000000 1.250000 0.000000
15266 406 CH1 0.069841 3.281250 0.224708 FPGA_VCCINT 0.000000 1.250000 0.000000
15303 407 CH1 0.069841 3.281250 0.224708 FPGA_VCCINT 0.000000 1.093750 0.000000
15341 408 CH1 0.069841 3.281250 0.224708 FPGA_VCCINT 0.000000 1.093750 0.000000
15378 409 CH1 0.069841 3.281250 0.224708 FPGA_VCCINT 0.000000 1.093750 0.000000
15416 410 CH1 0.069841 3.281250 0.224708 FPGA_VCCINT 0.000000 1.093750 0.000000
15454 411 CH1 0.069841 3.281250 0.224708 FPGA_VCCINT 0.000000 1.093750 0.000000
15491 412 CH1 0.069841 3.281250 0.224708 FPGA_VCCINT 0.000000 1.093750 0.000000
15529 413 CH1 0.069841 3.281250 0.224708 FPGA_VCCINT 0.000000 1.093750 0.000000
15567 414 CH1 0.069841 3.281250 0.224708 FPGA_VCCINT 0.000000 1.093750 0.000000
15605 415 CH1 0.069841 3.281250 0.224708 FPGA_VCCINT 0.000000 1.250000 0.000000
15642 416 CH1 0.069841 3.281250 0.224708 FPGA_VCCINT 0.000000 1.250000 0.000000
