10 1 CH1 0.015873 3.281250 0.051070 FPGA_VCCINT -0.000194 0.000000 0.000000
47 2 CH1 0.015873 3.281250 0.051070 FPGA_VCCINT -0.000194 0.000000 0.000000
83 3 CH1 0.015873 3.281250 0.051070 FPGA_VCCINT -0.000194 0.000000 0.000000
119 4 CH1 0.015873 3.281250 0.051070 FPGA_VCCINT -0.000194 0.000000 0.000000
156 5 CH1 0.015873 3.281250 0.051070 FPGA_VCCINT -0.000194 0.000000 0.000000
192 6 CH1 0.015873 3.281250 0.051070 FPGA_VCCINT -0.000194 0.000000 0.000000
229 7 CH1 0.015873 3.281250 0.051070 FPGA_VCCINT -0.000194 0.000000 0.000000
265 8 CH1 0.015873 3.281250 0.051070 FPGA_VCCINT -0.000194 0.000000 0.000000
302 9 CH1 0.015873 3.281250 0.051070 FPGA_VCCINT -0.000194 0.000000 0.000000
338 10 CH1 0.015873 3.281250 0.051070 FPGA_VCCINT -0.000194 0.000000 0.000000
375 11 CH1 0.015873 3.281250 0.051070 FPGA_VCCINT -0.000194 0.000000 0.000000
412 12 CH1 0.015873 3.281250 0.051070 FPGA_VCCINT -0.000194 0.000000 0.000000
448 13 CH1 0.015873 3.281250 0.051070 FPGA_VCCINT -0.000194 0.000000 0.000000
485 14 CH1 0.015873 3.281250 0.051070 FPGA_VCCINT -0.000194 0.000000 0.000000
522 15 CH1 0.015873 3.281250 0.051070 FPGA_VCCINT -0.000194 0.000000 0.000000
559 16 CH1 0.015873 3.281250 0.051070 FPGA_VCCINT -0.000194 0.000000 0.000000
595 17 CH1 0.015873 3.281250 0.051070 FPGA_VCCINT -0.000194 0.000000 0.000000
632 18 CH1 0.015873 3.281250 0.051070 FPGA_VCCINT -0.000194 0.000000 0.000000
669 19 CH1 0.015873 3.281250 0.051070 FPGA_VCCINT -0.000194 0.000000 0.000000
706 20 CH1 0.015873 3.281250 0.051070 FPGA_VCCINT -0.000194 0.000000 0.000000
742 21 CH1 0.015873 3.281250 0.051070 FPGA_VCCINT -0.000194 0.000000 0.000000
779 22 CH1 0.015873 3.281250 0.051070 FPGA_VCCINT -0.000194 0.000000 0.000000
817 23 CH1 0.015873 3.281250 0.051070 FPGA_VCCINT -0.000194 0.000000 0.000000
853 24 CH1 0.015873 3.281250 0.051070 FPGA_VCCINT -0.000194 0.000000 0.000000
890 25 CH1 0.015873 3.281250 0.051070 FPGA_VCCINT -0.000194 0.000000 0.000000
927 26 CH1 0.015873 3.281250 0.051070 FPGA_VCCINT -0.000194 0.000000 0.000000
964 27 CH1 0.015873 3.281250 0.051070 FPGA_VCCINT -0.000194 0.000000 0.000000
1000 28 CH1 0.015873 3.281250 0.051070 FPGA_VCCINT -0.000194 0.000000 0.000000
1037 29 CH1 0.015873 3.281250 0.051070 FPGA_VCCINT -0.000194 0.000000 0.000000
1075 30 CH1 0.015873 3.281250 0.051070 FPGA_VCCINT -0.000194 0.000000 0.000000
1112 31 CH1 0.015873 3.281250 0.051070 FPGA_VCCINT -0.000194 0.000000 0.000000
1149 32 CH1 0.015873 3.281250 0.051070 FPGA_VCCINT -0.000194 0.000000 0.000000
1186 33 CH1 0.015873 3.281250 0.051070 FPGA_VCCINT -0.000194 0.000000 0.000000
1223 34 CH1 0.015873 3.281250 0.051070 FPGA_VCCINT -0.000194 0.000000 0.000000
1260 35 CH1 0.015873 3.281250 0.051070 FPGA_VCCINT -0.000194 0.000000 0.000000
1297 36 CH1 0.015873 3.281250 0.051070 FPGA_VCCINT -0.000194 0.000000 0.000000
1334 37 CH1 0.015873 3.281250 0.051070 FPGA_VCCINT -0.000194 0.000000 0.000000
1372 38 CH1 0.015873 3.281250 0.051070 FPGA_VCCINT -0.000194 0.000000 0.000000
1409 39 CH1 0.015873 3.281250 0.051070 FPGA_VCCINT -0.000194 0.000000 0.000000
1446 40 CH1 0.015873 3.281250 0.051070 FPGA_VCCINT -0.000194 0.000000 0.000000
1483 41 CH1 0.015873 3.281250 0.051070 FPGA_VCCINT -0.000194 0.000000 0.000000
1520 42 CH1 0.015873 3.281250 0.051070 FPGA_VCCINT -0.000194 0.000000 0.000000
1557 43 CH1 0.015873 3.281250 0.051070 FPGA_VCCINT -0.000194 0.000000 0.000000
1594 44 CH1 0.015873 3.281250 0.051070 FPGA_VCCINT -0.000194 0.000000 0.000000
1631 45 CH1 0.015873 3.281250 0.051070 FPGA_VCCINT -0.000194 0.000000 0.000000
1669 46 CH1 0.015873 3.281250 0.051070 FPGA_VCCINT -0.000194 0.000000 0.000000
1706 47 CH1 0.015873 3.281250 0.051070 FPGA_VCCINT -0.000194 0.000000 0.000000
1743 48 CH1 0.015873 3.281250 0.051070 FPGA_VCCINT -0.000194 0.000000 0.000000
1780 49 CH1 0.015873 3.281250 0.051070 FPGA_VCCINT -0.000194 0.000000 0.000000
1817 50 CH1 0.015873 3.281250 0.051070 FPGA_VCCINT -0.000194 0.000000 0.000000
1854 51 CH1 0.015873 3.281250 0.051070 FPGA_VCCINT -0.000194 0.000000 0.000000
1891 52 CH1 0.015873 3.281250 0.051070 FPGA_VCCINT -0.000194 0.000000 0.000000
1928 53 CH1 0.015873 3.281250 0.051070 FPGA_VCCINT -0.000194 0.000000 0.000000
1966 54 CH1 0.015873 3.281250 0.051070 FPGA_VCCINT -0.000194 0.000000 0.000000
2002 55 CH1 0.015873 3.281250 0.051070 FPGA_VCCINT -0.000194 0.000000 0.000000
2039 56 CH1 0.015873 3.281250 0.051070 FPGA_VCCINT -0.000194 0.000000 0.000000
2076 57 CH1 0.015873 3.281250 0.051070 FPGA_VCCINT -0.000194 0.000000 0.000000
2114 58 CH1 0.015873 3.281250 0.051070 FPGA_VCCINT -0.000194 0.000000 0.000000
2151 59 CH1 0.022222 3.281250 0.071498 FPGA_VCCINT -0.000194 0.000000 0.000000
2188 60 CH1 0.022222 3.281250 0.071498 FPGA_VCCINT -0.000194 0.000000 0.000000
2225 61 CH1 0.022222 3.281250 0.071498 FPGA_VCCINT -0.000194 0.000000 0.000000
2262 62 CH1 0.022222 3.281250 0.071498 FPGA_VCCINT -0.000194 0.000000 0.000000
2299 63 CH1 0.022222 3.281250 0.071498 FPGA_VCCINT -0.000194 0.000000 0.000000
2337 64 CH1 0.022222 3.281250 0.071498 FPGA_VCCINT -0.000194 0.000000 0.000000
2374 65 CH1 0.022222 3.281250 0.071498 FPGA_VCCINT -0.000194 0.000000 0.000000
2411 66 CH1 0.022222 3.281250 0.071498 FPGA_VCCINT -0.000194 0.000000 0.000000
2448 67 CH1 0.022222 3.281250 0.071498 FPGA_VCCINT -0.000194 0.000000 0.000000
2485 68 CH1 0.022222 3.281250 0.071498 FPGA_VCCINT -0.000194 0.000000 0.000000
2522 69 CH1 0.022222 3.281250 0.071498 FPGA_VCCINT -0.000194 0.000000 0.000000
2559 70 CH1 0.022222 3.281250 0.071498 FPGA_VCCINT -0.000194 0.000000 0.000000
2596 71 CH1 0.022222 3.281250 0.071498 FPGA_VCCINT -0.000194 0.000000 0.000000
2633 72 CH1 0.022222 3.281250 0.071498 FPGA_VCCINT -0.000194 0.000000 0.000000
2670 73 CH1 0.022222 3.281250 0.071498 FPGA_VCCINT -0.000194 0.000000 0.000000
2708 74 CH1 0.022222 3.281250 0.071498 FPGA_VCCINT -0.000194 0.000000 0.000000
2745 75 CH1 0.022222 3.281250 0.071498 FPGA_VCCINT -0.000194 0.000000 0.000000
2782 76 CH1 0.022222 3.281250 0.071498 FPGA_VCCINT -0.000194 0.000000 0.000000
2819 77 CH1 0.022222 3.281250 0.071498 FPGA_VCCINT -0.000194 0.000000 0.000000
2856 78 CH1 0.022222 3.281250 0.071498 FPGA_VCCINT -0.000194 0.000000 0.000000
2893 79 CH1 0.022222 3.281250 0.071498 FPGA_VCCINT -0.000194 0.000000 0.000000
2930 80 CH1 0.022222 3.281250 0.071498 FPGA_VCCINT -0.000194 0.000000 0.000000
2967 81 CH1 0.022222 3.281250 0.071498 FPGA_VCCINT -0.000194 0.000000 0.000000
3005 82 CH1 0.022222 3.281250 0.071498 FPGA_VCCINT -0.000194 0.000000 0.000000
3042 83 CH1 0.022222 3.281250 0.071498 FPGA_VCCINT -0.000194 0.000000 0.000000
3079 84 CH1 0.022222 3.281250 0.071498 FPGA_VCCINT -0.000194 0.000000 0.000000
3116 85 CH1 0.022222 3.281250 0.071498 FPGA_VCCINT -0.000194 0.000000 0.000000
3153 86 CH1 0.022222 3.281250 0.071498 FPGA_VCCINT -0.000194 0.000000 0.000000
3190 87 CH1 0.022222 3.281250 0.071498 FPGA_VCCINT -0.000194 0.000000 0.000000
3227 88 CH1 0.022222 3.281250 0.071498 FPGA_VCCINT -0.000194 0.000000 0.000000
3264 89 CH1 0.022222 3.281250 0.071498 FPGA_VCCINT -0.000194 0.000000 0.000000
3301 90 CH1 0.022222 3.281250 0.071498 FPGA_VCCINT -0.000194 0.000000 0.000000
3338 91 CH1 0.022222 3.281250 0.071498 FPGA_VCCINT -0.000194 0.000000 0.000000
3376 92 CH1 0.022222 3.281250 0.071498 FPGA_VCCINT -0.000194 0.000000 0.000000
3413 93 CH1 0.022222 3.281250 0.071498 FPGA_VCCINT -0.000194 0.000000 0.000000
3450 94 CH1 0.022222 3.281250 0.071498 FPGA_VCCINT -0.000194 0.000000 0.000000
3487 95 CH1 0.022222 3.281250 0.071498 FPGA_VCCINT -0.000194 0.000000 0.000000
3524 96 CH1 0.022222 3.281250 0.071498 FPGA_VCCINT -0.000194 0.000000 0.000000
3561 97 CH1 0.022222 3.281250 0.071498 FPGA_VCCINT -0.000194 0.000000 0.000000
3598 98 CH1 0.022222 3.281250 0.071498 FPGA_VCCINT -0.000194 0.000000 0.000000
3635 99 CH1 0.022222 3.281250 0.071498 FPGA_VCCINT -0.000194 0.000000 0.000000
3672 100 CH1 0.022222 3.281250 0.071498 FPGA_VCCINT -0.000194 0.000000 0.000000
3710 101 CH1 0.022222 3.281250 0.071498 FPGA_VCCINT -0.000194 0.000000 0.000000
3747 102 CH1 0.022222 3.281250 0.071498 FPGA_VCCINT -0.000194 0.000000 0.000000
3784 103 CH1 0.022222 3.281250 0.071498 FPGA_VCCINT -0.000194 0.000000 0.000000
3821 104 CH1 0.022222 3.281250 0.071498 FPGA_VCCINT -0.000194 0.000000 0.000000
3859 105 CH1 0.022222 3.281250 0.071498 FPGA_VCCINT -0.000194 0.000000 0.000000
3896 106 CH1 0.022222 3.281250 0.071498 FPGA_VCCINT -0.000194 0.000000 0.000000
3934 107 CH1 0.022222 3.281250 0.071498 FPGA_VCCINT -0.000194 0.000000 0.000000
3971 108 CH1 0.022222 3.281250 0.071498 FPGA_VCCINT -0.000194 0.000000 0.000000
4008 109 CH1 0.022222 3.281250 0.071498 FPGA_VCCINT -0.000194 0.000000 0.000000
4045 110 CH1 0.022222 3.281250 0.071498 FPGA_VCCINT -0.000194 0.000000 0.000000
4083 111 CH1 0.012698 3.281250 0.040856 FPGA_VCCINT -0.000194 0.000000 0.000000
4120 112 CH1 0.012698 3.281250 0.040856 FPGA_VCCINT -0.000194 0.000000 0.000000
4157 113 CH1 0.012698 3.281250 0.040856 FPGA_VCCINT -0.000194 0.000000 0.000000
4195 114 CH1 0.012698 3.281250 0.040856 FPGA_VCCINT -0.000194 0.000000 0.000000
4232 115 CH1 0.012698 3.281250 0.040856 FPGA_VCCINT -0.000194 0.000000 0.000000
4270 116 CH1 0.012698 3.281250 0.040856 FPGA_VCCINT -0.000194 0.000000 0.000000
4308 117 CH1 0.012698 3.281250 0.040856 FPGA_VCCINT -0.000194 0.000000 0.000000
4345 118 CH1 0.012698 3.281250 0.040856 FPGA_VCCINT -0.000194 0.000000 0.000000
4382 119 CH1 0.012698 3.281250 0.040856 FPGA_VCCINT -0.000194 0.000000 0.000000
4420 120 CH1 0.012698 3.281250 0.040856 FPGA_VCCINT -0.000194 0.000000 0.000000
4458 121 CH1 0.012698 3.281250 0.040856 FPGA_VCCINT -0.000194 0.000000 0.000000
4495 122 CH1 0.012698 3.281250 0.040856 FPGA_VCCINT -0.000194 0.000000 0.000000
4532 123 CH1 0.012698 3.281250 0.040856 FPGA_VCCINT -0.000194 0.000000 0.000000
4570 124 CH1 0.012698 3.281250 0.040856 FPGA_VCCINT -0.000194 0.000000 0.000000
4607 125 CH1 0.012698 3.281250 0.040856 FPGA_VCCINT -0.000194 0.000000 0.000000
4645 126 CH1 0.012698 3.281250 0.040856 FPGA_VCCINT -0.000194 0.000000 0.000000
4682 127 CH1 0.012698 3.281250 0.040856 FPGA_VCCINT -0.000194 0.000000 0.000000
4719 128 CH1 0.012698 3.281250 0.040856 FPGA_VCCINT -0.000194 0.000000 0.000000
4757 129 CH1 0.012698 3.281250 0.040856 FPGA_VCCINT -0.000194 0.000000 0.000000
4794 130 CH1 0.012698 3.281250 0.040856 FPGA_VCCINT -0.000194 0.000000 0.000000
4832 131 CH1 0.012698 3.281250 0.040856 FPGA_VCCINT -0.000194 0.000000 0.000000
4870 132 CH1 0.012698 3.281250 0.040856 FPGA_VCCINT -0.000194 0.000000 0.000000
4907 133 CH1 0.012698 3.281250 0.040856 FPGA_VCCINT -0.000194 0.000000 0.000000
4944 134 CH1 0.012698 3.281250 0.040856 FPGA_VCCINT -0.000194 0.000000 0.000000
4982 135 CH1 0.012698 3.281250 0.040856 FPGA_VCCINT -0.000194 0.000000 0.000000
5020 136 CH1 0.012698 3.281250 0.040856 FPGA_VCCINT -0.000194 0.000000 0.000000
5057 137 CH1 0.012698 3.281250 0.040856 FPGA_VCCINT -0.000194 0.000000 0.000000
5094 138 CH1 0.012698 3.281250 0.040856 FPGA_VCCINT -0.000194 0.000000 0.000000
5132 139 CH1 0.012698 3.281250 0.040856 FPGA_VCCINT -0.000194 0.000000 0.000000
5169 140 CH1 0.012698 3.281250 0.040856 FPGA_VCCINT -0.000194 0.000000 0.000000
5207 141 CH1 0.012698 3.281250 0.040856 FPGA_VCCINT -0.000194 0.000000 0.000000
5245 142 CH1 0.012698 3.281250 0.040856 FPGA_VCCINT -0.000194 0.000000 0.000000
5282 143 CH1 0.012698 3.281250 0.040856 FPGA_VCCINT -0.000194 0.000000 0.000000
5319 144 CH1 0.012698 3.281250 0.040856 FPGA_VCCINT -0.000194 0.000000 0.000000
5357 145 CH1 0.012698 3.281250 0.040856 FPGA_VCCINT -0.000194 0.000000 0.000000
5395 146 CH1 0.012698 3.281250 0.040856 FPGA_VCCINT -0.000194 0.000000 0.000000
5432 147 CH1 0.012698 3.281250 0.040856 FPGA_VCCINT -0.000194 0.000000 0.000000
5469 148 CH1 0.012698 3.281250 0.040856 FPGA_VCCINT -0.000194 0.000000 0.000000
5507 149 CH1 0.012698 3.281250 0.040856 FPGA_VCCINT -0.000194 0.000000 0.000000
5544 150 CH1 0.012698 3.281250 0.040856 FPGA_VCCINT -0.000194 0.000000 0.000000
5582 151 CH1 0.012698 3.281250 0.040856 FPGA_VCCINT -0.000194 0.000000 0.000000
5620 152 CH1 0.012698 3.281250 0.040856 FPGA_VCCINT -0.000194 0.000000 0.000000
5657 153 CH1 0.012698 3.281250 0.040856 FPGA_VCCINT -0.000194 0.000000 0.000000
5694 154 CH1 0.012698 3.281250 0.040856 FPGA_VCCINT -0.000194 0.000000 0.000000
5732 155 CH1 0.012698 3.281250 0.040856 FPGA_VCCINT -0.000194 0.000000 0.000000
5770 156 CH1 0.012698 3.281250 0.040856 FPGA_VCCINT -0.000194 0.000000 0.000000
5807 157 CH1 0.012698 3.281250 0.040856 FPGA_VCCINT -0.000194 0.000000 0.000000
5844 158 CH1 0.012698 3.281250 0.040856 FPGA_VCCINT -0.000194 0.000000 0.000000
5882 159 CH1 0.012698 3.281250 0.040856 FPGA_VCCINT -0.000194 0.000000 0.000000
5919 160 CH1 0.012698 3.281250 0.040856 FPGA_VCCINT -0.000194 0.000000 0.000000
5957 161 CH1 0.012698 3.281250 0.040856 FPGA_VCCINT -0.000194 0.000000 0.000000
5994 162 CH1 0.012698 3.281250 0.040856 FPGA_VCCINT -0.000194 0.000000 0.000000
6032 163 CH1 0.022222 3.281250 0.071498 FPGA_VCCINT -0.000194 0.000000 0.000000
6069 164 CH1 0.022222 3.281250 0.071498 FPGA_VCCINT -0.000194 0.000000 0.000000
6106 165 CH1 0.022222 3.281250 0.071498 FPGA_VCCINT -0.000194 0.000000 0.000000
6144 166 CH1 0.022222 3.281250 0.071498 FPGA_VCCINT -0.000194 0.000000 0.000000
6181 167 CH1 0.022222 3.281250 0.071498 FPGA_VCCINT -0.000194 0.000000 0.000000
6218 168 CH1 0.022222 3.281250 0.071498 FPGA_VCCINT -0.000194 0.000000 0.000000
6255 169 CH1 0.022222 3.281250 0.071498 FPGA_VCCINT -0.000194 0.000000 0.000000
6293 170 CH1 0.022222 3.281250 0.071498 FPGA_VCCINT -0.000194 0.000000 0.000000
6330 171 CH1 0.022222 3.281250 0.071498 FPGA_VCCINT -0.000194 0.000000 0.000000
6367 172 CH1 0.022222 3.281250 0.071498 FPGA_VCCINT -0.000194 0.000000 0.000000
6405 173 CH1 0.022222 3.281250 0.071498 FPGA_VCCINT -0.000194 0.000000 0.000000
6442 174 CH1 0.022222 3.281250 0.071498 FPGA_VCCINT -0.000194 0.000000 0.000000
6479 175 CH1 0.022222 3.281250 0.071498 FPGA_VCCINT -0.000194 0.000000 0.000000
6517 176 CH1 0.022222 3.281250 0.071498 FPGA_VCCINT -0.000194 0.000000 0.000000
6554 177 CH1 0.022222 3.281250 0.071498 FPGA_VCCINT -0.000194 0.000000 0.000000
6591 178 CH1 0.022222 3.281250 0.071498 FPGA_VCCINT -0.000194 0.000000 0.000000
6629 179 CH1 0.022222 3.281250 0.071498 FPGA_VCCINT -0.000194 0.000000 0.000000
6666 180 CH1 0.022222 3.281250 0.071498 FPGA_VCCINT -0.000194 0.000000 0.000000
6703 181 CH1 0.022222 3.281250 0.071498 FPGA_VCCINT -0.000194 0.000000 0.000000
6741 182 CH1 0.022222 3.281250 0.071498 FPGA_VCCINT -0.000194 0.000000 0.000000
6778 183 CH1 0.022222 3.281250 0.071498 FPGA_VCCINT -0.000194 0.000000 0.000000
6815 184 CH1 0.022222 3.281250 0.071498 FPGA_VCCINT -0.000194 0.000000 0.000000
6853 185 CH1 0.022222 3.281250 0.071498 FPGA_VCCINT -0.000194 0.000000 0.000000
6890 186 CH1 0.022222 3.281250 0.071498 FPGA_VCCINT -0.000194 0.000000 0.000000
6927 187 CH1 0.022222 3.281250 0.071498 FPGA_VCCINT -0.000194 0.000000 0.000000
6965 188 CH1 0.022222 3.281250 0.071498 FPGA_VCCINT -0.000194 0.000000 0.000000
7002 189 CH1 0.022222 3.281250 0.071498 FPGA_VCCINT -0.000194 0.000000 0.000000
7039 190 CH1 0.022222 3.281250 0.071498 FPGA_VCCINT -0.000194 0.000000 0.000000
7077 191 CH1 0.022222 3.281250 0.071498 FPGA_VCCINT -0.000194 0.000000 0.000000
7114 192 CH1 0.022222 3.281250 0.071498 FPGA_VCCINT -0.000194 0.000000 0.000000
7151 193 CH1 0.022222 3.281250 0.071498 FPGA_VCCINT -0.000194 0.000000 0.000000
7189 194 CH1 0.022222 3.281250 0.071498 FPGA_VCCINT -0.000194 0.000000 0.000000
7226 195 CH1 0.022222 3.281250 0.071498 FPGA_VCCINT -0.000194 0.000000 0.000000
7263 196 CH1 0.022222 3.281250 0.071498 FPGA_VCCINT -0.000194 0.000000 0.000000
7301 197 CH1 0.022222 3.281250 0.071498 FPGA_VCCINT -0.000194 0.000000 0.000000
7338 198 CH1 0.022222 3.281250 0.071498 FPGA_VCCINT -0.000194 0.000000 0.000000
7375 199 CH1 0.022222 3.281250 0.071498 FPGA_VCCINT -0.000194 0.000000 0.000000
7413 200 CH1 0.022222 3.281250 0.071498 FPGA_VCCINT -0.000194 0.000000 0.000000
7450 201 CH1 0.022222 3.281250 0.071498 FPGA_VCCINT -0.000194 0.000000 0.000000
7487 202 CH1 0.022222 3.281250 0.071498 FPGA_VCCINT -0.000194 0.000000 0.000000
7525 203 CH1 0.022222 3.281250 0.071498 FPGA_VCCINT -0.000194 0.000000 0.000000
7562 204 CH1 0.022222 3.281250 0.071498 FPGA_VCCINT -0.000194 0.000000 0.000000
7599 205 CH1 0.022222 3.281250 0.071498 FPGA_VCCINT -0.000194 0.000000 0.000000
7637 206 CH1 0.022222 3.281250 0.071498 FPGA_VCCINT -0.000194 0.000000 0.000000
7674 207 CH1 0.022222 3.281250 0.071498 FPGA_VCCINT -0.000194 0.000000 0.000000
7711 208 CH1 0.022222 3.281250 0.071498 FPGA_VCCINT -0.000194 0.000000 0.000000
7749 209 CH1 0.022222 3.281250 0.071498 FPGA_VCCINT -0.000194 0.000000 0.000000
7786 210 CH1 0.022222 3.281250 0.071498 FPGA_VCCINT -0.000194 0.000000 0.000000
7823 211 CH1 0.022222 3.281250 0.071498 FPGA_VCCINT -0.000194 0.000000 0.000000
7860 212 CH1 0.022222 3.281250 0.071498 FPGA_VCCINT -0.000194 0.000000 0.000000
7898 213 CH1 0.022222 3.281250 0.071498 FPGA_VCCINT -0.000194 0.000000 0.000000
7935 214 CH1 0.022222 3.281250 0.071498 FPGA_VCCINT -0.000194 0.000000 0.000000
7973 215 CH1 0.012698 3.281250 0.040856 FPGA_VCCINT -0.000194 0.000000 0.000000
8010 216 CH1 0.012698 3.281250 0.040856 FPGA_VCCINT -0.000194 0.000000 0.000000
8047 217 CH1 0.012698 3.281250 0.040856 FPGA_VCCINT -0.000194 0.000000 0.000000
8085 218 CH1 0.012698 3.281250 0.040856 FPGA_VCCINT -0.000194 0.000000 0.000000
8122 219 CH1 0.012698 3.281250 0.040856 FPGA_VCCINT -0.000194 0.000000 0.000000
8160 220 CH1 0.012698 3.281250 0.040856 FPGA_VCCINT -0.000194 0.000000 0.000000
8198 221 CH1 0.012698 3.281250 0.040856 FPGA_VCCINT -0.000194 0.000000 0.000000
8235 222 CH1 0.012698 3.281250 0.040856 FPGA_VCCINT -0.000194 0.000000 0.000000
8272 223 CH1 0.012698 3.281250 0.040856 FPGA_VCCINT -0.000194 0.000000 0.000000
8310 224 CH1 0.012698 3.281250 0.040856 FPGA_VCCINT -0.000194 0.000000 0.000000
8348 225 CH1 0.012698 3.281250 0.040856 FPGA_VCCINT -0.000194 0.000000 0.000000
8385 226 CH1 0.012698 3.281250 0.040856 FPGA_VCCINT -0.000194 0.000000 0.000000
8422 227 CH1 0.012698 3.281250 0.040856 FPGA_VCCINT -0.000194 0.000000 0.000000
8460 228 CH1 0.012698 3.281250 0.040856 FPGA_VCCINT -0.000194 0.000000 0.000000
8497 229 CH1 0.012698 3.281250 0.040856 FPGA_VCCINT -0.000194 0.000000 0.000000
8535 230 CH1 0.012698 3.281250 0.040856 FPGA_VCCINT -0.000194 0.000000 0.000000
8573 231 CH1 0.012698 3.281250 0.040856 FPGA_VCCINT -0.000194 0.000000 0.000000
8610 232 CH1 0.012698 3.281250 0.040856 FPGA_VCCINT -0.000194 0.000000 0.000000
8647 233 CH1 0.012698 3.281250 0.040856 FPGA_VCCINT -0.000194 0.000000 0.000000
8685 234 CH1 0.012698 3.281250 0.040856 FPGA_VCCINT -0.000194 0.000000 0.000000
8723 235 CH1 0.012698 3.281250 0.040856 FPGA_VCCINT -0.000194 0.000000 0.000000
8760 236 CH1 0.012698 3.281250 0.040856 FPGA_VCCINT -0.000194 0.000000 0.000000
8797 237 CH1 0.012698 3.281250 0.040856 FPGA_VCCINT -0.000194 0.000000 0.000000
8835 238 CH1 0.012698 3.281250 0.040856 FPGA_VCCINT -0.000194 0.000000 0.000000
8872 239 CH1 0.012698 3.281250 0.040856 FPGA_VCCINT -0.000194 0.000000 0.000000
8910 240 CH1 0.012698 3.281250 0.040856 FPGA_VCCINT -0.000194 0.000000 0.000000
8948 241 CH1 0.012698 3.281250 0.040856 FPGA_VCCINT -0.000194 0.000000 0.000000
8985 242 CH1 0.012698 3.281250 0.040856 FPGA_VCCINT -0.000194 0.000000 0.000000
9022 243 CH1 0.012698 3.281250 0.040856 FPGA_VCCINT -0.000194 0.000000 0.000000
9060 244 CH1 0.012698 3.281250 0.040856 FPGA_VCCINT -0.000194 0.000000 0.000000
9098 245 CH1 0.012698 3.281250 0.040856 FPGA_VCCINT -0.000194 0.000000 0.000000
9135 246 CH1 0.012698 3.281250 0.040856 FPGA_VCCINT -0.000194 0.000000 0.000000
9172 247 CH1 0.012698 3.281250 0.040856 FPGA_VCCINT -0.000194 0.000000 0.000000
9210 248 CH1 0.012698 3.281250 0.040856 FPGA_VCCINT -0.000194 0.000000 0.000000
9247 249 CH1 0.012698 3.281250 0.040856 FPGA_VCCINT -0.000194 0.000000 0.000000
9285 250 CH1 0.012698 3.281250 0.040856 FPGA_VCCINT -0.000194 0.000000 0.000000
9322 251 CH1 0.012698 3.281250 0.040856 FPGA_VCCINT -0.000194 0.000000 0.000000
9360 252 CH1 0.012698 3.281250 0.040856 FPGA_VCCINT -0.000194 0.000000 0.000000
9397 253 CH1 0.012698 3.281250 0.040856 FPGA_VCCINT -0.000194 0.000000 0.000000
9435 254 CH1 0.012698 3.281250 0.040856 FPGA_VCCINT -0.000194 0.000000 0.000000
9473 255 CH1 0.012698 3.281250 0.040856 FPGA_VCCINT -0.000194 0.000000 0.000000
9510 256 CH1 0.012698 3.281250 0.040856 FPGA_VCCINT -0.000194 0.000000 0.000000
9547 257 CH1 0.012698 3.281250 0.040856 FPGA_VCCINT -0.000194 0.000000 0.000000
9585 258 CH1 0.012698 3.281250 0.040856 FPGA_VCCINT -0.000194 0.000000 0.000000
9622 259 CH1 0.012698 3.281250 0.040856 FPGA_VCCINT -0.000194 0.000000 0.000000
9660 260 CH1 0.012698 3.281250 0.040856 FPGA_VCCINT -0.000194 0.000000 0.000000
9698 261 CH1 0.012698 3.281250 0.040856 FPGA_VCCINT -0.000194 0.000000 0.000000
9735 262 CH1 0.012698 3.281250 0.040856 FPGA_VCCINT -0.000194 0.000000 0.000000
9772 263 CH1 0.012698 3.281250 0.040856 FPGA_VCCINT -0.000194 0.000000 0.000000
9810 264 CH1 0.012698 3.281250 0.040856 FPGA_VCCINT -0.000194 0.000000 0.000000
9848 265 CH1 0.012698 3.281250 0.040856 FPGA_VCCINT -0.000194 0.000000 0.000000
9885 266 CH1 0.012698 3.281250 0.040856 FPGA_VCCINT -0.000194 0.000000 0.000000
9922 267 CH1 0.022222 3.281250 0.071498 FPGA_VCCINT -0.000194 0.000000 0.000000
9960 268 CH1 0.022222 3.281250 0.071498 FPGA_VCCINT -0.000194 0.000000 0.000000
9997 269 CH1 0.022222 3.281250 0.071498 FPGA_VCCINT -0.000194 0.000000 0.000000
10034 270 CH1 0.022222 3.281250 0.071498 FPGA_VCCINT -0.000194 0.000000 0.000000
10072 271 CH1 0.022222 3.281250 0.071498 FPGA_VCCINT -0.000194 0.000000 0.000000
10109 272 CH1 0.022222 3.281250 0.071498 FPGA_VCCINT -0.000194 0.000000 0.000000
10147 273 CH1 0.022222 3.281250 0.071498 FPGA_VCCINT -0.000194 0.000000 0.000000
10184 274 CH1 0.022222 3.281250 0.071498 FPGA_VCCINT -0.000194 0.000000 0.000000
10223 275 CH1 0.022222 3.281250 0.071498 FPGA_VCCINT -0.000194 0.000000 0.000000
10260 276 CH1 0.022222 3.281250 0.071498 FPGA_VCCINT -0.000194 0.000000 0.000000
10298 277 CH1 0.022222 3.281250 0.071498 FPGA_VCCINT -0.000194 0.000000 0.000000
10335 278 CH1 0.022222 3.281250 0.071498 FPGA_VCCINT -0.000194 0.000000 0.000000
10373 279 CH1 0.022222 3.281250 0.071498 FPGA_VCCINT -0.000194 0.000000 0.000000
10411 280 CH1 0.022222 3.281250 0.071498 FPGA_VCCINT -0.000194 0.000000 0.000000
10448 281 CH1 0.022222 3.281250 0.071498 FPGA_VCCINT -0.000194 0.000000 0.000000
10486 282 CH1 0.022222 3.281250 0.071498 FPGA_VCCINT -0.000194 0.000000 0.000000
10523 283 CH1 0.022222 3.281250 0.071498 FPGA_VCCINT -0.000194 0.000000 0.000000
10561 284 CH1 0.022222 3.281250 0.071498 FPGA_VCCINT -0.000194 0.000000 0.000000
10598 285 CH1 0.022222 3.281250 0.071498 FPGA_VCCINT -0.000194 0.000000 0.000000
10636 286 CH1 0.022222 3.281250 0.071498 FPGA_VCCINT -0.000194 0.000000 0.000000
10673 287 CH1 0.022222 3.281250 0.071498 FPGA_VCCINT -0.000194 0.000000 0.000000
10711 288 CH1 0.022222 3.281250 0.071498 FPGA_VCCINT -0.000194 0.000000 0.000000
10748 289 CH1 0.022222 3.281250 0.071498 FPGA_VCCINT -0.000194 0.000000 0.000000
10786 290 CH1 0.022222 3.281250 0.071498 FPGA_VCCINT -0.000194 0.000000 0.000000
10824 291 CH1 0.022222 3.281250 0.071498 FPGA_VCCINT -0.000194 0.000000 0.000000
10862 292 CH1 0.022222 3.281250 0.071498 FPGA_VCCINT -0.000194 0.000000 0.000000
10899 293 CH1 0.022222 3.281250 0.071498 FPGA_VCCINT -0.000194 0.000000 0.000000
10937 294 CH1 0.022222 3.281250 0.071498 FPGA_VCCINT -0.000194 0.000000 0.000000
10975 295 CH1 0.022222 3.281250 0.071498 FPGA_VCCINT -0.000194 0.000000 0.000000
11012 296 CH1 0.022222 3.281250 0.071498 FPGA_VCCINT -0.000194 0.000000 0.000000
11050 297 CH1 0.022222 3.281250 0.071498 FPGA_VCCINT -0.000194 0.000000 0.000000
11087 298 CH1 0.022222 3.281250 0.071498 FPGA_VCCINT -0.000194 0.000000 0.000000
11125 299 CH1 0.022222 3.281250 0.071498 FPGA_VCCINT -0.000194 0.000000 0.000000
11162 300 CH1 0.022222 3.281250 0.071498 FPGA_VCCINT -0.000194 0.000000 0.000000
11200 301 CH1 0.022222 3.281250 0.071498 FPGA_VCCINT -0.000194 0.000000 0.000000
11237 302 CH1 0.022222 3.281250 0.071498 FPGA_VCCINT -0.000194 0.000000 0.000000
11275 303 CH1 0.022222 3.281250 0.071498 FPGA_VCCINT -0.000194 0.000000 0.000000
11312 304 CH1 0.022222 3.281250 0.071498 FPGA_VCCINT -0.000194 0.000000 0.000000
11350 305 CH1 0.022222 3.281250 0.071498 FPGA_VCCINT -0.000194 0.000000 0.000000
11387 306 CH1 0.022222 3.281250 0.071498 FPGA_VCCINT -0.000194 0.000000 0.000000
11425 307 CH1 0.022222 3.281250 0.071498 FPGA_VCCINT -0.000194 0.000000 0.000000
11462 308 CH1 0.022222 3.281250 0.071498 FPGA_VCCINT -0.000194 0.000000 0.000000
11500 309 CH1 0.022222 3.281250 0.071498 FPGA_VCCINT -0.000194 0.000000 0.000000
11537 310 CH1 0.022222 3.281250 0.071498 FPGA_VCCINT -0.000194 0.000000 0.000000
11575 311 CH1 0.022222 3.281250 0.071498 FPGA_VCCINT -0.000194 0.000000 0.000000
11613 312 CH1 0.022222 3.281250 0.071498 FPGA_VCCINT -0.000194 0.000000 0.000000
11651 313 CH1 0.022222 3.281250 0.071498 FPGA_VCCINT -0.000194 0.000000 0.000000
11688 314 CH1 0.022222 3.281250 0.071498 FPGA_VCCINT -0.000194 0.000000 0.000000
11726 315 CH1 0.022222 3.281250 0.071498 FPGA_VCCINT -0.000194 0.000000 0.000000
11763 316 CH1 0.022222 3.281250 0.071498 FPGA_VCCINT -0.000194 0.000000 0.000000
11801 317 CH1 0.022222 3.281250 0.071498 FPGA_VCCINT -0.000194 0.000000 0.000000
11839 318 CH1 0.022222 3.281250 0.071498 FPGA_VCCINT -0.000194 0.000000 0.000000
11876 319 CH1 0.012698 3.281250 0.040856 FPGA_VCCINT -0.000194 0.000000 0.000000
11914 320 CH1 0.012698 3.281250 0.040856 FPGA_VCCINT -0.000194 0.000000 0.000000
11952 321 CH1 0.012698 3.281250 0.040856 FPGA_VCCINT -0.000194 0.000000 0.000000
11989 322 CH1 0.012698 3.281250 0.040856 FPGA_VCCINT -0.000194 0.000000 0.000000
12027 323 CH1 0.012698 3.281250 0.040856 FPGA_VCCINT -0.000194 0.000000 0.000000
12065 324 CH1 0.012698 3.281250 0.040856 FPGA_VCCINT -0.000194 0.000000 0.000000
12103 325 CH1 0.012698 3.281250 0.040856 FPGA_VCCINT -0.000194 0.000000 0.000000
12140 326 CH1 0.012698 3.281250 0.040856 FPGA_VCCINT -0.000194 0.000000 0.000000
12178 327 CH1 0.012698 3.281250 0.040856 FPGA_VCCINT -0.000194 0.000000 0.000000
12215 328 CH1 0.012698 3.281250 0.040856 FPGA_VCCINT -0.000194 0.000000 0.000000
12253 329 CH1 0.012698 3.281250 0.040856 FPGA_VCCINT -0.000194 0.000000 0.000000
12291 330 CH1 0.012698 3.281250 0.040856 FPGA_VCCINT -0.000194 0.000000 0.000000
12328 331 CH1 0.012698 3.281250 0.040856 FPGA_VCCINT -0.000194 0.000000 0.000000
12366 332 CH1 0.012698 3.281250 0.040856 FPGA_VCCINT -0.000194 0.000000 0.000000
12404 333 CH1 0.012698 3.281250 0.040856 FPGA_VCCINT -0.000194 0.000000 0.000000
12442 334 CH1 0.012698 3.281250 0.040856 FPGA_VCCINT -0.000194 0.000000 0.000000
12479 335 CH1 0.012698 3.281250 0.040856 FPGA_VCCINT -0.000194 0.000000 0.000000
12517 336 CH1 0.012698 3.281250 0.040856 FPGA_VCCINT -0.000194 0.000000 0.000000
12555 337 CH1 0.012698 3.281250 0.040856 FPGA_VCCINT -0.000194 0.000000 0.000000
12592 338 CH1 0.012698 3.281250 0.040856 FPGA_VCCINT -0.000194 0.000000 0.000000
12630 339 CH1 0.012698 3.281250 0.040856 FPGA_VCCINT -0.000194 0.000000 0.000000
12668 340 CH1 0.012698 3.281250 0.040856 FPGA_VCCINT -0.000194 0.000000 0.000000
12706 341 CH1 0.012698 3.281250 0.040856 FPGA_VCCINT -0.000194 0.000000 0.000000
12743 342 CH1 0.012698 3.281250 0.040856 FPGA_VCCINT -0.000194 0.000000 0.000000
12781 343 CH1 0.012698 3.281250 0.040856 FPGA_VCCINT -0.000194 0.000000 0.000000
12818 344 CH1 0.012698 3.281250 0.040856 FPGA_VCCINT -0.000194 0.000000 0.000000
12856 345 CH1 0.012698 3.281250 0.040856 FPGA_VCCINT -0.000194 0.000000 0.000000
12894 346 CH1 0.012698 3.281250 0.040856 FPGA_VCCINT -0.000194 0.000000 0.000000
12931 347 CH1 0.012698 3.281250 0.040856 FPGA_VCCINT -0.000194 0.000000 0.000000
12969 348 CH1 0.012698 3.281250 0.040856 FPGA_VCCINT -0.000194 0.000000 0.000000
13006 349 CH1 0.012698 3.281250 0.040856 FPGA_VCCINT -0.000194 0.000000 0.000000
13044 350 CH1 0.012698 3.281250 0.040856 FPGA_VCCINT -0.000194 0.000000 0.000000
13082 351 CH1 0.012698 3.281250 0.040856 FPGA_VCCINT -0.000194 0.000000 0.000000
13120 352 CH1 0.012698 3.281250 0.040856 FPGA_VCCINT -0.000194 0.000000 0.000000
13157 353 CH1 0.012698 3.281250 0.040856 FPGA_VCCINT -0.000194 0.000000 0.000000
13195 354 CH1 0.012698 3.281250 0.040856 FPGA_VCCINT -0.000194 0.000000 0.000000
13233 355 CH1 0.012698 3.281250 0.040856 FPGA_VCCINT -0.000194 0.000000 0.000000
13270 356 CH1 0.012698 3.281250 0.040856 FPGA_VCCINT -0.000194 0.000000 0.000000
13309 357 CH1 0.012698 3.281250 0.040856 FPGA_VCCINT -0.000194 0.000000 0.000000
13346 358 CH1 0.012698 3.281250 0.040856 FPGA_VCCINT -0.000194 0.000000 0.000000
13384 359 CH1 0.012698 3.281250 0.040856 FPGA_VCCINT -0.000194 0.000000 0.000000
13421 360 CH1 0.012698 3.281250 0.040856 FPGA_VCCINT -0.000194 0.000000 0.000000
13459 361 CH1 0.012698 3.281250 0.040856 FPGA_VCCINT -0.000194 0.000000 0.000000
13497 362 CH1 0.012698 3.281250 0.040856 FPGA_VCCINT -0.000194 0.000000 0.000000
13534 363 CH1 0.012698 3.281250 0.040856 FPGA_VCCINT -0.000194 0.000000 0.000000
13572 364 CH1 0.012698 3.281250 0.040856 FPGA_VCCINT -0.000194 0.000000 0.000000
13609 365 CH1 0.012698 3.281250 0.040856 FPGA_VCCINT -0.000194 0.000000 0.000000
13647 366 CH1 0.012698 3.281250 0.040856 FPGA_VCCINT -0.000194 0.000000 0.000000
13685 367 CH1 0.012698 3.281250 0.040856 FPGA_VCCINT -0.000194 0.000000 0.000000
13723 368 CH1 0.012698 3.281250 0.040856 FPGA_VCCINT -0.000194 0.000000 0.000000
13760 369 CH1 0.012698 3.281250 0.040856 FPGA_VCCINT -0.000194 0.000000 0.000000
13798 370 CH1 0.012698 3.281250 0.040856 FPGA_VCCINT -0.000194 0.000000 0.000000
13836 371 CH1 0.012698 3.281250 0.040856 FPGA_VCCINT -0.000194 0.000000 0.000000
13873 372 CH1 0.015873 3.281250 0.051070 FPGA_VCCINT -0.000194 0.000000 0.000000
13911 373 CH1 0.015873 3.281250 0.051070 FPGA_VCCINT -0.000194 0.000000 0.000000
13948 374 CH1 0.015873 3.281250 0.051070 FPGA_VCCINT -0.000194 0.000000 0.000000
13986 375 CH1 0.015873 3.281250 0.051070 FPGA_VCCINT -0.000194 0.000000 0.000000
14023 376 CH1 0.015873 3.281250 0.051070 FPGA_VCCINT -0.000194 0.000000 0.000000
14061 377 CH1 0.015873 3.281250 0.051070 FPGA_VCCINT -0.000194 0.000000 0.000000
14098 378 CH1 0.015873 3.281250 0.051070 FPGA_VCCINT -0.000194 0.000000 0.000000
14136 379 CH1 0.015873 3.281250 0.051070 FPGA_VCCINT -0.000194 0.000000 0.000000
14173 380 CH1 0.015873 3.281250 0.051070 FPGA_VCCINT -0.000194 0.000000 0.000000
14211 381 CH1 0.015873 3.281250 0.051070 FPGA_VCCINT -0.000194 0.000000 0.000000
14248 382 CH1 0.015873 3.281250 0.051070 FPGA_VCCINT -0.000194 0.000000 0.000000
14286 383 CH1 0.015873 3.281250 0.051070 FPGA_VCCINT -0.000194 0.000000 0.000000
14323 384 CH1 0.015873 3.281250 0.051070 FPGA_VCCINT -0.000194 0.000000 0.000000
14360 385 CH1 0.015873 3.281250 0.051070 FPGA_VCCINT -0.000194 0.000000 0.000000
14398 386 CH1 0.015873 3.281250 0.051070 FPGA_VCCINT -0.000194 0.000000 0.000000
14435 387 CH1 0.015873 3.281250 0.051070 FPGA_VCCINT -0.000194 0.000000 0.000000
14473 388 CH1 0.015873 3.281250 0.051070 FPGA_VCCINT -0.000194 0.000000 0.000000
14511 389 CH1 0.015873 3.281250 0.051070 FPGA_VCCINT -0.000194 0.000000 0.000000
14548 390 CH1 0.015873 3.281250 0.051070 FPGA_VCCINT -0.000194 0.000000 0.000000
14586 391 CH1 0.015873 3.281250 0.051070 FPGA_VCCINT -0.000194 0.000000 0.000000
14623 392 CH1 0.015873 3.281250 0.051070 FPGA_VCCINT -0.000194 0.000000 0.000000
14661 393 CH1 0.015873 3.281250 0.051070 FPGA_VCCINT -0.000194 0.000000 0.000000
14698 394 CH1 0.015873 3.281250 0.051070 FPGA_VCCINT -0.000194 0.000000 0.000000
14736 395 CH1 0.015873 3.281250 0.051070 FPGA_VCCINT -0.000194 0.000000 0.000000
14773 396 CH1 0.015873 3.281250 0.051070 FPGA_VCCINT -0.000194 0.000000 0.000000
14811 397 CH1 0.015873 3.281250 0.051070 FPGA_VCCINT -0.000194 0.000000 0.000000
14848 398 CH1 0.015873 3.281250 0.051070 FPGA_VCCINT -0.000194 0.000000 0.000000
14887 399 CH1 0.015873 3.281250 0.051070 FPGA_VCCINT -0.000194 0.000000 0.000000
14924 400 CH1 0.015873 3.281250 0.051070 FPGA_VCCINT -0.000194 0.000000 0.000000
14962 401 CH1 0.015873 3.281250 0.051070 FPGA_VCCINT -0.000194 0.000000 0.000000
14999 402 CH1 0.015873 3.281250 0.051070 FPGA_VCCINT -0.000194 0.000000 0.000000
15037 403 CH1 0.015873 3.281250 0.051070 FPGA_VCCINT -0.000194 0.000000 0.000000
15075 404 CH1 0.015873 3.281250 0.051070 FPGA_VCCINT -0.000194 0.000000 0.000000
15112 405 CH1 0.015873 3.281250 0.051070 FPGA_VCCINT -0.000194 0.000000 0.000000
15150 406 CH1 0.015873 3.281250 0.051070 FPGA_VCCINT -0.000194 0.000000 0.000000
15187 407 CH1 0.015873 3.281250 0.051070 FPGA_VCCINT -0.000194 0.000000 0.000000
15225 408 CH1 0.015873 3.281250 0.051070 FPGA_VCCINT -0.000194 0.000000 0.000000
15262 409 CH1 0.015873 3.281250 0.051070 FPGA_VCCINT -0.000194 0.000000 0.000000
15300 410 CH1 0.015873 3.281250 0.051070 FPGA_VCCINT -0.000194 0.000000 0.000000
15337 411 CH1 0.015873 3.281250 0.051070 FPGA_VCCINT -0.000194 0.000000 0.000000
15375 412 CH1 0.015873 3.281250 0.051070 FPGA_VCCINT -0.000194 0.000000 0.000000
15412 413 CH1 0.015873 3.281250 0.051070 FPGA_VCCINT -0.000194 0.000000 0.000000
15450 414 CH1 0.015873 3.281250 0.051070 FPGA_VCCINT -0.000194 0.000000 0.000000
15488 415 CH1 0.015873 3.281250 0.051070 FPGA_VCCINT -0.000194 0.000000 0.000000
15526 416 CH1 0.015873 3.281250 0.051070 FPGA_VCCINT -0.000194 0.000000 0.000000
15563 417 CH1 0.015873 3.281250 0.051070 FPGA_VCCINT -0.000194 0.000000 0.000000
15601 418 CH1 0.015873 3.281250 0.051070 FPGA_VCCINT -0.000194 0.000000 0.000000
15638 419 CH1 0.015873 3.281250 0.051070 FPGA_VCCINT -0.000194 0.000000 0.000000
15676 420 CH1 0.015873 3.281250 0.051070 FPGA_VCCINT -0.000194 0.000000 0.000000
15714 421 CH1 0.015873 3.281250 0.051070 FPGA_VCCINT -0.000194 0.000000 0.000000
15751 422 CH1 0.015873 3.281250 0.051070 FPGA_VCCINT -0.000194 0.000000 0.000000
15789 423 CH1 0.015873 3.281250 0.051070 FPGA_VCCINT -0.000194 0.000000 0.000000
15826 424 CH1 0.015873 3.281250 0.051070 FPGA_VCCINT -0.000194 0.000000 0.000000
15864 425 CH1 0.015873 3.281250 0.051070 FPGA_VCCINT -0.000194 0.000000 0.000000
15902 426 CH1 0.015873 3.281250 0.051070 FPGA_VCCINT -0.000194 0.000000 0.000000
15940 427 CH1 0.015873 3.281250 0.051070 FPGA_VCCINT -0.000194 0.000000 0.000000
15977 428 CH1 0.015873 3.281250 0.051070 FPGA_VCCINT -0.000194 0.000000 0.000000
16015 429 CH1 0.015873 3.281250 0.051070 FPGA_VCCINT -0.000194 0.000000 0.000000
16052 430 CH1 0.015873 3.281250 0.051070 FPGA_VCCINT -0.000194 0.000000 0.000000
16090 431 CH1 0.015873 3.281250 0.051070 FPGA_VCCINT -0.000194 0.000000 0.000000
16128 432 CH1 0.015873 3.281250 0.051070 FPGA_VCCINT -0.000194 0.000000 0.000000
16165 433 CH1 0.015873 3.281250 0.051070 FPGA_VCCINT -0.000194 0.000000 0.000000
16203 434 CH1 0.015873 3.281250 0.051070 FPGA_VCCINT -0.000194 0.000000 0.000000
16240 435 CH1 0.015873 3.281250 0.051070 FPGA_VCCINT -0.000194 0.000000 0.000000
16278 436 CH1 0.015873 3.281250 0.051070 FPGA_VCCINT -0.000194 0.000000 0.000000
16315 437 CH1 0.015873 3.281250 0.051070 FPGA_VCCINT -0.000194 0.000000 0.000000
16353 438 CH1 0.015873 3.281250 0.051070 FPGA_VCCINT -0.000194 0.000000 0.000000
16390 439 CH1 0.015873 3.281250 0.051070 FPGA_VCCINT -0.000194 0.000000 0.000000
16428 440 CH1 0.015873 3.281250 0.051070 FPGA_VCCINT -0.000194 0.000000 0.000000
16466 441 CH1 0.015873 3.281250 0.051070 FPGA_VCCINT -0.000194 0.000000 0.000000
16504 442 CH1 0.015873 3.281250 0.051070 FPGA_VCCINT -0.000194 0.000000 0.000000
16541 443 CH1 0.015873 3.281250 0.051070 FPGA_VCCINT -0.000194 0.000000 0.000000
16579 444 CH1 0.015873 3.281250 0.051070 FPGA_VCCINT -0.000194 0.000000 0.000000
16617 445 CH1 0.015873 3.281250 0.051070 FPGA_VCCINT -0.000194 0.000000 0.000000
16654 446 CH1 0.015873 3.281250 0.051070 FPGA_VCCINT -0.000194 0.000000 0.000000
16692 447 CH1 0.015873 3.281250 0.051070 FPGA_VCCINT -0.000194 0.000000 0.000000
16729 448 CH1 0.015873 3.281250 0.051070 FPGA_VCCINT -0.000194 0.000000 0.000000
16767 449 CH1 0.015873 3.281250 0.051070 FPGA_VCCINT -0.000194 0.000000 0.000000
16804 450 CH1 0.015873 3.281250 0.051070 FPGA_VCCINT -0.000194 0.000000 0.000000
16842 451 CH1 0.015873 3.281250 0.051070 FPGA_VCCINT -0.000194 0.000000 0.000000
16879 452 CH1 0.015873 3.281250 0.051070 FPGA_VCCINT -0.000194 0.000000 0.000000
16917 453 CH1 0.015873 3.281250 0.051070 FPGA_VCCINT -0.000194 0.000000 0.000000
16954 454 CH1 0.015873 3.281250 0.051070 FPGA_VCCINT -0.000194 0.000000 0.000000
16992 455 CH1 0.015873 3.281250 0.051070 FPGA_VCCINT -0.000194 0.000000 0.000000
17029 456 CH1 0.015873 3.281250 0.051070 FPGA_VCCINT -0.000194 0.000000 0.000000
17067 457 CH1 0.015873 3.281250 0.051070 FPGA_VCCINT -0.000194 0.000000 0.000000
17104 458 CH1 0.015873 3.281250 0.051070 FPGA_VCCINT -0.000194 0.000000 0.000000
17142 459 CH1 0.015873 3.281250 0.051070 FPGA_VCCINT -0.000194 0.000000 0.000000
17179 460 CH1 0.015873 3.281250 0.051070 FPGA_VCCINT -0.000194 0.000000 0.000000
17217 461 CH1 0.015873 3.281250 0.051070 FPGA_VCCINT -0.000194 0.000000 0.000000
17254 462 CH1 0.015873 3.281250 0.051070 FPGA_VCCINT -0.000194 0.000000 0.000000
17292 463 CH1 0.015873 3.281250 0.051070 FPGA_VCCINT -0.000194 0.000000 0.000000
17329 464 CH1 0.015873 3.281250 0.051070 FPGA_VCCINT -0.000194 0.000000 0.000000
17367 465 CH1 0.015873 3.281250 0.051070 FPGA_VCCINT -0.000194 0.000000 0.000000
17404 466 CH1 0.015873 3.281250 0.051070 FPGA_VCCINT -0.000194 0.000000 0.000000
17442 467 CH1 0.015873 3.281250 0.051070 FPGA_VCCINT -0.000194 0.000000 0.000000
17479 468 CH1 0.015873 3.281250 0.051070 FPGA_VCCINT -0.000194 0.000000 0.000000
17517 469 CH1 0.015873 3.281250 0.051070 FPGA_VCCINT -0.000194 0.000000 0.000000
17554 470 CH1 0.015873 3.281250 0.051070 FPGA_VCCINT -0.000194 0.000000 0.000000
17592 471 CH1 0.015873 3.281250 0.051070 FPGA_VCCINT -0.000194 0.000000 0.000000
17629 472 CH1 0.015873 3.281250 0.051070 FPGA_VCCINT -0.000194 0.000000 0.000000
17667 473 CH1 0.015873 3.281250 0.051070 FPGA_VCCINT -0.000194 0.000000 0.000000
17704 474 CH1 0.015873 3.281250 0.051070 FPGA_VCCINT -0.000194 0.000000 0.000000
17742 475 CH1 0.015873 3.281250 0.051070 FPGA_VCCINT -0.000194 0.000000 0.000000
17780 476 CH1 0.015873 3.281250 0.051070 FPGA_VCCINT -0.000194 0.000000 0.000000
17817 477 CH1 0.015873 3.281250 0.051070 FPGA_VCCINT -0.000194 0.000000 0.000000
17855 478 CH1 0.015873 3.281250 0.051070 FPGA_VCCINT -0.000194 0.000000 0.000000
17893 479 CH1 0.015873 3.281250 0.051070 FPGA_VCCINT -0.000194 0.000000 0.000000
17930 480 CH1 0.015873 3.281250 0.051070 FPGA_VCCINT -0.000194 0.000000 0.000000
17968 481 CH1 0.015873 3.281250 0.051070 FPGA_VCCINT -0.000194 0.000000 0.000000
18005 482 CH1 0.015873 3.281250 0.051070 FPGA_VCCINT -0.000194 0.000000 0.000000
18043 483 CH1 0.015873 3.281250 0.051070 FPGA_VCCINT -0.000194 0.000000 0.000000
18081 484 CH1 0.015873 3.281250 0.051070 FPGA_VCCINT -0.000194 0.000000 0.000000
18118 485 CH1 0.015873 3.281250 0.051070 FPGA_VCCINT -0.000194 0.000000 0.000000
18156 486 CH1 0.015873 3.281250 0.051070 FPGA_VCCINT -0.000194 0.000000 0.000000
18193 487 CH1 0.015873 3.281250 0.051070 FPGA_VCCINT -0.000194 0.000000 0.000000
18231 488 CH1 0.015873 3.281250 0.051070 FPGA_VCCINT -0.000194 0.000000 0.000000
18268 489 CH1 0.015873 3.281250 0.051070 FPGA_VCCINT -0.000194 0.000000 0.000000
18306 490 CH1 0.015873 3.281250 0.051070 FPGA_VCCINT -0.000194 0.000000 0.000000
18343 491 CH1 0.015873 3.281250 0.051070 FPGA_VCCINT -0.000194 0.000000 0.000000
18381 492 CH1 0.015873 3.281250 0.051070 FPGA_VCCINT -0.000194 0.000000 0.000000
18418 493 CH1 0.015873 3.281250 0.051070 FPGA_VCCINT -0.000194 0.000000 0.000000
18456 494 CH1 0.015873 3.281250 0.051070 FPGA_VCCINT -0.000194 0.000000 0.000000
18493 495 CH1 0.015873 3.281250 0.051070 FPGA_VCCINT -0.000194 0.000000 0.000000
18531 496 CH1 0.015873 3.281250 0.051070 FPGA_VCCINT -0.000194 0.000000 0.000000
18569 497 CH1 0.015873 3.281250 0.051070 FPGA_VCCINT -0.000194 0.000000 0.000000
18606 498 CH1 0.015873 3.281250 0.051070 FPGA_VCCINT -0.000194 0.000000 0.000000
18644 499 CH1 0.015873 3.281250 0.051070 FPGA_VCCINT -0.000194 0.000000 0.000000
18682 500 CH1 0.015873 3.281250 0.051070 FPGA_VCCINT -0.000194 0.000000 0.000000
18719 501 CH1 0.015873 3.281250 0.051070 FPGA_VCCINT -0.000194 0.000000 0.000000
18757 502 CH1 0.015873 3.281250 0.051070 FPGA_VCCINT -0.000194 0.000000 0.000000
18795 503 CH1 0.015873 3.281250 0.051070 FPGA_VCCINT -0.000194 0.000000 0.000000
18832 504 CH1 0.015873 3.281250 0.051070 FPGA_VCCINT -0.000194 0.000000 0.000000
18870 505 CH1 0.015873 3.281250 0.051070 FPGA_VCCINT -0.000194 0.000000 0.000000
18908 506 CH1 0.015873 3.281250 0.051070 FPGA_VCCINT -0.000194 0.000000 0.000000
18945 507 CH1 0.015873 3.281250 0.051070 FPGA_VCCINT -0.000194 0.000000 0.000000
18983 508 CH1 0.015873 3.281250 0.051070 FPGA_VCCINT -0.000194 0.000000 0.000000
19020 509 CH1 0.015873 3.281250 0.051070 FPGA_VCCINT -0.000194 0.000000 0.000000
19057 510 CH1 0.015873 3.281250 0.051070 FPGA_VCCINT -0.000194 0.000000 0.000000
19095 511 CH1 0.015873 3.281250 0.051070 FPGA_VCCINT -0.000194 0.000000 0.000000
19132 512 CH1 0.015873 3.281250 0.051070 FPGA_VCCINT -0.000194 0.000000 0.000000
19170 513 CH1 0.015873 3.281250 0.051070 FPGA_VCCINT -0.000194 0.000000 0.000000
19207 514 CH1 0.015873 3.281250 0.051070 FPGA_VCCINT -0.000194 0.000000 0.000000
19245 515 CH1 0.015873 3.281250 0.051070 FPGA_VCCINT -0.000194 0.000000 0.000000
19282 516 CH1 0.015873 3.281250 0.051070 FPGA_VCCINT -0.000194 0.000000 0.000000
19320 517 CH1 0.015873 3.281250 0.051070 FPGA_VCCINT -0.000194 0.000000 0.000000
19358 518 CH1 0.015873 3.281250 0.051070 FPGA_VCCINT -0.000194 0.000000 0.000000
19395 519 CH1 0.015873 3.281250 0.051070 FPGA_VCCINT -0.000194 0.000000 0.000000
19433 520 CH1 0.015873 3.281250 0.051070 FPGA_VCCINT -0.000194 0.000000 0.000000
19470 521 CH1 0.015873 3.281250 0.051070 FPGA_VCCINT -0.000194 0.000000 0.000000
19508 522 CH1 0.015873 3.281250 0.051070 FPGA_VCCINT -0.000194 0.000000 0.000000
19545 523 CH1 0.015873 3.281250 0.051070 FPGA_VCCINT -0.000194 0.000000 0.000000
19583 524 CH1 0.015873 3.281250 0.051070 FPGA_VCCINT -0.000194 0.000000 0.000000
19621 525 CH1 0.015873 3.281250 0.051070 FPGA_VCCINT -0.000194 0.000000 0.000000
19658 526 CH1 0.015873 3.281250 0.051070 FPGA_VCCINT -0.000194 0.000000 0.000000
19696 527 CH1 0.015873 3.281250 0.051070 FPGA_VCCINT -0.000194 0.000000 0.000000
19733 528 CH1 0.015873 3.281250 0.051070 FPGA_VCCINT -0.000194 0.000000 0.000000
19771 529 CH1 0.015873 3.281250 0.051070 FPGA_VCCINT -0.000194 0.000000 0.000000
19809 530 CH1 0.015873 3.281250 0.051070 FPGA_VCCINT -0.000194 0.000000 0.000000
19846 531 CH1 0.015873 3.281250 0.051070 FPGA_VCCINT -0.000194 0.000000 0.000000
19884 532 CH1 0.015873 3.281250 0.051070 FPGA_VCCINT -0.000194 0.000000 0.000000
19922 533 CH1 0.015873 3.281250 0.051070 FPGA_VCCINT -0.000194 0.000000 0.000000
19959 534 CH1 0.015873 3.281250 0.051070 FPGA_VCCINT -0.000194 0.000000 0.000000
19996 535 CH1 0.015873 3.281250 0.051070 FPGA_VCCINT -0.000194 0.000000 0.000000
20034 536 CH1 0.015873 3.281250 0.051070 FPGA_VCCINT -0.000194 0.000000 0.000000
20071 537 CH1 0.015873 3.281250 0.051070 FPGA_VCCINT -0.000194 0.000000 0.000000
20109 538 CH1 0.015873 3.281250 0.051070 FPGA_VCCINT -0.000194 0.000000 0.000000
20146 539 CH1 0.015873 3.281250 0.051070 FPGA_VCCINT -0.000194 0.000000 0.000000
20184 540 CH1 0.015873 3.281250 0.051070 FPGA_VCCINT -0.000194 0.000000 0.000000
20221 541 CH1 0.015873 3.281250 0.051070 FPGA_VCCINT -0.000194 0.000000 0.000000
20259 542 CH1 0.015873 3.281250 0.051070 FPGA_VCCINT -0.000194 0.000000 0.000000
20297 543 CH1 0.015873 3.281250 0.051070 FPGA_VCCINT -0.000194 0.000000 0.000000
20334 544 CH1 0.015873 3.281250 0.051070 FPGA_VCCINT -0.000194 0.000000 0.000000
20372 545 CH1 0.015873 3.281250 0.051070 FPGA_VCCINT -0.000194 0.000000 0.000000
20410 546 CH1 0.015873 3.281250 0.051070 FPGA_VCCINT -0.000194 0.000000 0.000000
20447 547 CH1 0.015873 3.281250 0.051070 FPGA_VCCINT -0.000194 0.000000 0.000000
20485 548 CH1 0.015873 3.281250 0.051070 FPGA_VCCINT -0.000194 0.000000 0.000000
20522 549 CH1 0.015873 3.281250 0.051070 FPGA_VCCINT -0.000194 0.000000 0.000000
20560 550 CH1 0.015873 3.281250 0.051070 FPGA_VCCINT -0.000194 0.000000 0.000000
20598 551 CH1 0.015873 3.281250 0.051070 FPGA_VCCINT -0.000194 0.000000 0.000000
20635 552 CH1 0.015873 3.281250 0.051070 FPGA_VCCINT -0.000194 0.000000 0.000000
20673 553 CH1 0.015873 3.281250 0.051070 FPGA_VCCINT -0.000194 0.000000 0.000000
20711 554 CH1 0.015873 3.281250 0.051070 FPGA_VCCINT -0.000194 0.000000 0.000000
20748 555 CH1 0.015873 3.281250 0.051070 FPGA_VCCINT -0.000194 0.000000 0.000000
20786 556 CH1 0.015873 3.281250 0.051070 FPGA_VCCINT -0.000194 0.000000 0.000000
20823 557 CH1 0.015873 3.281250 0.051070 FPGA_VCCINT -0.000194 0.000000 0.000000
20861 558 CH1 0.015873 3.281250 0.051070 FPGA_VCCINT -0.000194 0.000000 0.000000
20898 559 CH1 0.015873 3.281250 0.051070 FPGA_VCCINT -0.000194 0.000000 0.000000
20936 560 CH1 0.015873 3.281250 0.051070 FPGA_VCCINT -0.000194 0.000000 0.000000
20973 561 CH1 0.015873 3.281250 0.051070 FPGA_VCCINT -0.000194 0.000000 0.000000
21012 562 CH1 0.015873 3.281250 0.051070 FPGA_VCCINT -0.000194 0.000000 0.000000
21049 563 CH1 0.015873 3.281250 0.051070 FPGA_VCCINT -0.000194 0.000000 0.000000
21087 564 CH1 0.015873 3.281250 0.051070 FPGA_VCCINT -0.000194 0.000000 0.000000
21124 565 CH1 0.015873 3.281250 0.051070 FPGA_VCCINT -0.000194 0.000000 0.000000
21162 566 CH1 0.015873 3.281250 0.051070 FPGA_VCCINT -0.000194 0.000000 0.000000
21199 567 CH1 0.015873 3.281250 0.051070 FPGA_VCCINT -0.000194 0.000000 0.000000
21237 568 CH1 0.015873 3.281250 0.051070 FPGA_VCCINT -0.000194 0.000000 0.000000
21275 569 CH1 0.015873 3.281250 0.051070 FPGA_VCCINT -0.000194 0.000000 0.000000
21312 570 CH1 0.015873 3.281250 0.051070 FPGA_VCCINT -0.000194 0.000000 0.000000
21350 571 CH1 0.015873 3.281250 0.051070 FPGA_VCCINT -0.000194 0.000000 0.000000
21387 572 CH1 0.015873 3.281250 0.051070 FPGA_VCCINT -0.000194 0.000000 0.000000
21425 573 CH1 0.015873 3.281250 0.051070 FPGA_VCCINT -0.000194 0.000000 0.000000
21462 574 CH1 0.015873 3.281250 0.051070 FPGA_VCCINT -0.000194 0.000000 0.000000
21500 575 CH1 0.015873 3.281250 0.051070 FPGA_VCCINT -0.000194 0.000000 0.000000
21537 576 CH1 0.015873 3.281250 0.051070 FPGA_VCCINT -0.000194 0.000000 0.000000
21575 577 CH1 0.015873 3.281250 0.051070 FPGA_VCCINT -0.000194 0.000000 0.000000
21612 578 CH1 0.015873 3.281250 0.051070 FPGA_VCCINT -0.000194 0.000000 0.000000
21650 579 CH1 0.015873 3.281250 0.051070 FPGA_VCCINT -0.000194 0.000000 0.000000
21687 580 CH1 0.015873 3.281250 0.051070 FPGA_VCCINT -0.000194 0.000000 0.000000
21725 581 CH1 0.015873 3.281250 0.051070 FPGA_VCCINT -0.000194 0.000000 0.000000
21762 582 CH1 0.015873 3.281250 0.051070 FPGA_VCCINT -0.000194 0.000000 0.000000
21800 583 CH1 0.015873 3.281250 0.051070 FPGA_VCCINT -0.000194 0.000000 0.000000
21837 584 CH1 0.015873 3.281250 0.051070 FPGA_VCCINT -0.000194 0.000000 0.000000
21875 585 CH1 0.015873 3.281250 0.051070 FPGA_VCCINT -0.000194 0.000000 0.000000
21912 586 CH1 0.015873 3.281250 0.051070 FPGA_VCCINT -0.000194 0.000000 0.000000
21950 587 CH1 0.015873 3.281250 0.051070 FPGA_VCCINT -0.000194 0.000000 0.000000
21988 588 CH1 0.015873 3.281250 0.051070 FPGA_VCCINT -0.000194 0.000000 0.000000
22026 589 CH1 0.015873 3.281250 0.051070 FPGA_VCCINT -0.000194 0.000000 0.000000
22063 590 CH1 0.015873 3.281250 0.051070 FPGA_VCCINT -0.000194 0.000000 0.000000
22101 591 CH1 0.015873 3.281250 0.051070 FPGA_VCCINT -0.000194 0.000000 0.000000
22138 592 CH1 0.015873 3.281250 0.051070 FPGA_VCCINT -0.000194 0.000000 0.000000
22176 593 CH1 0.015873 3.281250 0.051070 FPGA_VCCINT -0.000194 0.000000 0.000000
22214 594 CH1 0.015873 3.281250 0.051070 FPGA_VCCINT -0.000194 0.000000 0.000000
22251 595 CH1 0.015873 3.281250 0.051070 FPGA_VCCINT -0.000194 0.000000 0.000000
22289 596 CH1 0.015873 3.281250 0.051070 FPGA_VCCINT -0.000194 0.000000 0.000000
22326 597 CH1 0.015873 3.281250 0.051070 FPGA_VCCINT -0.000194 0.000000 0.000000
22364 598 CH1 0.015873 3.281250 0.051070 FPGA_VCCINT -0.000194 0.000000 0.000000
22401 599 CH1 0.015873 3.281250 0.051070 FPGA_VCCINT -0.000194 0.000000 0.000000
22439 600 CH1 0.015873 3.281250 0.051070 FPGA_VCCINT -0.000194 0.000000 0.000000
22476 601 CH1 0.015873 3.281250 0.051070 FPGA_VCCINT -0.000194 0.000000 0.000000
22514 602 CH1 0.015873 3.281250 0.051070 FPGA_VCCINT -0.000194 0.000000 0.000000
22551 603 CH1 0.015873 3.281250 0.051070 FPGA_VCCINT -0.000194 0.000000 0.000000
22589 604 CH1 0.015873 3.281250 0.051070 FPGA_VCCINT -0.000194 0.000000 0.000000
22626 605 CH1 0.015873 3.281250 0.051070 FPGA_VCCINT -0.000194 0.000000 0.000000
22664 606 CH1 0.015873 3.281250 0.051070 FPGA_VCCINT -0.000194 0.000000 0.000000
22701 607 CH1 0.015873 3.281250 0.051070 FPGA_VCCINT -0.000194 0.000000 0.000000
22739 608 CH1 0.015873 3.281250 0.051070 FPGA_VCCINT -0.000194 0.000000 0.000000
22776 609 CH1 0.015873 3.281250 0.051070 FPGA_VCCINT -0.000194 0.000000 0.000000
22814 610 CH1 0.015873 3.281250 0.051070 FPGA_VCCINT -0.000194 0.000000 0.000000
22851 611 CH1 0.015873 3.281250 0.051070 FPGA_VCCINT -0.000194 0.000000 0.000000
22889 612 CH1 0.015873 3.281250 0.051070 FPGA_VCCINT -0.000194 0.000000 0.000000
22926 613 CH1 0.015873 3.281250 0.051070 FPGA_VCCINT -0.000194 0.000000 0.000000
22963 614 CH1 0.015873 3.281250 0.051070 FPGA_VCCINT -0.000194 0.000000 0.000000
23001 615 CH1 0.015873 3.281250 0.051070 FPGA_VCCINT -0.000194 0.000000 0.000000
23038 616 CH1 0.015873 3.281250 0.051070 FPGA_VCCINT -0.000194 0.000000 0.000000
23076 617 CH1 0.015873 3.281250 0.051070 FPGA_VCCINT -0.000194 0.000000 0.000000
23114 618 CH1 0.015873 3.281250 0.051070 FPGA_VCCINT -0.000194 0.000000 0.000000
23151 619 CH1 0.015873 3.281250 0.051070 FPGA_VCCINT -0.000194 0.000000 0.000000
23189 620 CH1 0.015873 3.281250 0.051070 FPGA_VCCINT -0.000194 0.000000 0.000000
23226 621 CH1 0.015873 3.281250 0.051070 FPGA_VCCINT -0.000194 0.000000 0.000000
23263 622 CH1 0.015873 3.281250 0.051070 FPGA_VCCINT -0.000194 0.000000 0.000000
23301 623 CH1 0.015873 3.281250 0.051070 FPGA_VCCINT -0.000194 0.000000 0.000000
23339 624 CH1 0.015873 3.281250 0.051070 FPGA_VCCINT -0.000194 0.000000 0.000000
23376 625 CH1 0.015873 3.281250 0.051070 FPGA_VCCINT -0.000194 0.000000 0.000000
23414 626 CH1 0.015873 3.281250 0.051070 FPGA_VCCINT -0.000194 0.000000 0.000000
23451 627 CH1 0.015873 3.281250 0.051070 FPGA_VCCINT -0.000194 0.000000 0.000000
23489 628 CH1 0.015873 3.281250 0.051070 FPGA_VCCINT -0.000194 0.000000 0.000000
23526 629 CH1 0.015873 3.281250 0.051070 FPGA_VCCINT -0.000194 0.000000 0.000000
23564 630 CH1 0.015873 3.281250 0.051070 FPGA_VCCINT -0.000194 0.000000 0.000000
23601 631 CH1 0.015873 3.281250 0.051070 FPGA_VCCINT -0.000194 0.000000 0.000000
23639 632 CH1 0.015873 3.281250 0.051070 FPGA_VCCINT -0.000194 0.000000 0.000000
23676 633 CH1 0.015873 3.281250 0.051070 FPGA_VCCINT -0.000194 0.000000 0.000000
23715 634 CH1 0.015873 3.281250 0.051070 FPGA_VCCINT -0.000194 0.000000 0.000000
23752 635 CH1 0.015873 3.281250 0.051070 FPGA_VCCINT -0.000194 0.000000 0.000000
23789 636 CH1 0.015873 3.281250 0.051070 FPGA_VCCINT -0.000194 0.000000 0.000000
23827 637 CH1 0.015873 3.281250 0.051070 FPGA_VCCINT -0.000194 0.000000 0.000000
23864 638 CH1 0.015873 3.281250 0.051070 FPGA_VCCINT -0.000194 0.000000 0.000000
23903 639 CH1 0.015873 3.281250 0.051070 FPGA_VCCINT -0.000194 0.000000 0.000000
23940 640 CH1 0.015873 3.281250 0.051070 FPGA_VCCINT -0.000194 0.000000 0.000000
23978 641 CH1 0.015873 3.281250 0.051070 FPGA_VCCINT -0.000194 0.000000 0.000000
24015 642 CH1 0.015873 3.281250 0.051070 FPGA_VCCINT -0.000194 0.000000 0.000000
24053 643 CH1 0.015873 3.281250 0.051070 FPGA_VCCINT -0.000194 0.000000 0.000000
24090 644 CH1 0.015873 3.281250 0.051070 FPGA_VCCINT -0.000194 0.000000 0.000000
24128 645 CH1 0.015873 3.281250 0.051070 FPGA_VCCINT -0.000194 0.000000 0.000000
24165 646 CH1 0.015873 3.281250 0.051070 FPGA_VCCINT -0.000194 0.000000 0.000000
24203 647 CH1 0.015873 3.281250 0.051070 FPGA_VCCINT -0.000194 0.000000 0.000000
24240 648 CH1 0.015873 3.281250 0.051070 FPGA_VCCINT -0.000194 0.000000 0.000000
24278 649 CH1 0.015873 3.281250 0.051070 FPGA_VCCINT -0.000194 0.000000 0.000000
24315 650 CH1 0.015873 3.281250 0.051070 FPGA_VCCINT -0.000194 0.000000 0.000000
24353 651 CH1 0.015873 3.281250 0.051070 FPGA_VCCINT -0.000194 0.000000 0.000000
24390 652 CH1 0.015873 3.281250 0.051070 FPGA_VCCINT -0.000194 0.000000 0.000000
24428 653 CH1 0.015873 3.281250 0.051070 FPGA_VCCINT -0.000194 0.000000 0.000000
24465 654 CH1 0.015873 3.281250 0.051070 FPGA_VCCINT -0.000194 0.000000 0.000000
24503 655 CH1 0.015873 3.281250 0.051070 FPGA_VCCINT -0.000194 0.000000 0.000000
24540 656 CH1 0.015873 3.281250 0.051070 FPGA_VCCINT -0.000194 0.000000 0.000000
24578 657 CH1 0.015873 3.281250 0.051070 FPGA_VCCINT -0.000194 0.000000 0.000000
24615 658 CH1 0.015873 3.281250 0.051070 FPGA_VCCINT -0.000194 0.000000 0.000000
24653 659 CH1 0.015873 3.281250 0.051070 FPGA_VCCINT -0.000194 0.000000 0.000000
24690 660 CH1 0.015873 3.281250 0.051070 FPGA_VCCINT -0.000194 0.000000 0.000000
24728 661 CH1 0.015873 3.281250 0.051070 FPGA_VCCINT -0.000194 0.000000 0.000000
24765 662 CH1 0.015873 3.281250 0.051070 FPGA_VCCINT -0.000194 0.000000 0.000000
24803 663 CH1 0.015873 3.281250 0.051070 FPGA_VCCINT -0.000194 0.000000 0.000000
24841 664 CH1 0.015873 3.281250 0.051070 FPGA_VCCINT -0.000194 0.000000 0.000000
24879 665 CH1 0.015873 3.281250 0.051070 FPGA_VCCINT -0.000194 0.000000 0.000000
24916 666 CH1 0.015873 3.281250 0.051070 FPGA_VCCINT -0.000194 0.000000 0.000000
24954 667 CH1 0.015873 3.281250 0.051070 FPGA_VCCINT -0.000194 0.000000 0.000000
24991 668 CH1 0.015873 3.281250 0.051070 FPGA_VCCINT -0.000194 0.000000 0.000000
25029 669 CH1 0.015873 3.281250 0.051070 FPGA_VCCINT -0.000194 0.000000 0.000000
25067 670 CH1 0.015873 3.281250 0.051070 FPGA_VCCINT -0.000194 0.000000 0.000000
25104 671 CH1 0.015873 3.281250 0.051070 FPGA_VCCINT -0.000194 0.000000 0.000000
25142 672 CH1 0.015873 3.281250 0.051070 FPGA_VCCINT -0.000194 0.000000 0.000000
25179 673 CH1 0.015873 3.281250 0.051070 FPGA_VCCINT -0.000194 0.000000 0.000000
25217 674 CH1 0.015873 3.281250 0.051070 FPGA_VCCINT -0.000194 0.000000 0.000000
25254 675 CH1 0.015873 3.281250 0.051070 FPGA_VCCINT -0.000194 0.000000 0.000000
25292 676 CH1 0.015873 3.281250 0.051070 FPGA_VCCINT -0.000194 0.000000 0.000000
25329 677 CH1 0.015873 3.281250 0.051070 FPGA_VCCINT -0.000194 0.000000 0.000000
25367 678 CH1 0.015873 3.281250 0.051070 FPGA_VCCINT -0.000194 0.000000 0.000000
25404 679 CH1 0.015873 3.281250 0.051070 FPGA_VCCINT -0.000194 0.000000 0.000000
25442 680 CH1 0.015873 3.281250 0.051070 FPGA_VCCINT -0.000194 0.000000 0.000000
25480 681 CH1 0.015873 3.281250 0.051070 FPGA_VCCINT -0.000194 0.000000 0.000000
25518 682 CH1 0.015873 3.281250 0.051070 FPGA_VCCINT -0.000194 0.000000 0.000000
25555 683 CH1 0.015873 3.281250 0.051070 FPGA_VCCINT -0.000194 0.000000 0.000000
25593 684 CH1 0.015873 3.281250 0.051070 FPGA_VCCINT -0.000194 0.000000 0.000000
25630 685 CH1 0.015873 3.281250 0.051070 FPGA_VCCINT -0.000194 0.000000 0.000000
25668 686 CH1 0.015873 3.281250 0.051070 FPGA_VCCINT -0.000194 0.000000 0.000000
25706 687 CH1 0.015873 3.281250 0.051070 FPGA_VCCINT -0.000194 0.000000 0.000000
25743 688 CH1 0.015873 3.281250 0.051070 FPGA_VCCINT -0.000194 0.000000 0.000000
25781 689 CH1 0.015873 3.281250 0.051070 FPGA_VCCINT -0.000194 0.000000 0.000000
25818 690 CH1 0.015873 3.281250 0.051070 FPGA_VCCINT -0.000194 0.000000 0.000000
25856 691 CH1 0.015873 3.281250 0.051070 FPGA_VCCINT -0.000194 0.000000 0.000000
25893 692 CH1 0.015873 3.281250 0.051070 FPGA_VCCINT -0.000194 0.000000 0.000000
25931 693 CH1 0.015873 3.281250 0.051070 FPGA_VCCINT -0.000194 0.000000 0.000000
25968 694 CH1 0.015873 3.281250 0.051070 FPGA_VCCINT -0.000194 0.000000 0.000000
26006 695 CH1 0.015873 3.281250 0.051070 FPGA_VCCINT -0.000194 0.000000 0.000000
26043 696 CH1 0.015873 3.281250 0.051070 FPGA_VCCINT -0.000194 0.000000 0.000000
26081 697 CH1 0.015873 3.281250 0.051070 FPGA_VCCINT -0.000194 0.000000 0.000000
26118 698 CH1 0.015873 3.281250 0.051070 FPGA_VCCINT -0.000194 0.000000 0.000000
26156 699 CH1 0.015873 3.281250 0.051070 FPGA_VCCINT -0.000194 0.000000 0.000000
26193 700 CH1 0.015873 3.281250 0.051070 FPGA_VCCINT -0.000194 0.000000 0.000000
26231 701 CH1 0.015873 3.281250 0.051070 FPGA_VCCINT -0.000194 0.000000 0.000000
26269 702 CH1 0.015873 3.281250 0.051070 FPGA_VCCINT -0.000194 0.000000 0.000000
26307 703 CH1 0.015873 3.281250 0.051070 FPGA_VCCINT -0.000194 0.000000 0.000000
26344 704 CH1 0.015873 3.281250 0.051070 FPGA_VCCINT -0.000194 0.000000 0.000000
26382 705 CH1 0.015873 3.281250 0.051070 FPGA_VCCINT -0.000194 0.000000 0.000000
26419 706 CH1 0.015873 3.281250 0.051070 FPGA_VCCINT -0.000194 0.000000 0.000000
26457 707 CH1 0.015873 3.281250 0.051070 FPGA_VCCINT -0.000194 0.000000 0.000000
26495 708 CH1 0.015873 3.281250 0.051070 FPGA_VCCINT -0.000194 0.000000 0.000000
26532 709 CH1 0.015873 3.281250 0.051070 FPGA_VCCINT -0.000194 0.000000 0.000000
26570 710 CH1 0.015873 3.281250 0.051070 FPGA_VCCINT -0.000194 0.000000 0.000000
26607 711 CH1 0.015873 3.281250 0.051070 FPGA_VCCINT -0.000194 0.000000 0.000000
26645 712 CH1 0.015873 3.281250 0.051070 FPGA_VCCINT -0.000194 0.000000 0.000000
26682 713 CH1 0.015873 3.281250 0.051070 FPGA_VCCINT -0.000194 0.000000 0.000000
26720 714 CH1 0.015873 3.281250 0.051070 FPGA_VCCINT -0.000194 0.000000 0.000000
26757 715 CH1 0.015873 3.281250 0.051070 FPGA_VCCINT -0.000194 0.000000 0.000000
26795 716 CH1 0.015873 3.281250 0.051070 FPGA_VCCINT -0.000194 0.000000 0.000000
26833 717 CH1 0.015873 3.281250 0.051070 FPGA_VCCINT -0.000194 0.000000 0.000000
26871 718 CH1 0.015873 3.281250 0.051070 FPGA_VCCINT -0.000194 0.000000 0.000000
26908 719 CH1 0.015873 3.281250 0.051070 FPGA_VCCINT -0.000194 0.000000 0.000000
26946 720 CH1 0.015873 3.281250 0.051070 FPGA_VCCINT -0.000194 0.000000 0.000000
26983 721 CH1 0.015873 3.281250 0.051070 FPGA_VCCINT -0.000194 0.000000 0.000000
27021 722 CH1 0.015873 3.281250 0.051070 FPGA_VCCINT -0.000194 0.000000 0.000000
27059 723 CH1 0.015873 3.281250 0.051070 FPGA_VCCINT -0.000194 0.000000 0.000000
27096 724 CH1 0.015873 3.281250 0.051070 FPGA_VCCINT -0.000194 0.000000 0.000000
27134 725 CH1 0.015873 3.281250 0.051070 FPGA_VCCINT -0.000194 0.000000 0.000000
27171 726 CH1 0.015873 3.281250 0.051070 FPGA_VCCINT -0.000194 0.000000 0.000000
27209 727 CH1 0.015873 3.281250 0.051070 FPGA_VCCINT -0.000194 0.000000 0.000000
27246 728 CH1 0.015873 3.281250 0.051070 FPGA_VCCINT -0.000194 0.000000 0.000000
27284 729 CH1 0.015873 3.281250 0.051070 FPGA_VCCINT -0.000194 0.000000 0.000000
27322 730 CH1 0.015873 3.281250 0.051070 FPGA_VCCINT -0.000194 0.000000 0.000000
27359 731 CH1 0.015873 3.281250 0.051070 FPGA_VCCINT -0.000194 0.000000 0.000000
27397 732 CH1 0.015873 3.281250 0.051070 FPGA_VCCINT -0.000194 0.000000 0.000000
27434 733 CH1 0.015873 3.281250 0.051070 FPGA_VCCINT -0.000194 0.000000 0.000000
27472 734 CH1 0.015873 3.281250 0.051070 FPGA_VCCINT -0.000194 0.000000 0.000000
27510 735 CH1 0.015873 3.281250 0.051070 FPGA_VCCINT -0.000194 0.000000 0.000000
27547 736 CH1 0.015873 3.281250 0.051070 FPGA_VCCINT -0.000194 0.000000 0.000000
27585 737 CH1 0.015873 3.281250 0.051070 FPGA_VCCINT -0.000194 0.000000 0.000000
27623 738 CH1 0.015873 3.281250 0.051070 FPGA_VCCINT -0.000194 0.000000 0.000000
27660 739 CH1 0.015873 3.281250 0.051070 FPGA_VCCINT -0.000194 0.000000 0.000000
27698 740 CH1 0.015873 3.281250 0.051070 FPGA_VCCINT -0.000194 0.000000 0.000000
27735 741 CH1 0.015873 3.281250 0.051070 FPGA_VCCINT -0.000194 0.000000 0.000000
27773 742 CH1 0.015873 3.281250 0.051070 FPGA_VCCINT -0.000194 0.000000 0.000000
27810 743 CH1 0.015873 3.281250 0.051070 FPGA_VCCINT -0.000194 0.000000 0.000000
27848 744 CH1 0.015873 3.281250 0.051070 FPGA_VCCINT -0.000194 0.000000 0.000000
27885 745 CH1 0.015873 3.281250 0.051070 FPGA_VCCINT -0.000194 0.000000 0.000000
27923 746 CH1 0.015873 3.281250 0.051070 FPGA_VCCINT -0.000194 0.000000 0.000000
27961 747 CH1 0.015873 3.281250 0.051070 FPGA_VCCINT -0.000194 0.000000 0.000000
27998 748 CH1 0.015873 3.281250 0.051070 FPGA_VCCINT -0.000194 0.000000 0.000000
28036 749 CH1 0.015873 3.281250 0.051070 FPGA_VCCINT -0.000194 0.000000 0.000000
28074 750 CH1 0.015873 3.281250 0.051070 FPGA_VCCINT -0.000194 0.000000 0.000000
28111 751 CH1 0.015873 3.281250 0.051070 FPGA_VCCINT -0.000194 0.000000 0.000000
28149 752 CH1 0.015873 3.281250 0.051070 FPGA_VCCINT -0.000194 0.000000 0.000000
28187 753 CH1 0.015873 3.281250 0.051070 FPGA_VCCINT -0.000194 0.000000 0.000000
28224 754 CH1 0.015873 3.281250 0.051070 FPGA_VCCINT -0.000194 0.000000 0.000000
28262 755 CH1 0.015873 3.281250 0.051070 FPGA_VCCINT -0.000194 0.000000 0.000000
28299 756 CH1 0.015873 3.281250 0.051070 FPGA_VCCINT -0.000194 0.000000 0.000000
28337 757 CH1 0.015873 3.281250 0.051070 FPGA_VCCINT -0.000194 0.000000 0.000000
28374 758 CH1 0.015873 3.281250 0.051070 FPGA_VCCINT -0.000194 0.000000 0.000000
28412 759 CH1 0.015873 3.281250 0.051070 FPGA_VCCINT -0.000194 0.000000 0.000000
28449 760 CH1 0.015873 3.281250 0.051070 FPGA_VCCINT -0.000194 0.000000 0.000000
28487 761 CH1 0.015873 3.281250 0.051070 FPGA_VCCINT -0.000194 0.000000 0.000000
28524 762 CH1 0.015873 3.281250 0.051070 FPGA_VCCINT -0.000194 0.000000 0.000000
28562 763 CH1 0.015873 3.281250 0.051070 FPGA_VCCINT -0.000194 0.000000 0.000000
28599 764 CH1 0.015873 3.281250 0.051070 FPGA_VCCINT -0.000194 0.000000 0.000000
28637 765 CH1 0.015873 3.281250 0.051070 FPGA_VCCINT -0.000194 0.000000 0.000000
28674 766 CH1 0.015873 3.281250 0.051070 FPGA_VCCINT -0.000194 0.000000 0.000000
28712 767 CH1 0.015873 3.281250 0.051070 FPGA_VCCINT -0.000194 0.000000 0.000000
28749 768 CH1 0.015873 3.281250 0.051070 FPGA_VCCINT -0.000194 0.000000 0.000000
28787 769 CH1 0.015873 3.281250 0.051070 FPGA_VCCINT -0.000194 0.000000 0.000000
28824 770 CH1 0.015873 3.281250 0.051070 FPGA_VCCINT -0.000194 0.000000 0.000000
28862 771 CH1 0.015873 3.281250 0.051070 FPGA_VCCINT -0.000194 0.000000 0.000000
28899 772 CH1 0.015873 3.281250 0.051070 FPGA_VCCINT -0.000194 0.000000 0.000000
28937 773 CH1 0.015873 3.281250 0.051070 FPGA_VCCINT -0.000194 0.000000 0.000000
28975 774 CH1 0.015873 3.281250 0.051070 FPGA_VCCINT -0.000194 0.000000 0.000000
29012 775 CH1 0.015873 3.281250 0.051070 FPGA_VCCINT -0.000194 0.000000 0.000000
29050 776 CH1 0.015873 3.281250 0.051070 FPGA_VCCINT -0.000194 0.000000 0.000000
29087 777 CH1 0.015873 3.281250 0.051070 FPGA_VCCINT -0.000194 0.000000 0.000000
29125 778 CH1 0.015873 3.281250 0.051070 FPGA_VCCINT -0.000194 0.000000 0.000000
29162 779 CH1 0.015873 3.281250 0.051070 FPGA_VCCINT -0.000194 0.000000 0.000000
29200 780 CH1 0.015873 3.281250 0.051070 FPGA_VCCINT -0.000194 0.000000 0.000000
29237 781 CH1 0.015873 3.281250 0.051070 FPGA_VCCINT -0.000194 0.000000 0.000000
29274 782 CH1 0.015873 3.281250 0.051070 FPGA_VCCINT -0.000194 0.000000 0.000000
29312 783 CH1 0.015873 3.281250 0.051070 FPGA_VCCINT -0.000194 0.000000 0.000000
29350 784 CH1 0.015873 3.281250 0.051070 FPGA_VCCINT -0.000194 0.000000 0.000000
29387 785 CH1 0.015873 3.281250 0.051070 FPGA_VCCINT -0.000194 0.000000 0.000000
29425 786 CH1 0.015873 3.281250 0.051070 FPGA_VCCINT -0.000194 0.000000 0.000000
29463 787 CH1 0.015873 3.281250 0.051070 FPGA_VCCINT -0.000194 0.000000 0.000000
29500 788 CH1 0.015873 3.281250 0.051070 FPGA_VCCINT -0.000194 0.000000 0.000000
29538 789 CH1 0.015873 3.281250 0.051070 FPGA_VCCINT -0.000194 0.000000 0.000000
29575 790 CH1 0.015873 3.281250 0.051070 FPGA_VCCINT -0.000194 0.000000 0.000000
29613 791 CH1 0.015873 3.281250 0.051070 FPGA_VCCINT -0.000194 0.000000 0.000000
29651 792 CH1 0.015873 3.281250 0.051070 FPGA_VCCINT -0.000194 0.000000 0.000000
29689 793 CH1 0.015873 3.281250 0.051070 FPGA_VCCINT -0.000194 0.000000 0.000000
29726 794 CH1 0.015873 3.281250 0.051070 FPGA_VCCINT -0.000194 0.000000 0.000000
29763 795 CH1 0.015873 3.281250 0.051070 FPGA_VCCINT -0.000194 0.000000 0.000000
29801 796 CH1 0.015873 3.281250 0.051070 FPGA_VCCINT -0.000194 0.000000 0.000000
29838 797 CH1 0.015873 3.281250 0.051070 FPGA_VCCINT -0.000194 0.000000 0.000000
29876 798 CH1 0.015873 3.281250 0.051070 FPGA_VCCINT -0.000194 0.000000 0.000000
29913 799 CH1 0.015873 3.281250 0.051070 FPGA_VCCINT -0.000194 0.000000 0.000000
29951 800 CH1 0.015873 3.281250 0.051070 FPGA_VCCINT -0.000194 0.000000 0.000000
29988 801 CH1 0.015873 3.281250 0.051070 FPGA_VCCINT -0.000194 0.000000 0.000000
30026 802 CH1 0.015873 3.281250 0.051070 FPGA_VCCINT -0.000194 0.000000 0.000000
30064 803 CH1 0.015873 3.281250 0.051070 FPGA_VCCINT -0.000194 0.000000 0.000000
30101 804 CH1 0.015873 3.281250 0.051070 FPGA_VCCINT -0.000194 0.000000 0.000000
30138 805 CH1 0.015873 3.281250 0.051070 FPGA_VCCINT -0.000194 0.000000 0.000000
30176 806 CH1 0.015873 3.281250 0.051070 FPGA_VCCINT -0.000194 0.000000 0.000000
30214 807 CH1 0.015873 3.281250 0.051070 FPGA_VCCINT -0.000194 0.000000 0.000000
30251 808 CH1 0.015873 3.281250 0.051070 FPGA_VCCINT -0.000194 0.000000 0.000000
30289 809 CH1 0.015873 3.281250 0.051070 FPGA_VCCINT -0.000194 0.000000 0.000000
30326 810 CH1 0.015873 3.281250 0.051070 FPGA_VCCINT -0.000194 0.000000 0.000000
30364 811 CH1 0.015873 3.281250 0.051070 FPGA_VCCINT -0.000194 0.000000 0.000000
30401 812 CH1 0.015873 3.281250 0.051070 FPGA_VCCINT -0.000194 0.000000 0.000000
30439 813 CH1 0.015873 3.281250 0.051070 FPGA_VCCINT -0.000194 0.000000 0.000000
30476 814 CH1 0.015873 3.281250 0.051070 FPGA_VCCINT -0.000194 0.000000 0.000000
30514 815 CH1 0.015873 3.281250 0.051070 FPGA_VCCINT -0.000194 0.000000 0.000000
30551 816 CH1 0.015873 3.281250 0.051070 FPGA_VCCINT -0.000194 0.000000 0.000000
30589 817 CH1 0.015873 3.281250 0.051070 FPGA_VCCINT -0.000194 0.000000 0.000000
30626 818 CH1 0.015873 3.281250 0.051070 FPGA_VCCINT -0.000194 0.000000 0.000000
30664 819 CH1 0.015873 3.281250 0.051070 FPGA_VCCINT -0.000194 0.000000 0.000000
30701 820 CH1 0.015873 3.281250 0.051070 FPGA_VCCINT -0.000194 0.000000 0.000000
30739 821 CH1 0.015873 3.281250 0.051070 FPGA_VCCINT -0.000194 0.000000 0.000000
30776 822 CH1 0.015873 3.281250 0.051070 FPGA_VCCINT -0.000194 0.000000 0.000000
30814 823 CH1 0.015873 3.281250 0.051070 FPGA_VCCINT -0.000194 0.000000 0.000000
30851 824 CH1 0.015873 3.281250 0.051070 FPGA_VCCINT -0.000194 0.000000 0.000000
30889 825 CH1 0.015873 3.281250 0.051070 FPGA_VCCINT -0.000194 0.000000 0.000000
30926 826 CH1 0.015873 3.281250 0.051070 FPGA_VCCINT -0.000194 0.000000 0.000000
30964 827 CH1 0.015873 3.281250 0.051070 FPGA_VCCINT -0.000194 0.000000 0.000000
31002 828 CH1 0.015873 3.281250 0.051070 FPGA_VCCINT -0.000194 0.000000 0.000000
31040 829 CH1 0.015873 3.281250 0.051070 FPGA_VCCINT -0.000194 0.000000 0.000000
31077 830 CH1 0.015873 3.281250 0.051070 FPGA_VCCINT -0.000194 0.000000 0.000000
31115 831 CH1 0.015873 3.281250 0.051070 FPGA_VCCINT -0.000194 0.000000 0.000000
31152 832 CH1 0.015873 3.281250 0.051070 FPGA_VCCINT -0.000194 0.000000 0.000000
31190 833 CH1 0.015873 3.281250 0.051070 FPGA_VCCINT -0.000194 0.000000 0.000000
31227 834 CH1 0.015873 3.281250 0.051070 FPGA_VCCINT -0.000194 0.000000 0.000000
