11 1 CH1 0.400000 3.281250 1.306663 FPGA_VCCINT 0.006388 1.093750 0.006851
50 2 CH1 0.400000 3.281250 1.306663 FPGA_VCCINT 0.006388 1.093750 0.006851
89 3 CH1 0.400000 3.281250 1.306663 FPGA_VCCINT 0.006388 1.093750 0.006851
128 4 CH1 0.400000 3.281250 1.306663 FPGA_VCCINT 0.006388 1.093750 0.006851
167 5 CH1 0.400000 3.281250 1.306663 FPGA_VCCINT 0.006388 1.093750 0.006851
206 6 CH1 0.400000 3.281250 1.306663 FPGA_VCCINT 0.006388 1.093750 0.006851
245 7 CH1 0.400000 3.281250 1.306663 FPGA_VCCINT 0.006194 1.093750 0.006643
284 8 CH1 0.400000 3.281250 1.306663 FPGA_VCCINT 0.006388 1.093750 0.006851
323 9 CH1 0.400000 3.281250 1.306663 FPGA_VCCINT 0.006388 1.093750 0.006851
362 10 CH1 0.400000 3.281250 1.306663 FPGA_VCCINT 0.006388 1.093750 0.006851
401 11 CH1 0.400000 3.281250 1.306663 FPGA_VCCINT 0.006388 1.093750 0.006851
441 12 CH1 0.400000 3.281250 1.306663 FPGA_VCCINT 0.006388 1.093750 0.006851
480 13 CH1 0.400000 3.281250 1.306663 FPGA_VCCINT 0.006388 1.093750 0.006851
520 14 CH1 0.400000 3.281250 1.306663 FPGA_VCCINT 0.006388 1.093750 0.006851
559 15 CH1 0.400000 3.281250 1.306663 FPGA_VCCINT 0.006388 1.093750 0.006851
598 16 CH1 0.400000 3.281250 1.306663 FPGA_VCCINT 0.006388 1.093750 0.006851
637 17 CH1 0.400000 3.281250 1.306663 FPGA_VCCINT 0.006388 1.093750 0.006851
676 18 CH1 0.400000 3.281250 1.306663 FPGA_VCCINT 0.006388 1.093750 0.006851
716 19 CH1 0.400000 3.281250 1.306663 FPGA_VCCINT 0.006388 1.093750 0.006851
755 20 CH1 0.400000 3.281250 1.306663 FPGA_VCCINT 0.006388 1.093750 0.006851
794 21 CH1 0.400000 3.281250 1.306663 FPGA_VCCINT 0.006388 1.093750 0.006851
833 22 CH1 0.400000 3.281250 1.306663 FPGA_VCCINT 0.006388 1.093750 0.006851
872 23 CH1 0.400000 3.281250 1.306663 FPGA_VCCINT 0.006388 1.093750 0.006851
912 24 CH1 0.400000 3.281250 1.306663 FPGA_VCCINT 0.006194 1.093750 0.006643
951 25 CH1 0.400000 3.281250 1.306663 FPGA_VCCINT 0.006194 1.093750 0.006643
990 26 CH1 0.400000 3.281250 1.306663 FPGA_VCCINT 0.006388 1.093750 0.006851
1029 27 CH1 0.400000 3.281250 1.306663 FPGA_VCCINT 0.006388 1.093750 0.006851
1069 28 CH1 0.400000 3.281250 1.306663 FPGA_VCCINT 0.006388 1.093750 0.006851
1108 29 CH1 0.400000 3.281250 1.306663 FPGA_VCCINT 0.006388 1.093750 0.006851
1148 30 CH1 0.400000 3.281250 1.306663 FPGA_VCCINT 0.006388 1.093750 0.006851
1187 31 CH1 0.400000 3.281250 1.306663 FPGA_VCCINT 0.006388 1.093750 0.006851
1226 32 CH1 0.400000 3.281250 1.306663 FPGA_VCCINT 0.006388 1.093750 0.006851
1266 33 CH1 0.400000 3.281250 1.306663 FPGA_VCCINT 0.006388 1.093750 0.006851
1305 34 CH1 0.400000 3.281250 1.306663 FPGA_VCCINT 0.006388 1.093750 0.006851
1345 35 CH1 0.400000 3.281250 1.306663 FPGA_VCCINT 0.006388 1.093750 0.006851
1384 36 CH1 0.400000 3.281250 1.306663 FPGA_VCCINT 0.006388 1.093750 0.006851
1424 37 CH1 0.400000 3.281250 1.306663 FPGA_VCCINT 0.006388 1.093750 0.006851
1464 38 CH1 0.400000 3.281250 1.306663 FPGA_VCCINT 0.006388 1.093750 0.006851
1504 39 CH1 0.400000 3.281250 1.306663 FPGA_VCCINT 0.006388 1.093750 0.006851
1543 40 CH1 0.400000 3.281250 1.306663 FPGA_VCCINT 0.006388 1.093750 0.006851
1583 41 CH1 0.400000 3.281250 1.306663 FPGA_VCCINT 0.006388 1.093750 0.006851
1622 42 CH1 0.400000 3.281250 1.306663 FPGA_VCCINT 0.006388 1.093750 0.006851
1662 43 CH1 0.400000 3.281250 1.306663 FPGA_VCCINT 0.006388 1.093750 0.006851
1701 44 CH1 0.400000 3.281250 1.306663 FPGA_VCCINT 0.006388 1.093750 0.006851
1741 45 CH1 0.400000 3.281250 1.306663 FPGA_VCCINT 0.006388 1.093750 0.006851
1780 46 CH1 0.400000 3.281250 1.306663 FPGA_VCCINT 0.007162 1.093750 0.007681
1820 47 CH1 0.400000 3.281250 1.306663 FPGA_VCCINT 0.007162 1.093750 0.007681
1859 48 CH1 0.400000 3.281250 1.306663 FPGA_VCCINT 0.006581 1.093750 0.007058
1899 49 CH1 0.400000 3.281250 1.306663 FPGA_VCCINT 0.006581 1.093750 0.007058
1938 50 CH1 0.400000 3.281250 1.306663 FPGA_VCCINT 0.006969 1.093750 0.007474
1978 51 CH1 0.400000 3.281250 1.306663 FPGA_VCCINT 0.006581 1.093750 0.007058
2017 52 CH1 0.400000 3.281250 1.306663 FPGA_VCCINT 0.006581 1.093750 0.007058
2057 53 CH1 0.400000 3.281250 1.306663 FPGA_VCCINT 0.006581 1.093750 0.007058
2097 54 CH1 0.400000 3.281250 1.306663 FPGA_VCCINT 0.006581 1.093750 0.007058
2136 55 CH1 0.400000 3.281250 1.306663 FPGA_VCCINT 0.006581 1.093750 0.007058
2176 56 CH1 0.400000 3.281250 1.306663 FPGA_VCCINT 0.006581 1.093750 0.007058
2215 57 CH1 0.400000 3.281250 1.306663 FPGA_VCCINT 0.006581 1.093750 0.007058
2255 58 CH1 0.400000 3.281250 1.306663 FPGA_VCCINT 0.006581 1.093750 0.007058
2294 59 CH1 0.400000 3.281250 1.306663 FPGA_VCCINT 0.006581 1.093750 0.007058
2334 60 CH1 0.400000 3.281250 1.306663 FPGA_VCCINT 0.006581 1.093750 0.007058
2373 61 CH1 0.400000 3.281250 1.306663 FPGA_VCCINT 0.006581 1.093750 0.007058
2412 62 CH1 0.400000 3.281250 1.306663 FPGA_VCCINT 0.006581 1.093750 0.007058
2452 63 CH1 0.400000 3.281250 1.306663 FPGA_VCCINT 0.006775 1.093750 0.007266
2491 64 CH1 0.400000 3.281250 1.306663 FPGA_VCCINT 0.006775 1.093750 0.007266
2531 65 CH1 0.400000 3.281250 1.306663 FPGA_VCCINT 0.006775 1.093750 0.007266
2570 66 CH1 0.400000 3.281250 1.306663 FPGA_VCCINT 0.006775 1.093750 0.007266
2610 67 CH1 0.400000 3.281250 1.306663 FPGA_VCCINT 0.005614 1.093750 0.006020
2649 68 CH1 0.400000 3.281250 1.306663 FPGA_VCCINT 0.005807 1.093750 0.006228
2688 69 CH1 0.400000 3.281250 1.306663 FPGA_VCCINT 0.005807 1.093750 0.006228
2728 70 CH1 0.400000 3.281250 1.306663 FPGA_VCCINT 0.006194 1.093750 0.006643
2768 71 CH1 0.400000 3.281250 1.306663 FPGA_VCCINT 0.006194 1.093750 0.006643
2807 72 CH1 0.400000 3.281250 1.306663 FPGA_VCCINT 0.006194 1.093750 0.006643
2847 73 CH1 0.400000 3.281250 1.306663 FPGA_VCCINT 0.006194 1.093750 0.006643
2887 74 CH1 0.400000 3.281250 1.306663 FPGA_VCCINT 0.006194 1.093750 0.006643
2926 75 CH1 0.400000 3.281250 1.306663 FPGA_VCCINT 0.006194 1.093750 0.006643
2966 76 CH1 0.400000 3.281250 1.306663 FPGA_VCCINT 0.006194 1.093750 0.006643
3005 77 CH1 0.400000 3.281250 1.306663 FPGA_VCCINT 0.006194 1.093750 0.006643
3045 78 CH1 0.400000 3.281250 1.306663 FPGA_VCCINT 0.006194 1.093750 0.006643
3084 79 CH1 0.400000 3.281250 1.306663 FPGA_VCCINT 0.006194 1.093750 0.006643
3123 80 CH1 0.400000 3.281250 1.306663 FPGA_VCCINT 0.006194 1.093750 0.006643
3163 81 CH1 0.400000 3.281250 1.306663 FPGA_VCCINT 0.006194 1.093750 0.006643
3202 82 CH1 0.400000 3.281250 1.306663 FPGA_VCCINT 0.006194 1.093750 0.006643
3242 83 CH1 0.400000 3.281250 1.306663 FPGA_VCCINT 0.006194 1.093750 0.006643
3281 84 CH1 0.400000 3.281250 1.306663 FPGA_VCCINT 0.006194 1.093750 0.006643
3320 85 CH1 0.400000 3.281250 1.306663 FPGA_VCCINT 0.006194 1.093750 0.006643
3360 86 CH1 0.400000 3.281250 1.306663 FPGA_VCCINT 0.006194 1.093750 0.006643
3399 87 CH1 0.400000 3.281250 1.306663 FPGA_VCCINT 0.006194 1.093750 0.006643
3439 88 CH1 0.400000 3.281250 1.306663 FPGA_VCCINT 0.006194 1.093750 0.006643
3478 89 CH1 0.400000 3.281250 1.306663 FPGA_VCCINT 0.006194 1.093750 0.006643
3518 90 CH1 0.400000 3.281250 1.306663 FPGA_VCCINT 0.006194 1.093750 0.006643
3557 91 CH1 0.400000 3.281250 1.306663 FPGA_VCCINT 0.006194 1.093750 0.006643
3597 92 CH1 0.400000 3.281250 1.306663 FPGA_VCCINT 0.006194 1.093750 0.006643
3637 93 CH1 0.400000 3.281250 1.306663 FPGA_VCCINT 0.006194 1.093750 0.006643
3676 94 CH1 0.400000 3.281250 1.306663 FPGA_VCCINT 0.006194 1.093750 0.006643
3716 95 CH1 0.400000 3.281250 1.306663 FPGA_VCCINT 0.006194 1.093750 0.006643
3755 96 CH1 0.400000 3.281250 1.306663 FPGA_VCCINT 0.006194 1.093750 0.006643
3794 97 CH1 0.400000 3.281250 1.306663 FPGA_VCCINT 0.006194 1.093750 0.006643
3834 98 CH1 0.400000 3.281250 1.306663 FPGA_VCCINT 0.006194 1.093750 0.006643
3873 99 CH1 0.400000 3.281250 1.306663 FPGA_VCCINT 0.006194 1.093750 0.006643
3913 100 CH1 0.400000 3.281250 1.306663 FPGA_VCCINT 0.006194 1.093750 0.006643
3952 101 CH1 0.400000 3.281250 1.306663 FPGA_VCCINT 0.006194 1.093750 0.006643
3992 102 CH1 0.400000 3.281250 1.306663 FPGA_VCCINT 0.006194 1.093750 0.006643
4032 103 CH1 0.400000 3.281250 1.306663 FPGA_VCCINT 0.006194 1.093750 0.006643
4072 104 CH1 0.400000 3.281250 1.306663 FPGA_VCCINT 0.006194 1.093750 0.006643
4112 105 CH1 0.400000 3.281250 1.306663 FPGA_VCCINT 0.006194 1.093750 0.006643
4151 106 CH1 0.400000 3.281250 1.306663 FPGA_VCCINT 0.006194 1.093750 0.006643
4191 107 CH1 0.400000 3.281250 1.306663 FPGA_VCCINT 0.006194 1.093750 0.006643
4231 108 CH1 0.400000 3.281250 1.306663 FPGA_VCCINT 0.006194 1.093750 0.006643
4270 109 CH1 0.400000 3.281250 1.306663 FPGA_VCCINT 0.006194 1.093750 0.006643
4310 110 CH1 0.400000 3.281250 1.306663 FPGA_VCCINT 0.006194 1.093750 0.006643
4350 111 CH1 0.400000 3.281250 1.306663 FPGA_VCCINT 0.006194 1.093750 0.006643
4389 112 CH1 0.400000 3.281250 1.306663 FPGA_VCCINT 0.006194 1.093750 0.006643
4429 113 CH1 0.400000 3.281250 1.306663 FPGA_VCCINT 0.006194 1.093750 0.006643
4469 114 CH1 0.400000 3.281250 1.306663 FPGA_VCCINT 0.006194 1.093750 0.006643
4508 115 CH1 0.400000 3.281250 1.306663 FPGA_VCCINT 0.006194 1.093750 0.006643
4548 116 CH1 0.400000 3.281250 1.306663 FPGA_VCCINT 0.006194 1.093750 0.006643
4588 117 CH1 0.400000 3.281250 1.306663 FPGA_VCCINT 0.006194 1.093750 0.006643
4628 118 CH1 0.400000 3.281250 1.306663 FPGA_VCCINT 0.006194 1.093750 0.006643
4668 119 CH1 0.400000 3.281250 1.306663 FPGA_VCCINT 0.006194 1.093750 0.006643
4707 120 CH1 0.400000 3.281250 1.306663 FPGA_VCCINT 0.006194 1.093750 0.006643
4747 121 CH1 0.400000 3.281250 1.306663 FPGA_VCCINT 0.006194 1.093750 0.006643
4787 122 CH1 0.400000 3.281250 1.306663 FPGA_VCCINT 0.006194 1.093750 0.006643
4826 123 CH1 0.400000 3.281250 1.306663 FPGA_VCCINT 0.006194 1.093750 0.006643
4866 124 CH1 0.400000 3.281250 1.306663 FPGA_VCCINT 0.006194 1.093750 0.006643
4906 125 CH1 0.400000 3.281250 1.306663 FPGA_VCCINT 0.006194 1.093750 0.006643
4945 126 CH1 0.400000 3.281250 1.306663 FPGA_VCCINT 0.006194 1.093750 0.006643
4985 127 CH1 0.400000 3.281250 1.306663 FPGA_VCCINT 0.006194 1.093750 0.006643
5025 128 CH1 0.400000 3.281250 1.306663 FPGA_VCCINT 0.006194 1.093750 0.006643
5065 129 CH1 0.400000 3.281250 1.306663 FPGA_VCCINT 0.006194 1.093750 0.006643
5104 130 CH1 0.400000 3.281250 1.306663 FPGA_VCCINT 0.006194 1.093750 0.006643
5144 131 CH1 0.400000 3.281250 1.306663 FPGA_VCCINT 0.006194 1.093750 0.006643
5184 132 CH1 0.400000 3.281250 1.306663 FPGA_VCCINT 0.006194 1.093750 0.006643
5224 133 CH1 0.400000 3.281250 1.306663 FPGA_VCCINT 0.006194 1.093750 0.006643
5263 134 CH1 0.400000 3.281250 1.306663 FPGA_VCCINT 0.006194 1.093750 0.006643
5303 135 CH1 0.400000 3.281250 1.306663 FPGA_VCCINT 0.006194 1.093750 0.006643
5342 136 CH1 0.400000 3.281250 1.306663 FPGA_VCCINT 0.006194 1.093750 0.006643
5382 137 CH1 0.400000 3.281250 1.306663 FPGA_VCCINT 0.006194 1.093750 0.006643
5422 138 CH1 0.400000 3.281250 1.306663 FPGA_VCCINT 0.006194 1.093750 0.006643
5462 139 CH1 0.400000 3.281250 1.306663 FPGA_VCCINT 0.006194 1.093750 0.006643
5501 140 CH1 0.400000 3.281250 1.306663 FPGA_VCCINT 0.006194 1.093750 0.006643
5541 141 CH1 0.400000 3.281250 1.306663 FPGA_VCCINT 0.006194 1.093750 0.006643
5581 142 CH1 0.400000 3.281250 1.306663 FPGA_VCCINT 0.006194 1.093750 0.006643
5621 143 CH1 0.400000 3.281250 1.306663 FPGA_VCCINT 0.006194 1.093750 0.006643
5660 144 CH1 0.400000 3.281250 1.306663 FPGA_VCCINT 0.006194 1.093750 0.006643
5700 145 CH1 0.400000 3.281250 1.306663 FPGA_VCCINT 0.006194 1.093750 0.006643
5740 146 CH1 0.400000 3.281250 1.306663 FPGA_VCCINT 0.006194 1.093750 0.006643
5779 147 CH1 0.400000 3.281250 1.306663 FPGA_VCCINT 0.006194 1.093750 0.006643
5819 148 CH1 0.400000 3.281250 1.306663 FPGA_VCCINT 0.006194 1.093750 0.006643
5859 149 CH1 0.400000 3.281250 1.306663 FPGA_VCCINT 0.006194 1.093750 0.006643
5898 150 CH1 0.400000 3.281250 1.306663 FPGA_VCCINT 0.006194 1.093750 0.006643
5938 151 CH1 0.400000 3.281250 1.306663 FPGA_VCCINT 0.006194 1.093750 0.006643
5978 152 CH1 0.400000 3.281250 1.306663 FPGA_VCCINT 0.006194 1.093750 0.006643
6017 153 CH1 0.400000 3.281250 1.306663 FPGA_VCCINT 0.006194 1.093750 0.006643
6057 154 CH1 0.400000 3.281250 1.306663 FPGA_VCCINT 0.006194 1.093750 0.006643
6097 155 CH1 0.400000 3.281250 1.306663 FPGA_VCCINT 0.006194 1.093750 0.006643
6137 156 CH1 0.400000 3.281250 1.306663 FPGA_VCCINT 0.006194 1.093750 0.006643
6177 157 CH1 0.400000 3.281250 1.306663 FPGA_VCCINT 0.006194 1.093750 0.006643
6216 158 CH1 0.400000 3.281250 1.306663 FPGA_VCCINT 0.006194 1.093750 0.006643
6256 159 CH1 0.400000 3.281250 1.306663 FPGA_VCCINT 0.006194 1.093750 0.006643
6296 160 CH1 0.400000 3.281250 1.306663 FPGA_VCCINT 0.006194 1.093750 0.006643
6335 161 CH1 0.400000 3.281250 1.306663 FPGA_VCCINT 0.006194 1.093750 0.006643
6375 162 CH1 0.400000 3.281250 1.306663 FPGA_VCCINT 0.006194 1.093750 0.006643
6415 163 CH1 0.400000 3.281250 1.306663 FPGA_VCCINT 0.006194 1.093750 0.006643
6454 164 CH1 0.400000 3.281250 1.306663 FPGA_VCCINT 0.006194 1.093750 0.006643
6494 165 CH1 0.400000 3.281250 1.306663 FPGA_VCCINT 0.006194 1.093750 0.006643
6534 166 CH1 0.400000 3.281250 1.306663 FPGA_VCCINT 0.006194 1.093750 0.006643
6574 167 CH1 0.400000 3.281250 1.306663 FPGA_VCCINT 0.006194 1.093750 0.006643
6614 168 CH1 0.400000 3.281250 1.306663 FPGA_VCCINT 0.006194 1.093750 0.006643
6653 169 CH1 0.400000 3.281250 1.306663 FPGA_VCCINT 0.006194 1.093750 0.006643
6693 170 CH1 0.400000 3.281250 1.306663 FPGA_VCCINT 0.006194 1.093750 0.006643
6733 171 CH1 0.400000 3.281250 1.306663 FPGA_VCCINT 0.006194 1.093750 0.006643
6772 172 CH1 0.400000 3.281250 1.306663 FPGA_VCCINT 0.006194 1.093750 0.006643
6812 173 CH1 0.400000 3.281250 1.306663 FPGA_VCCINT 0.006194 1.093750 0.006643
6852 174 CH1 0.400000 3.281250 1.306663 FPGA_VCCINT 0.006194 1.093750 0.006643
6891 175 CH1 0.400000 3.281250 1.306663 FPGA_VCCINT 0.006194 1.093750 0.006643
6931 176 CH1 0.400000 3.281250 1.306663 FPGA_VCCINT 0.006194 1.093750 0.006643
6971 177 CH1 0.400000 3.281250 1.306663 FPGA_VCCINT 0.006194 1.093750 0.006643
7011 178 CH1 0.400000 3.281250 1.306663 FPGA_VCCINT 0.006194 1.093750 0.006643
7051 179 CH1 0.400000 3.281250 1.306663 FPGA_VCCINT 0.006194 1.093750 0.006643
7090 180 CH1 0.400000 3.281250 1.306663 FPGA_VCCINT 0.006194 1.093750 0.006643
7130 181 CH1 0.400000 3.281250 1.306663 FPGA_VCCINT 0.006194 1.093750 0.006643
7170 182 CH1 0.400000 3.281250 1.306663 FPGA_VCCINT 0.006194 1.093750 0.006643
7209 183 CH1 0.400000 3.281250 1.306663 FPGA_VCCINT 0.006194 1.093750 0.006643
7249 184 CH1 0.400000 3.281250 1.306663 FPGA_VCCINT 0.006194 1.093750 0.006643
7288 185 CH1 0.400000 3.281250 1.306663 FPGA_VCCINT 0.006194 1.093750 0.006643
7328 186 CH1 0.400000 3.281250 1.306663 FPGA_VCCINT 0.006194 1.093750 0.006643
7368 187 CH1 0.400000 3.281250 1.306663 FPGA_VCCINT 0.006194 1.093750 0.006643
7408 188 CH1 0.400000 3.281250 1.306663 FPGA_VCCINT 0.006194 1.093750 0.006643
7447 189 CH1 0.400000 3.281250 1.306663 FPGA_VCCINT 0.006194 1.093750 0.006643
7487 190 CH1 0.400000 3.281250 1.306663 FPGA_VCCINT 0.006194 1.093750 0.006643
7527 191 CH1 0.400000 3.281250 1.306663 FPGA_VCCINT 0.006194 1.093750 0.006643
7567 192 CH1 0.400000 3.281250 1.306663 FPGA_VCCINT 0.006194 1.093750 0.006643
7606 193 CH1 0.400000 3.281250 1.306663 FPGA_VCCINT 0.006194 1.093750 0.006643
7646 194 CH1 0.400000 3.281250 1.306663 FPGA_VCCINT 0.006194 1.093750 0.006643
7686 195 CH1 0.400000 3.281250 1.306663 FPGA_VCCINT 0.006194 1.093750 0.006643
7725 196 CH1 0.400000 3.281250 1.306663 FPGA_VCCINT 0.006194 1.093750 0.006643
7765 197 CH1 0.400000 3.281250 1.306663 FPGA_VCCINT 0.006194 1.093750 0.006643
7805 198 CH1 0.400000 3.281250 1.306663 FPGA_VCCINT 0.006194 1.093750 0.006643
7844 199 CH1 0.400000 3.281250 1.306663 FPGA_VCCINT 0.006194 1.093750 0.006643
