FPGA_VCCINT 0.0011 1 CH1 0.069841 3.281250 0.224708 FPGA_VCCINT 0.000000 1.250000 0.000000
47 2 CH1 0.069841 3.281250 0.224708 FPGA_VCCINT 0.000000 1.250000 0.000000
83 3 CH1 0.069841 3.281250 0.224708 FPGA_VCCINT 0.000000 1.250000 0.000000
120 4 CH1 0.069841 3.281250 0.224708 FPGA_VCCINT 0.000000 1.250000 0.000000
156 5 CH1 0.069841 3.281250 0.224708 FPGA_VCCINT 0.000000 1.250000 0.000000
193 6 CH1 0.069841 3.281250 0.224708 FPGA_VCCINT 0.000000 1.250000 0.000000
229 7 CH1 0.069841 3.281250 0.224708 FPGA_VCCINT 0.000000 1.250000 0.000000
266 8 CH1 0.069841 3.281250 0.224708 FPGA_VCCINT 0.000000 1.250000 0.000000
302 9 CH1 0.069841 3.281250 0.224708 FPGA_VCCINT 0.000000 1.250000 0.000000
339 10 CH1 0.069841 3.281250 0.224708 FPGA_VCCINT 0.000000 1.250000 0.000000
375 11 CH1 0.069841 3.281250 0.224708 FPGA_VCCINT 0.000000 1.250000 0.000000
412 12 CH1 0.069841 3.281250 0.224708 FPGA_VCCINT 0.000000 1.250000 0.000000
449 13 CH1 0.069841 3.281250 0.224708 FPGA_VCCINT 0.000000 1.250000 0.000000
485 14 CH1 0.069841 3.281250 0.224708 FPGA_VCCINT 0.000000 1.093750 0.000000
522 15 CH1 0.069841 3.281250 0.224708 FPGA_VCCINT 0.000000 1.093750 0.000000
559 16 CH1 0.069841 3.281250 0.224708 FPGA_VCCINT 0.000000 1.093750 0.000000
596 17 CH1 0.069841 3.281250 0.224708 FPGA_VCCINT 0.000000 1.093750 0.000000
633 18 CH1 0.069841 3.281250 0.224708 FPGA_VCCINT 0.000000 1.093750 0.000000
670 19 CH1 0.069841 3.281250 0.224708 FPGA_VCCINT 0.000000 1.093750 0.000000
707 20 CH1 0.069841 3.281250 0.224708 FPGA_VCCINT 0.000000 1.093750 0.000000
744 21 CH1 0.069841 3.281250 0.224708 FPGA_VCCINT 0.000000 1.093750 0.000000
781 22 CH1 0.069841 3.281250 0.224708 FPGA_VCCINT 0.000000 1.093750 0.000000
818 23 CH1 0.069841 3.281250 0.224708 FPGA_VCCINT 0.000000 1.093750 0.000000
855 24 CH1 0.069841 3.281250 0.224708 FPGA_VCCINT 0.000000 1.093750 0.000000
892 25 CH1 0.069841 3.281250 0.224708 FPGA_VCCINT 0.000000 1.093750 0.000000
928 26 CH1 0.069841 3.281250 0.224708 FPGA_VCCINT 0.000000 1.093750 0.000000
966 27 CH1 0.069841 3.281250 0.224708 FPGA_VCCINT 0.000000 1.093750 0.000000
1003 28 CH1 0.069841 3.281250 0.224708 FPGA_VCCINT 0.000000 1.093750 0.000000
1040 29 CH1 0.069841 3.281250 0.224708 FPGA_VCCINT 0.000000 1.093750 0.000000
1077 30 CH1 0.069841 3.281250 0.224708 FPGA_VCCINT 0.000000 1.093750 0.000000
1115 31 CH1 0.069841 3.281250 0.224708 FPGA_VCCINT 0.000000 1.093750 0.000000
1152 32 CH1 0.069841 3.281250 0.224708 FPGA_VCCINT 0.000000 1.093750 0.000000
1189 33 CH1 0.069841 3.281250 0.224708 FPGA_VCCINT 0.000000 1.093750 0.000000
1226 34 CH1 0.069841 3.281250 0.224708 FPGA_VCCINT 0.000000 1.093750 0.000000
1263 35 CH1 0.069841 3.281250 0.224708 FPGA_VCCINT 0.000000 1.093750 0.000000
1300 36 CH1 0.069841 3.281250 0.224708 FPGA_VCCINT 0.000000 1.093750 0.000000
1337 37 CH1 0.069841 3.281250 0.224708 FPGA_VCCINT 0.000000 1.093750 0.000000
1374 38 CH1 0.069841 3.281250 0.224708 FPGA_VCCINT 0.000000 1.093750 0.000000
1412 39 CH1 0.069841 3.281250 0.224708 FPGA_VCCINT 0.000000 1.093750 0.000000
1449 40 CH1 0.069841 3.281250 0.224708 FPGA_VCCINT 0.000000 1.093750 0.000000
1486 41 CH1 0.069841 3.281250 0.224708 FPGA_VCCINT 0.000000 1.093750 0.000000
1523 42 CH1 0.069841 3.281250 0.224708 FPGA_VCCINT 0.000000 1.093750 0.000000
1560 43 CH1 0.069841 3.281250 0.224708 FPGA_VCCINT 0.000000 1.093750 0.000000
1597 44 CH1 0.069841 3.281250 0.224708 FPGA_VCCINT 0.000000 1.093750 0.000000
1634 45 CH1 0.069841 3.281250 0.224708 FPGA_VCCINT 0.000000 1.093750 0.000000
1671 46 CH1 0.069841 3.281250 0.224708 FPGA_VCCINT 0.000000 1.093750 0.000000
1709 47 CH1 0.069841 3.281250 0.224708 FPGA_VCCINT 0.000000 1.093750 0.000000
1746 48 CH1 0.069841 3.281250 0.224708 FPGA_VCCINT 0.000000 1.093750 0.000000
1784 49 CH1 0.400000 3.281250 1.306663 FPGA_VCCINT 0.004259 1.093750 0.004567
1823 50 CH1 0.400000 3.281250 1.306663 FPGA_VCCINT 0.004259 1.093750 0.004567
1863 51 CH1 0.400000 3.281250 1.306663 FPGA_VCCINT 0.004259 1.093750 0.004567
1902 52 CH1 0.400000 3.281250 1.306663 FPGA_VCCINT 0.004259 1.093750 0.004567
1942 53 CH1 0.400000 3.281250 1.306663 FPGA_VCCINT 0.004259 1.093750 0.004567
1981 54 CH1 0.400000 3.281250 1.306663 FPGA_VCCINT 0.004259 1.093750 0.004567
2021 55 CH1 0.400000 3.281250 1.306663 FPGA_VCCINT 0.004259 1.093750 0.004567
2061 56 CH1 0.400000 3.281250 1.306663 FPGA_VCCINT 0.004259 1.093750 0.004567
2101 57 CH1 0.400000 3.281250 1.306663 FPGA_VCCINT 0.004259 1.093750 0.004567
2140 58 CH1 0.400000 3.281250 1.306663 FPGA_VCCINT 0.004259 1.093750 0.004567
2179 59 CH1 0.400000 3.281250 1.306663 FPGA_VCCINT 0.004259 1.093750 0.004567
2219 60 CH1 0.400000 3.281250 1.306663 FPGA_VCCINT 0.004259 1.093750 0.004567
2258 61 CH1 0.400000 3.281250 1.306663 FPGA_VCCINT 0.004259 1.093750 0.004567
2298 62 CH1 0.400000 3.281250 1.306663 FPGA_VCCINT 0.004259 1.093750 0.004567
2337 63 CH1 0.400000 3.281250 1.306663 FPGA_VCCINT 0.004259 1.093750 0.004567
2377 64 CH1 0.400000 3.281250 1.306663 FPGA_VCCINT 0.004259 1.093750 0.004567
2416 65 CH1 0.400000 3.281250 1.306663 FPGA_VCCINT 0.004259 1.093750 0.004567
2456 66 CH1 0.400000 3.281250 1.306663 FPGA_VCCINT 0.004259 1.093750 0.004567
2495 67 CH1 0.400000 3.281250 1.306663 FPGA_VCCINT 0.004259 1.093750 0.004567
2535 68 CH1 0.400000 3.281250 1.306663 FPGA_VCCINT 0.004259 1.093750 0.004567
2574 69 CH1 0.400000 3.281250 1.306663 FPGA_VCCINT 0.004259 1.093750 0.004567
2614 70 CH1 0.400000 3.281250 1.306663 FPGA_VCCINT 0.004259 1.093750 0.004567
2653 71 CH1 0.400000 3.281250 1.306663 FPGA_VCCINT 0.004259 1.093750 0.004567
2693 72 CH1 0.400000 3.281250 1.306663 FPGA_VCCINT 0.004259 1.093750 0.004567
2732 73 CH1 0.400000 3.281250 1.306663 FPGA_VCCINT 0.004259 1.093750 0.004567
2773 74 CH1 0.400000 3.281250 1.306663 FPGA_VCCINT 0.004259 1.093750 0.004567
2812 75 CH1 0.400000 3.281250 1.306663 FPGA_VCCINT 0.004259 1.093750 0.004567
2851 76 CH1 0.400000 3.281250 1.306663 FPGA_VCCINT 0.004259 1.093750 0.004567
2891 77 CH1 0.400000 3.281250 1.306663 FPGA_VCCINT 0.004259 1.093750 0.004567
2931 78 CH1 0.400000 3.281250 1.306663 FPGA_VCCINT 0.004259 1.093750 0.004567
2970 79 CH1 0.400000 3.281250 1.306663 FPGA_VCCINT 0.004259 1.093750 0.004567
3010 80 CH1 0.400000 3.281250 1.306663 FPGA_VCCINT 0.004259 1.093750 0.004567
3049 81 CH1 0.400000 3.281250 1.306663 FPGA_VCCINT 0.005420 1.093750 0.005813
3088 82 CH1 0.400000 3.281250 1.306663 FPGA_VCCINT 0.006969 1.093750 0.007474
3128 83 CH1 0.400000 3.281250 1.306663 FPGA_VCCINT 0.004646 1.093750 0.004982
3167 84 CH1 0.400000 3.281250 1.306663 FPGA_VCCINT 0.004646 1.093750 0.004982
3207 85 CH1 0.400000 3.281250 1.306663 FPGA_VCCINT 0.004646 1.093750 0.004982
3246 86 CH1 0.400000 3.281250 1.306663 FPGA_VCCINT 0.004646 1.093750 0.004982
3286 87 CH1 0.400000 3.281250 1.306663 FPGA_VCCINT 0.004646 1.250000 0.005694
3326 88 CH1 0.400000 3.281250 1.306663 FPGA_VCCINT 0.004646 1.250000 0.005694
3365 89 CH1 0.400000 3.281250 1.306663 FPGA_VCCINT 0.004646 1.250000 0.005694
3405 90 CH1 0.400000 3.281250 1.306663 FPGA_VCCINT 0.004646 1.250000 0.005694
3444 91 CH1 0.400000 3.281250 1.306663 FPGA_VCCINT 0.004646 1.250000 0.005694
3484 92 CH1 0.400000 3.281250 1.306663 FPGA_VCCINT 0.004646 1.250000 0.005694
3523 93 CH1 0.400000 3.281250 1.306663 FPGA_VCCINT 0.004646 1.093750 0.004982
3563 94 CH1 0.400000 3.281250 1.306663 FPGA_VCCINT 0.004646 1.093750 0.004982
3602 95 CH1 0.400000 3.281250 1.306663 FPGA_VCCINT 0.004646 1.093750 0.004982
3642 96 CH1 0.400000 3.281250 1.306663 FPGA_VCCINT 0.004646 1.093750 0.004982
3681 97 CH1 0.400000 3.281250 1.306663 FPGA_VCCINT 0.006001 1.093750 0.006436
3720 98 CH1 0.400000 3.281250 1.306663 FPGA_VCCINT 0.006001 1.093750 0.006436
3760 99 CH1 0.400000 3.281250 1.306663 FPGA_VCCINT 0.006194 1.250000 0.007592
3799 100 CH1 0.400000 3.281250 1.306663 FPGA_VCCINT 0.006388 1.250000 0.007830
3839 101 CH1 0.400000 3.281250 1.306663 FPGA_VCCINT 0.006194 1.250000 0.007592
3878 102 CH1 0.400000 3.281250 1.306663 FPGA_VCCINT 0.006194 1.250000 0.007592
3918 103 CH1 0.400000 3.281250 1.306663 FPGA_VCCINT 0.006194 1.250000 0.007592
3958 104 CH1 0.400000 3.281250 1.306663 FPGA_VCCINT 0.006194 1.250000 0.007592
3998 105 CH1 0.400000 3.281250 1.306663 FPGA_VCCINT 0.006194 1.250000 0.007592
4037 106 CH1 0.400000 3.281250 1.306663 FPGA_VCCINT 0.006194 1.250000 0.007592
4077 107 CH1 0.400000 3.281250 1.306663 FPGA_VCCINT 0.006194 1.250000 0.007592
4116 108 CH1 0.400000 3.281250 1.306663 FPGA_VCCINT 0.006194 1.250000 0.007592
4156 109 CH1 0.400000 3.281250 1.306663 FPGA_VCCINT 0.006194 1.250000 0.007592
4196 110 CH1 0.400000 3.281250 1.306663 FPGA_VCCINT 0.006194 1.250000 0.007592
4235 111 CH1 0.400000 3.281250 1.306663 FPGA_VCCINT 0.006194 1.250000 0.007592
4275 112 CH1 0.400000 3.281250 1.306663 FPGA_VCCINT 0.006194 1.250000 0.007592
4314 113 CH1 0.400000 3.281250 1.306663 FPGA_VCCINT 0.006194 1.250000 0.007592
4354 114 CH1 0.400000 3.281250 1.306663 FPGA_VCCINT 0.006194 1.250000 0.007592
4394 115 CH1 0.400000 3.281250 1.306663 FPGA_VCCINT 0.006194 1.250000 0.007592
4433 116 CH1 0.400000 3.281250 1.306663 FPGA_VCCINT 0.006001 1.250000 0.007355
4473 117 CH1 0.400000 3.281250 1.306663 FPGA_VCCINT 0.005226 1.250000 0.006406
4512 118 CH1 0.400000 3.281250 1.306663 FPGA_VCCINT 0.005226 1.250000 0.007118
4552 119 CH1 0.400000 3.281250 1.306663 FPGA_VCCINT 0.005807 1.250000 0.007118
4591 120 CH1 0.400000 3.281250 1.306663 FPGA_VCCINT 0.005807 1.250000 0.007118
4631 121 CH1 0.400000 3.281250 1.306663 FPGA_VCCINT 0.005807 1.250000 0.007118
4671 122 CH1 0.400000 3.281250 1.306663 FPGA_VCCINT 0.005807 1.250000 0.007118
4710 123 CH1 0.400000 3.281250 1.306663 FPGA_VCCINT 0.005807 1.250000 0.007118
4750 124 CH1 0.400000 3.281250 1.306663 FPGA_VCCINT 0.005807 1.250000 0.007118
4789 125 CH1 0.400000 3.281250 1.306663 FPGA_VCCINT 0.005807 1.250000 0.007118
4829 126 CH1 0.400000 3.281250 1.306663 FPGA_VCCINT 0.005807 1.250000 0.007118
4868 127 CH1 0.400000 3.281250 1.306663 FPGA_VCCINT 0.005807 1.250000 0.007118
4908 128 CH1 0.400000 3.281250 1.306663 FPGA_VCCINT 0.005807 1.250000 0.007118
4947 129 CH1 0.400000 3.281250 1.306663 FPGA_VCCINT 0.005807 1.250000 0.007118
4987 130 CH1 0.400000 3.281250 1.306663 FPGA_VCCINT 0.005807 1.250000 0.007118
5026 131 CH1 0.400000 3.281250 1.306663 FPGA_VCCINT 0.005807 1.250000 0.007118
5066 132 CH1 0.400000 3.281250 1.306663 FPGA_VCCINT 0.005807 1.250000 0.007118
5105 133 CH1 0.400000 3.281250 1.306663 FPGA_VCCINT 0.005807 1.250000 0.007118
5145 134 CH1 0.400000 3.281250 1.306663 FPGA_VCCINT 0.005807 1.250000 0.007118
5185 135 CH1 0.400000 3.281250 1.306663 FPGA_VCCINT 0.005807 1.250000 0.007118
5225 136 CH1 0.400000 3.281250 1.306663 FPGA_VCCINT 0.005807 1.250000 0.007118
5264 137 CH1 0.400000 3.281250 1.306663 FPGA_VCCINT 0.005807 1.250000 0.007118
5304 138 CH1 0.400000 3.281250 1.306663 FPGA_VCCINT 0.005807 1.250000 0.007118
5343 139 CH1 0.400000 3.281250 1.306663 FPGA_VCCINT 0.005807 1.250000 0.007118
5383 140 CH1 0.400000 3.281250 1.306663 FPGA_VCCINT 0.005807 1.250000 0.007118
5423 141 CH1 0.400000 3.281250 1.306663 FPGA_VCCINT 0.005807 1.250000 0.007118
5462 142 CH1 0.400000 3.281250 1.306663 FPGA_VCCINT 0.005807 1.250000 0.007118
5502 143 CH1 0.400000 3.281250 1.306663 FPGA_VCCINT 0.005807 1.250000 0.007118
5541 144 CH1 0.400000 3.281250 1.306663 FPGA_VCCINT 0.005807 1.250000 0.007118
5581 145 CH1 0.400000 3.281250 1.306663 FPGA_VCCINT 0.005807 1.250000 0.007118
5620 146 CH1 0.400000 3.281250 1.306663 FPGA_VCCINT 0.005807 1.250000 0.007118
5660 147 CH1 0.400000 3.281250 1.306663 FPGA_VCCINT 0.005807 1.250000 0.007118
5699 148 CH1 0.400000 3.281250 1.306663 FPGA_VCCINT 0.005807 1.250000 0.007118
5739 149 CH1 0.400000 3.281250 1.306663 FPGA_VCCINT 0.005807 1.250000 0.007118
5779 150 CH1 0.400000 3.281250 1.306663 FPGA_VCCINT 0.005807 1.250000 0.007118
5818 151 CH1 0.400000 3.281250 1.306663 FPGA_VCCINT 0.005807 1.250000 0.007118
5858 152 CH1 0.400000 3.281250 1.306663 FPGA_VCCINT 0.005807 1.250000 0.007118
5898 153 CH1 0.400000 3.281250 1.306663 FPGA_VCCINT 0.005807 1.250000 0.007118
5937 154 CH1 0.400000 3.281250 1.306663 FPGA_VCCINT 0.005807 1.250000 0.007118
5977 155 CH1 0.400000 3.281250 1.306663 FPGA_VCCINT 0.005807 1.250000 0.007118
6016 156 CH1 0.400000 3.281250 1.306663 FPGA_VCCINT 0.005807 1.250000 0.007118
6056 157 CH1 0.400000 3.281250 1.306663 FPGA_VCCINT 0.005807 1.250000 0.007118
6095 158 CH1 0.400000 3.281250 1.306663 FPGA_VCCINT 0.005807 1.250000 0.007118
6135 159 CH1 0.400000 3.281250 1.306663 FPGA_VCCINT 0.005807 1.250000 0.007118
6174 160 CH1 0.400000 3.281250 1.306663 FPGA_VCCINT 0.005807 1.250000 0.007118
6214 161 CH1 0.400000 3.281250 1.306663 FPGA_VCCINT 0.005807 1.250000 0.007118
6253 162 CH1 0.400000 3.281250 1.306663 FPGA_VCCINT 0.005807 1.250000 0.007118
6293 163 CH1 0.400000 3.281250 1.306663 FPGA_VCCINT 0.005807 1.250000 0.007118
6332 164 CH1 0.400000 3.281250 1.306663 FPGA_VCCINT 0.005807 1.250000 0.007118
6372 165 CH1 0.400000 3.281250 1.306663 FPGA_VCCINT 0.005807 1.250000 0.007118
6412 166 CH1 0.400000 3.281250 1.306663 FPGA_VCCINT 0.005807 1.250000 0.007118
6452 167 CH1 0.400000 3.281250 1.306663 FPGA_VCCINT 0.005807 1.250000 0.007118
6491 168 CH1 0.400000 3.281250 1.306663 FPGA_VCCINT 0.005807 1.250000 0.007118
6531 169 CH1 0.400000 3.281250 1.306663 FPGA_VCCINT 0.005807 1.250000 0.007118
6570 170 CH1 0.400000 3.281250 1.306663 FPGA_VCCINT 0.005807 1.250000 0.007118
6610 171 CH1 0.400000 3.281250 1.306663 FPGA_VCCINT 0.005807 1.250000 0.007118
6649 172 CH1 0.400000 3.281250 1.306663 FPGA_VCCINT 0.005807 1.250000 0.007118
6689 173 CH1 0.400000 3.281250 1.306663 FPGA_VCCINT 0.005807 1.250000 0.007118
6728 174 CH1 0.400000 3.281250 1.306663 FPGA_VCCINT 0.005807 1.250000 0.007118
6768 175 CH1 0.400000 3.281250 1.306663 FPGA_VCCINT 0.005807 1.250000 0.007118
6807 176 CH1 0.400000 3.281250 1.306663 FPGA_VCCINT 0.005807 1.093750 0.006228
6847 177 CH1 0.400000 3.281250 1.306663 FPGA_VCCINT 0.005807 1.093750 0.006228
6887 178 CH1 0.400000 3.281250 1.306663 FPGA_VCCINT 0.005807 1.093750 0.006228
6926 179 CH1 0.400000 3.281250 1.306663 FPGA_VCCINT 0.005807 1.093750 0.006228
6967 180 CH1 0.400000 3.281250 1.306663 FPGA_VCCINT 0.005807 1.093750 0.006228
7007 181 CH1 0.400000 3.281250 1.306663 FPGA_VCCINT 0.005807 1.250000 0.007118
7046 182 CH1 0.400000 3.281250 1.306663 FPGA_VCCINT 0.005807 1.250000 0.007118
7086 183 CH1 0.400000 3.281250 1.306663 FPGA_VCCINT 0.005807 1.250000 0.007118
7125 184 CH1 0.400000 3.281250 1.306663 FPGA_VCCINT 0.005807 1.250000 0.007118
7165 185 CH1 0.400000 3.281250 1.306663 FPGA_VCCINT 0.005807 1.250000 0.007118
7204 186 CH1 0.400000 3.281250 1.306663 FPGA_VCCINT 0.005807 1.250000 0.007118
7244 187 CH1 0.400000 3.281250 1.306663 FPGA_VCCINT 0.005807 1.250000 0.007118
7283 188 CH1 0.400000 3.281250 1.306663 FPGA_VCCINT 0.005807 1.250000 0.007118
7323 189 CH1 0.400000 3.281250 1.306663 FPGA_VCCINT 0.005807 1.250000 0.007118
7362 190 CH1 0.400000 3.281250 1.306663 FPGA_VCCINT 0.005807 1.250000 0.007118
7402 191 CH1 0.400000 3.281250 1.306663 FPGA_VCCINT 0.005807 1.093750 0.006228
7442 192 CH1 0.400000 3.281250 1.306663 FPGA_VCCINT 0.005807 1.093750 0.006228
7481 193 CH1 0.400000 3.281250 1.306663 FPGA_VCCINT 0.005807 1.093750 0.006228
7521 194 CH1 0.400000 3.281250 1.306663 FPGA_VCCINT 0.005807 1.093750 0.006228
7561 195 CH1 0.400000 3.281250 1.306663 FPGA_VCCINT 0.005807 1.093750 0.006228
7601 196 CH1 0.400000 3.281250 1.306663 FPGA_VCCINT 0.005807 1.093750 0.006228
7641 197 CH1 0.400000 3.281250 1.306663 FPGA_VCCINT 0.005807 1.093750 0.006228
7681 198 CH1 0.400000 3.281250 1.306663 FPGA_VCCINT 0.005807 1.093750 0.006228
7720 199 CH1 0.400000 3.281250 1.306663 FPGA_VCCINT 0.005807 1.093750 0.006228
7760 200 CH1 0.400000 3.281250 1.306663 FPGA_VCCINT 0.005807 1.250000 0.007118
7799 201 CH1 0.400000 3.281250 1.306663 FPGA_VCCINT 0.005807 1.250000 0.007118
7839 202 CH1 0.400000 3.281250 1.306663 FPGA_VCCINT 0.005807 1.250000 0.007118
7878 203 CH1 0.400000 3.281250 1.306663 FPGA_VCCINT 0.005807 1.250000 0.007118
