FPGA_VCCINT -0.010 1 CH1 0.012698 3.281250 0.040856 FPGA_VCCINT -0.000194 0.000000 0.000000
47 2 CH1 0.012698 3.281250 0.040856 FPGA_VCCINT -0.000194 0.000000 0.000000
83 3 CH1 0.012698 3.281250 0.040856 FPGA_VCCINT -0.000194 0.000000 0.000000
119 4 CH1 0.012698 3.281250 0.040856 FPGA_VCCINT -0.000194 0.000000 0.000000
156 5 CH1 0.012698 3.281250 0.040856 FPGA_VCCINT -0.000194 0.000000 0.000000
193 6 CH1 0.012698 3.281250 0.040856 FPGA_VCCINT -0.000194 0.000000 0.000000
229 7 CH1 0.012698 3.281250 0.040856 FPGA_VCCINT -0.000194 0.000000 0.000000
266 8 CH1 0.012698 3.281250 0.040856 FPGA_VCCINT -0.000194 0.000000 0.000000
303 9 CH1 0.012698 3.281250 0.040856 FPGA_VCCINT -0.000194 0.000000 0.000000
339 10 CH1 0.012698 3.281250 0.040856 FPGA_VCCINT -0.000194 0.000000 0.000000
376 11 CH1 0.012698 3.281250 0.040856 FPGA_VCCINT -0.000194 0.000000 0.000000
413 12 CH1 0.012698 3.281250 0.040856 FPGA_VCCINT -0.000194 0.000000 0.000000
450 13 CH1 0.012698 3.281250 0.040856 FPGA_VCCINT -0.000194 0.000000 0.000000
487 14 CH1 0.012698 3.281250 0.040856 FPGA_VCCINT -0.000194 0.000000 0.000000
524 15 CH1 0.012698 3.281250 0.040856 FPGA_VCCINT -0.000194 0.000000 0.000000
561 16 CH1 0.012698 3.281250 0.040856 FPGA_VCCINT -0.000194 0.000000 0.000000
598 17 CH1 0.012698 3.281250 0.040856 FPGA_VCCINT -0.000194 0.000000 0.000000
635 18 CH1 0.012698 3.281250 0.040856 FPGA_VCCINT -0.000194 0.000000 0.000000
672 19 CH1 0.012698 3.281250 0.040856 FPGA_VCCINT -0.000194 0.000000 0.000000
709 20 CH1 0.012698 3.281250 0.040856 FPGA_VCCINT -0.000194 0.000000 0.000000
745 21 CH1 0.012698 3.281250 0.040856 FPGA_VCCINT -0.000194 0.000000 0.000000
782 22 CH1 0.012698 3.281250 0.040856 FPGA_VCCINT -0.000194 0.000000 0.000000
820 23 CH1 0.012698 3.281250 0.040856 FPGA_VCCINT -0.000194 0.000000 0.000000
857 24 CH1 0.012698 3.281250 0.040856 FPGA_VCCINT -0.000194 0.000000 0.000000
893 25 CH1 0.012698 3.281250 0.040856 FPGA_VCCINT -0.000194 0.000000 0.000000
930 26 CH1 0.012698 3.281250 0.040856 FPGA_VCCINT -0.000194 0.000000 0.000000
967 27 CH1 0.012698 3.281250 0.040856 FPGA_VCCINT -0.000194 0.000000 0.000000
1004 28 CH1 0.012698 3.281250 0.040856 FPGA_VCCINT -0.000194 0.000000 0.000000
1041 29 CH1 0.012698 3.281250 0.040856 FPGA_VCCINT -0.000194 0.000000 0.000000
1078 30 CH1 0.012698 3.281250 0.040856 FPGA_VCCINT -0.000194 0.000000 0.000000
1115 31 CH1 0.012698 3.281250 0.040856 FPGA_VCCINT -0.000194 0.000000 0.000000
1153 32 CH1 0.012698 3.281250 0.040856 FPGA_VCCINT -0.000194 0.000000 0.000000
1190 33 CH1 0.012698 3.281250 0.040856 FPGA_VCCINT -0.000194 0.000000 0.000000
1227 34 CH1 0.012698 3.281250 0.040856 FPGA_VCCINT -0.000194 0.000000 0.000000
1264 35 CH1 0.012698 3.281250 0.040856 FPGA_VCCINT -0.000194 0.000000 0.000000
1301 36 CH1 0.012698 3.281250 0.040856 FPGA_VCCINT -0.000194 0.000000 0.000000
1338 37 CH1 0.012698 3.281250 0.040856 FPGA_VCCINT -0.000194 0.000000 0.000000
1375 38 CH1 0.012698 3.281250 0.040856 FPGA_VCCINT -0.000194 0.000000 0.000000
1412 39 CH1 0.012698 3.281250 0.040856 FPGA_VCCINT -0.000194 0.000000 0.000000
1449 40 CH1 0.012698 3.281250 0.040856 FPGA_VCCINT -0.000194 0.000000 0.000000
1486 41 CH1 0.012698 3.281250 0.040856 FPGA_VCCINT -0.000194 0.000000 0.000000
1524 42 CH1 0.012698 3.281250 0.040856 FPGA_VCCINT -0.000194 0.000000 0.000000
1561 43 CH1 0.012698 3.281250 0.040856 FPGA_VCCINT -0.000194 0.000000 0.000000
1598 44 CH1 0.012698 3.281250 0.040856 FPGA_VCCINT -0.000194 0.000000 0.000000
1635 45 CH1 0.012698 3.281250 0.040856 FPGA_VCCINT -0.000194 0.000000 0.000000
1672 46 CH1 0.012698 3.281250 0.040856 FPGA_VCCINT -0.000194 0.000000 0.000000
1709 47 CH1 0.012698 3.281250 0.040856 FPGA_VCCINT -0.000194 0.000000 0.000000
1746 48 CH1 0.012698 3.281250 0.040856 FPGA_VCCINT -0.000194 0.000000 0.000000
1784 49 CH1 0.012698 3.281250 0.040856 FPGA_VCCINT -0.000194 0.000000 0.000000
1821 50 CH1 0.012698 3.281250 0.040856 FPGA_VCCINT -0.000194 0.000000 0.000000
1858 51 CH1 0.012698 3.281250 0.040856 FPGA_VCCINT -0.000194 0.000000 0.000000
1895 52 CH1 0.012698 3.281250 0.040856 FPGA_VCCINT -0.000194 0.000000 0.000000
1932 53 CH1 0.012698 3.281250 0.040856 FPGA_VCCINT -0.000194 0.000000 0.000000
1969 54 CH1 0.012698 3.281250 0.040856 FPGA_VCCINT -0.000194 0.000000 0.000000
2006 55 CH1 0.012698 3.281250 0.040856 FPGA_VCCINT -0.000194 0.000000 0.000000
2043 56 CH1 0.015873 3.281250 0.051070 FPGA_VCCINT -0.000194 0.000000 0.000000
2080 57 CH1 0.015873 3.281250 0.051070 FPGA_VCCINT -0.000194 0.000000 0.000000
2117 58 CH1 0.022222 3.281250 0.071498 FPGA_VCCINT -0.000194 0.000000 0.000000
2155 59 CH1 0.022222 3.281250 0.071498 FPGA_VCCINT -0.000194 0.000000 0.000000
2192 60 CH1 0.022222 3.281250 0.071498 FPGA_VCCINT -0.000194 0.000000 0.000000
2229 61 CH1 0.022222 3.281250 0.071498 FPGA_VCCINT -0.000194 0.000000 0.000000
2266 62 CH1 0.022222 3.281250 0.071498 FPGA_VCCINT -0.000194 0.000000 0.000000
2303 63 CH1 0.022222 3.281250 0.071498 FPGA_VCCINT -0.000194 0.000000 0.000000
2340 64 CH1 0.022222 3.281250 0.071498 FPGA_VCCINT -0.000194 0.000000 0.000000
2377 65 CH1 0.022222 3.281250 0.071498 FPGA_VCCINT -0.000194 0.000000 0.000000
2414 66 CH1 0.022222 3.281250 0.071498 FPGA_VCCINT -0.000194 0.000000 0.000000
2451 67 CH1 0.022222 3.281250 0.071498 FPGA_VCCINT -0.000194 0.000000 0.000000
2488 68 CH1 0.022222 3.281250 0.071498 FPGA_VCCINT -0.000194 0.000000 0.000000
2525 69 CH1 0.022222 3.281250 0.071498 FPGA_VCCINT -0.000194 0.000000 0.000000
2562 70 CH1 0.022222 3.281250 0.071498 FPGA_VCCINT -0.000194 0.000000 0.000000
2599 71 CH1 0.022222 3.281250 0.071498 FPGA_VCCINT -0.000194 0.000000 0.000000
2637 72 CH1 0.022222 3.281250 0.071498 FPGA_VCCINT -0.000194 0.000000 0.000000
2674 73 CH1 0.022222 3.281250 0.071498 FPGA_VCCINT -0.000194 0.000000 0.000000
2711 74 CH1 0.022222 3.281250 0.071498 FPGA_VCCINT -0.000194 0.000000 0.000000
2748 75 CH1 0.022222 3.281250 0.071498 FPGA_VCCINT -0.000194 0.000000 0.000000
2785 76 CH1 0.022222 3.281250 0.071498 FPGA_VCCINT -0.000194 0.000000 0.000000
2822 77 CH1 0.022222 3.281250 0.071498 FPGA_VCCINT -0.000194 0.000000 0.000000
2859 78 CH1 0.022222 3.281250 0.071498 FPGA_VCCINT -0.000194 0.000000 0.000000
2896 79 CH1 0.022222 3.281250 0.071498 FPGA_VCCINT -0.000194 0.000000 0.000000
2933 80 CH1 0.022222 3.281250 0.071498 FPGA_VCCINT -0.000194 0.000000 0.000000
2970 81 CH1 0.022222 3.281250 0.071498 FPGA_VCCINT -0.000194 0.000000 0.000000
3008 82 CH1 0.022222 3.281250 0.071498 FPGA_VCCINT -0.000194 0.000000 0.000000
3045 83 CH1 0.022222 3.281250 0.071498 FPGA_VCCINT -0.000194 0.000000 0.000000
3082 84 CH1 0.022222 3.281250 0.071498 FPGA_VCCINT -0.000194 0.000000 0.000000
3119 85 CH1 0.022222 3.281250 0.071498 FPGA_VCCINT -0.000194 0.000000 0.000000
3156 86 CH1 0.022222 3.281250 0.071498 FPGA_VCCINT -0.000194 0.000000 0.000000
3193 87 CH1 0.022222 3.281250 0.071498 FPGA_VCCINT -0.000194 0.000000 0.000000
3230 88 CH1 0.022222 3.281250 0.071498 FPGA_VCCINT -0.000194 0.000000 0.000000
3267 89 CH1 0.022222 3.281250 0.071498 FPGA_VCCINT -0.000194 0.000000 0.000000
3305 90 CH1 0.022222 3.281250 0.071498 FPGA_VCCINT -0.000194 0.000000 0.000000
3342 91 CH1 0.022222 3.281250 0.071498 FPGA_VCCINT -0.000194 0.000000 0.000000
3379 92 CH1 0.022222 3.281250 0.071498 FPGA_VCCINT -0.000194 0.000000 0.000000
3416 93 CH1 0.022222 3.281250 0.071498 FPGA_VCCINT -0.000194 0.000000 0.000000
3453 94 CH1 0.022222 3.281250 0.071498 FPGA_VCCINT -0.000194 0.000000 0.000000
3490 95 CH1 0.022222 3.281250 0.071498 FPGA_VCCINT -0.000194 0.000000 0.000000
3527 96 CH1 0.022222 3.281250 0.071498 FPGA_VCCINT -0.000194 0.000000 0.000000
3564 97 CH1 0.022222 3.281250 0.071498 FPGA_VCCINT -0.000194 0.000000 0.000000
3601 98 CH1 0.022222 3.281250 0.071498 FPGA_VCCINT -0.000194 0.000000 0.000000
3638 99 CH1 0.022222 3.281250 0.071498 FPGA_VCCINT -0.000194 0.000000 0.000000
3676 100 CH1 0.022222 3.281250 0.071498 FPGA_VCCINT -0.000194 0.000000 0.000000
3713 101 CH1 0.022222 3.281250 0.071498 FPGA_VCCINT -0.000194 0.000000 0.000000
3750 102 CH1 0.022222 3.281250 0.071498 FPGA_VCCINT -0.000194 0.000000 0.000000
3788 103 CH1 0.022222 3.281250 0.071498 FPGA_VCCINT -0.000194 0.000000 0.000000
3825 104 CH1 0.022222 3.281250 0.071498 FPGA_VCCINT -0.000194 0.000000 0.000000
3862 105 CH1 0.022222 3.281250 0.071498 FPGA_VCCINT -0.000194 0.000000 0.000000
3899 106 CH1 0.022222 3.281250 0.071498 FPGA_VCCINT -0.000194 0.000000 0.000000
3937 107 CH1 0.022222 3.281250 0.071498 FPGA_VCCINT -0.000194 0.000000 0.000000
3974 108 CH1 0.022222 3.281250 0.071498 FPGA_VCCINT -0.000194 0.000000 0.000000
4011 109 CH1 0.022222 3.281250 0.071498 FPGA_VCCINT -0.000194 0.000000 0.000000
4049 110 CH1 0.012698 3.281250 0.040856 FPGA_VCCINT -0.000194 0.000000 0.000000
4086 111 CH1 0.012698 3.281250 0.040856 FPGA_VCCINT -0.000194 0.000000 0.000000
4123 112 CH1 0.012698 3.281250 0.040856 FPGA_VCCINT -0.000194 0.000000 0.000000
4161 113 CH1 0.012698 3.281250 0.040856 FPGA_VCCINT -0.000194 0.000000 0.000000
4198 114 CH1 0.012698 3.281250 0.040856 FPGA_VCCINT -0.000194 0.000000 0.000000
4235 115 CH1 0.012698 3.281250 0.040856 FPGA_VCCINT -0.000194 0.000000 0.000000
4273 116 CH1 0.012698 3.281250 0.040856 FPGA_VCCINT -0.000194 0.000000 0.000000
4311 117 CH1 0.012698 3.281250 0.040856 FPGA_VCCINT -0.000194 0.000000 0.000000
4348 118 CH1 0.012698 3.281250 0.040856 FPGA_VCCINT -0.000194 0.000000 0.000000
4385 119 CH1 0.012698 3.281250 0.040856 FPGA_VCCINT -0.000194 0.000000 0.000000
4423 120 CH1 0.012698 3.281250 0.040856 FPGA_VCCINT -0.000194 0.000000 0.000000
4460 121 CH1 0.012698 3.281250 0.040856 FPGA_VCCINT -0.000194 0.000000 0.000000
4498 122 CH1 0.012698 3.281250 0.040856 FPGA_VCCINT -0.000194 0.000000 0.000000
4535 123 CH1 0.012698 3.281250 0.040856 FPGA_VCCINT -0.000194 0.000000 0.000000
4572 124 CH1 0.012698 3.281250 0.040856 FPGA_VCCINT -0.000194 0.000000 0.000000
4610 125 CH1 0.012698 3.281250 0.040856 FPGA_VCCINT -0.000194 0.000000 0.000000
4648 126 CH1 0.012698 3.281250 0.040856 FPGA_VCCINT -0.000194 0.000000 0.000000
4685 127 CH1 0.012698 3.281250 0.040856 FPGA_VCCINT -0.000194 0.000000 0.000000
4723 128 CH1 0.012698 3.281250 0.040856 FPGA_VCCINT -0.000194 0.000000 0.000000
4760 129 CH1 0.012698 3.281250 0.040856 FPGA_VCCINT -0.000194 0.000000 0.000000
4797 130 CH1 0.012698 3.281250 0.040856 FPGA_VCCINT -0.000194 0.000000 0.000000
4835 131 CH1 0.012698 3.281250 0.040856 FPGA_VCCINT -0.000194 0.000000 0.000000
4873 132 CH1 0.012698 3.281250 0.040856 FPGA_VCCINT -0.000194 0.000000 0.000000
4910 133 CH1 0.012698 3.281250 0.040856 FPGA_VCCINT -0.000194 0.000000 0.000000
4947 134 CH1 0.012698 3.281250 0.040856 FPGA_VCCINT -0.000194 0.000000 0.000000
4985 135 CH1 0.012698 3.281250 0.040856 FPGA_VCCINT -0.000194 0.000000 0.000000
5023 136 CH1 0.012698 3.281250 0.040856 FPGA_VCCINT -0.000194 0.000000 0.000000
5060 137 CH1 0.012698 3.281250 0.040856 FPGA_VCCINT -0.000194 0.000000 0.000000
5098 138 CH1 0.012698 3.281250 0.040856 FPGA_VCCINT -0.000194 0.000000 0.000000
5135 139 CH1 0.012698 3.281250 0.040856 FPGA_VCCINT -0.000194 0.000000 0.000000
5172 140 CH1 0.012698 3.281250 0.040856 FPGA_VCCINT -0.000194 0.000000 0.000000
5210 141 CH1 0.012698 3.281250 0.040856 FPGA_VCCINT -0.000194 0.000000 0.000000
5248 142 CH1 0.012698 3.281250 0.040856 FPGA_VCCINT -0.000194 0.000000 0.000000
5285 143 CH1 0.012698 3.281250 0.040856 FPGA_VCCINT -0.000194 0.000000 0.000000
5322 144 CH1 0.012698 3.281250 0.040856 FPGA_VCCINT -0.000194 0.000000 0.000000
5360 145 CH1 0.012698 3.281250 0.040856 FPGA_VCCINT -0.000194 0.000000 0.000000
5398 146 CH1 0.012698 3.281250 0.040856 FPGA_VCCINT -0.000194 0.000000 0.000000
5435 147 CH1 0.012698 3.281250 0.040856 FPGA_VCCINT -0.000194 0.000000 0.000000
5473 148 CH1 0.012698 3.281250 0.040856 FPGA_VCCINT -0.000194 0.000000 0.000000
5510 149 CH1 0.012698 3.281250 0.040856 FPGA_VCCINT -0.000194 0.000000 0.000000
5547 150 CH1 0.012698 3.281250 0.040856 FPGA_VCCINT -0.000194 0.000000 0.000000
5585 151 CH1 0.012698 3.281250 0.040856 FPGA_VCCINT -0.000194 0.000000 0.000000
5623 152 CH1 0.012698 3.281250 0.040856 FPGA_VCCINT -0.000194 0.000000 0.000000
5660 153 CH1 0.012698 3.281250 0.040856 FPGA_VCCINT -0.000194 0.000000 0.000000
5697 154 CH1 0.012698 3.281250 0.040856 FPGA_VCCINT -0.000194 0.000000 0.000000
5735 155 CH1 0.012698 3.281250 0.040856 FPGA_VCCINT -0.000194 0.000000 0.000000
5773 156 CH1 0.012698 3.281250 0.040856 FPGA_VCCINT -0.000194 0.000000 0.000000
5810 157 CH1 0.012698 3.281250 0.040856 FPGA_VCCINT -0.000194 0.000000 0.000000
5847 158 CH1 0.012698 3.281250 0.040856 FPGA_VCCINT -0.000194 0.000000 0.000000
5885 159 CH1 0.012698 3.281250 0.040856 FPGA_VCCINT -0.000194 0.000000 0.000000
5922 160 CH1 0.012698 3.281250 0.040856 FPGA_VCCINT -0.000194 0.000000 0.000000
5960 161 CH1 0.012698 3.281250 0.040856 FPGA_VCCINT -0.000194 0.000000 0.000000
5998 162 CH1 0.022222 3.281250 0.071498 FPGA_VCCINT -0.000194 0.000000 0.000000
6035 163 CH1 0.022222 3.281250 0.071498 FPGA_VCCINT -0.000194 0.000000 0.000000
6072 164 CH1 0.022222 3.281250 0.071498 FPGA_VCCINT -0.000194 0.000000 0.000000
6109 165 CH1 0.022222 3.281250 0.071498 FPGA_VCCINT -0.000194 0.000000 0.000000
6147 166 CH1 0.022222 3.281250 0.071498 FPGA_VCCINT -0.000194 0.000000 0.000000
6184 167 CH1 0.022222 3.281250 0.071498 FPGA_VCCINT -0.000194 0.000000 0.000000
6221 168 CH1 0.022222 3.281250 0.071498 FPGA_VCCINT -0.000194 0.000000 0.000000
6258 169 CH1 0.022222 3.281250 0.071498 FPGA_VCCINT -0.000194 0.000000 0.000000
6296 170 CH1 0.022222 3.281250 0.071498 FPGA_VCCINT -0.000194 0.000000 0.000000
6333 171 CH1 0.022222 3.281250 0.071498 FPGA_VCCINT -0.000194 0.000000 0.000000
6371 172 CH1 0.022222 3.281250 0.071498 FPGA_VCCINT -0.000194 0.000000 0.000000
6408 173 CH1 0.022222 3.281250 0.071498 FPGA_VCCINT -0.000194 0.000000 0.000000
6445 174 CH1 0.022222 3.281250 0.071498 FPGA_VCCINT -0.000194 0.000000 0.000000
6482 175 CH1 0.022222 3.281250 0.071498 FPGA_VCCINT -0.000194 0.000000 0.000000
6520 176 CH1 0.022222 3.281250 0.071498 FPGA_VCCINT -0.000194 0.000000 0.000000
6557 177 CH1 0.022222 3.281250 0.071498 FPGA_VCCINT -0.000194 0.000000 0.000000
6594 178 CH1 0.022222 3.281250 0.071498 FPGA_VCCINT -0.000194 0.000000 0.000000
6632 179 CH1 0.022222 3.281250 0.071498 FPGA_VCCINT -0.000194 0.000000 0.000000
6669 180 CH1 0.022222 3.281250 0.071498 FPGA_VCCINT -0.000194 0.000000 0.000000
6707 181 CH1 0.022222 3.281250 0.071498 FPGA_VCCINT -0.000194 0.000000 0.000000
6744 182 CH1 0.022222 3.281250 0.071498 FPGA_VCCINT -0.000194 0.000000 0.000000
6781 183 CH1 0.022222 3.281250 0.071498 FPGA_VCCINT -0.000194 0.000000 0.000000
6818 184 CH1 0.022222 3.281250 0.071498 FPGA_VCCINT -0.000194 0.000000 0.000000
6856 185 CH1 0.022222 3.281250 0.071498 FPGA_VCCINT -0.000194 0.000000 0.000000
6893 186 CH1 0.022222 3.281250 0.071498 FPGA_VCCINT -0.000194 0.000000 0.000000
6930 187 CH1 0.022222 3.281250 0.071498 FPGA_VCCINT -0.000194 0.000000 0.000000
6968 188 CH1 0.022222 3.281250 0.071498 FPGA_VCCINT -0.000194 0.000000 0.000000
7005 189 CH1 0.022222 3.281250 0.071498 FPGA_VCCINT -0.000194 0.000000 0.000000
7043 190 CH1 0.022222 3.281250 0.071498 FPGA_VCCINT -0.000194 0.000000 0.000000
7080 191 CH1 0.022222 3.281250 0.071498 FPGA_VCCINT -0.000194 0.000000 0.000000
7117 192 CH1 0.022222 3.281250 0.071498 FPGA_VCCINT -0.000194 0.000000 0.000000
7154 193 CH1 0.022222 3.281250 0.071498 FPGA_VCCINT -0.000194 0.000000 0.000000
7192 194 CH1 0.022222 3.281250 0.071498 FPGA_VCCINT -0.000194 0.000000 0.000000
7229 195 CH1 0.022222 3.281250 0.071498 FPGA_VCCINT -0.000194 0.000000 0.000000
7266 196 CH1 0.022222 3.281250 0.071498 FPGA_VCCINT -0.000194 0.000000 0.000000
7304 197 CH1 0.022222 3.281250 0.071498 FPGA_VCCINT -0.000194 0.000000 0.000000
7341 198 CH1 0.022222 3.281250 0.071498 FPGA_VCCINT -0.000194 0.000000 0.000000
7378 199 CH1 0.022222 3.281250 0.071498 FPGA_VCCINT -0.000194 0.000000 0.000000
7416 200 CH1 0.022222 3.281250 0.071498 FPGA_VCCINT -0.000194 0.000000 0.000000
7453 201 CH1 0.022222 3.281250 0.071498 FPGA_VCCINT -0.000194 0.000000 0.000000
7490 202 CH1 0.022222 3.281250 0.071498 FPGA_VCCINT -0.000194 0.000000 0.000000
7527 203 CH1 0.022222 3.281250 0.071498 FPGA_VCCINT -0.000194 0.000000 0.000000
7565 204 CH1 0.022222 3.281250 0.071498 FPGA_VCCINT -0.000194 0.000000 0.000000
7602 205 CH1 0.022222 3.281250 0.071498 FPGA_VCCINT -0.000194 0.000000 0.000000
7640 206 CH1 0.022222 3.281250 0.071498 FPGA_VCCINT -0.000194 0.000000 0.000000
7677 207 CH1 0.022222 3.281250 0.071498 FPGA_VCCINT -0.000194 0.000000 0.000000
7714 208 CH1 0.022222 3.281250 0.071498 FPGA_VCCINT -0.000194 0.000000 0.000000
7752 209 CH1 0.022222 3.281250 0.071498 FPGA_VCCINT -0.000194 0.000000 0.000000
7789 210 CH1 0.022222 3.281250 0.071498 FPGA_VCCINT -0.000194 0.000000 0.000000
7826 211 CH1 0.022222 3.281250 0.071498 FPGA_VCCINT -0.000194 0.000000 0.000000
7863 212 CH1 0.022222 3.281250 0.071498 FPGA_VCCINT -0.000194 0.000000 0.000000
7901 213 CH1 0.019048 3.281250 0.061284 FPGA_VCCINT -0.000194 0.000000 0.000000
7938 214 CH1 0.019048 3.281250 0.061284 FPGA_VCCINT -0.000194 0.000000 0.000000
7976 215 CH1 0.012698 3.281250 0.040856 FPGA_VCCINT -0.000194 0.000000 0.000000
8013 216 CH1 0.012698 3.281250 0.040856 FPGA_VCCINT -0.000194 0.000000 0.000000
8051 217 CH1 0.012698 3.281250 0.040856 FPGA_VCCINT -0.000194 0.000000 0.000000
8088 218 CH1 0.012698 3.281250 0.040856 FPGA_VCCINT -0.000194 0.000000 0.000000
8125 219 CH1 0.012698 3.281250 0.040856 FPGA_VCCINT -0.000194 0.000000 0.000000
8163 220 CH1 0.012698 3.281250 0.040856 FPGA_VCCINT -0.000194 0.000000 0.000000
8201 221 CH1 0.012698 3.281250 0.040856 FPGA_VCCINT -0.000194 0.000000 0.000000
8238 222 CH1 0.012698 3.281250 0.040856 FPGA_VCCINT -0.000194 0.000000 0.000000
8275 223 CH1 0.012698 3.281250 0.040856 FPGA_VCCINT -0.000194 0.000000 0.000000
8313 224 CH1 0.012698 3.281250 0.040856 FPGA_VCCINT -0.000194 0.000000 0.000000
8351 225 CH1 0.012698 3.281250 0.040856 FPGA_VCCINT -0.000194 0.000000 0.000000
8388 226 CH1 0.012698 3.281250 0.040856 FPGA_VCCINT -0.000194 0.000000 0.000000
8426 227 CH1 0.012698 3.281250 0.040856 FPGA_VCCINT -0.000194 0.000000 0.000000
8463 228 CH1 0.012698 3.281250 0.040856 FPGA_VCCINT -0.000194 0.000000 0.000000
8500 229 CH1 0.012698 3.281250 0.040856 FPGA_VCCINT -0.000194 0.000000 0.000000
8538 230 CH1 0.012698 3.281250 0.040856 FPGA_VCCINT -0.000194 0.000000 0.000000
8576 231 CH1 0.012698 3.281250 0.040856 FPGA_VCCINT -0.000194 0.000000 0.000000
8613 232 CH1 0.012698 3.281250 0.040856 FPGA_VCCINT -0.000194 0.000000 0.000000
8650 233 CH1 0.012698 3.281250 0.040856 FPGA_VCCINT -0.000194 0.000000 0.000000
8688 234 CH1 0.012698 3.281250 0.040856 FPGA_VCCINT -0.000194 0.000000 0.000000
8726 235 CH1 0.012698 3.281250 0.040856 FPGA_VCCINT -0.000194 0.000000 0.000000
8763 236 CH1 0.012698 3.281250 0.040856 FPGA_VCCINT -0.000194 0.000000 0.000000
8801 237 CH1 0.012698 3.281250 0.040856 FPGA_VCCINT -0.000194 0.000000 0.000000
8838 238 CH1 0.012698 3.281250 0.040856 FPGA_VCCINT -0.000194 0.000000 0.000000
8875 239 CH1 0.012698 3.281250 0.040856 FPGA_VCCINT -0.000194 0.000000 0.000000
8913 240 CH1 0.012698 3.281250 0.040856 FPGA_VCCINT -0.000194 0.000000 0.000000
8950 241 CH1 0.012698 3.281250 0.040856 FPGA_VCCINT -0.000194 0.000000 0.000000
8987 242 CH1 0.012698 3.281250 0.040856 FPGA_VCCINT -0.000194 0.000000 0.000000
9025 243 CH1 0.012698 3.281250 0.040856 FPGA_VCCINT -0.000194 0.000000 0.000000
9062 244 CH1 0.012698 3.281250 0.040856 FPGA_VCCINT -0.000194 0.000000 0.000000
9100 245 CH1 0.012698 3.281250 0.040856 FPGA_VCCINT -0.000194 0.000000 0.000000
9137 246 CH1 0.012698 3.281250 0.040856 FPGA_VCCINT -0.000194 0.000000 0.000000
9174 247 CH1 0.012698 3.281250 0.040856 FPGA_VCCINT -0.000194 0.000000 0.000000
9212 248 CH1 0.012698 3.281250 0.040856 FPGA_VCCINT -0.000194 0.000000 0.000000
9250 249 CH1 0.012698 3.281250 0.040856 FPGA_VCCINT -0.000194 0.000000 0.000000
9287 250 CH1 0.012698 3.281250 0.040856 FPGA_VCCINT -0.000194 0.000000 0.000000
9324 251 CH1 0.012698 3.281250 0.040856 FPGA_VCCINT -0.000194 0.000000 0.000000
9362 252 CH1 0.012698 3.281250 0.040856 FPGA_VCCINT -0.000194 0.000000 0.000000
9399 253 CH1 0.012698 3.281250 0.040856 FPGA_VCCINT -0.000194 0.000000 0.000000
9437 254 CH1 0.012698 3.281250 0.040856 FPGA_VCCINT -0.000194 0.000000 0.000000
9474 255 CH1 0.012698 3.281250 0.040856 FPGA_VCCINT -0.000194 0.000000 0.000000
9511 256 CH1 0.012698 3.281250 0.040856 FPGA_VCCINT -0.000194 0.000000 0.000000
9549 257 CH1 0.012698 3.281250 0.040856 FPGA_VCCINT -0.000194 0.000000 0.000000
9586 258 CH1 0.012698 3.281250 0.040856 FPGA_VCCINT -0.000194 0.000000 0.000000
9624 259 CH1 0.012698 3.281250 0.040856 FPGA_VCCINT -0.000194 0.000000 0.000000
9662 260 CH1 0.012698 3.281250 0.040856 FPGA_VCCINT -0.000194 0.000000 0.000000
9699 261 CH1 0.012698 3.281250 0.040856 FPGA_VCCINT -0.000194 0.000000 0.000000
9736 262 CH1 0.012698 3.281250 0.040856 FPGA_VCCINT -0.000194 0.000000 0.000000
9774 263 CH1 0.012698 3.281250 0.040856 FPGA_VCCINT -0.000194 0.000000 0.000000
9812 264 CH1 0.012698 3.281250 0.040856 FPGA_VCCINT -0.000194 0.000000 0.000000
9849 265 CH1 0.012698 3.281250 0.040856 FPGA_VCCINT -0.000194 0.000000 0.000000
9886 266 CH1 0.022222 3.281250 0.071498 FPGA_VCCINT -0.000194 0.000000 0.000000
9924 267 CH1 0.022222 3.281250 0.071498 FPGA_VCCINT -0.000194 0.000000 0.000000
9961 268 CH1 0.022222 3.281250 0.071498 FPGA_VCCINT -0.000194 0.000000 0.000000
9998 269 CH1 0.022222 3.281250 0.071498 FPGA_VCCINT -0.000194 0.000000 0.000000
10036 270 CH1 0.022222 3.281250 0.071498 FPGA_VCCINT -0.000194 0.000000 0.000000
10073 271 CH1 0.022222 3.281250 0.071498 FPGA_VCCINT -0.000194 0.000000 0.000000
10111 272 CH1 0.022222 3.281250 0.071498 FPGA_VCCINT -0.000194 0.000000 0.000000
10148 273 CH1 0.022222 3.281250 0.071498 FPGA_VCCINT -0.000194 0.000000 0.000000
10186 274 CH1 0.022222 3.281250 0.071498 FPGA_VCCINT -0.000194 0.000000 0.000000
10223 275 CH1 0.022222 3.281250 0.071498 FPGA_VCCINT -0.000194 0.000000 0.000000
10261 276 CH1 0.022222 3.281250 0.071498 FPGA_VCCINT -0.000194 0.000000 0.000000
10298 277 CH1 0.022222 3.281250 0.071498 FPGA_VCCINT -0.000194 0.000000 0.000000
10336 278 CH1 0.022222 3.281250 0.071498 FPGA_VCCINT -0.000194 0.000000 0.000000
10374 279 CH1 0.022222 3.281250 0.071498 FPGA_VCCINT -0.000194 0.000000 0.000000
10412 280 CH1 0.022222 3.281250 0.071498 FPGA_VCCINT -0.000194 0.000000 0.000000
10449 281 CH1 0.022222 3.281250 0.071498 FPGA_VCCINT -0.000194 0.000000 0.000000
10487 282 CH1 0.022222 3.281250 0.071498 FPGA_VCCINT -0.000194 0.000000 0.000000
10524 283 CH1 0.022222 3.281250 0.071498 FPGA_VCCINT -0.000194 0.000000 0.000000
10562 284 CH1 0.022222 3.281250 0.071498 FPGA_VCCINT -0.000194 0.000000 0.000000
10600 285 CH1 0.022222 3.281250 0.071498 FPGA_VCCINT -0.000194 0.000000 0.000000
10637 286 CH1 0.022222 3.281250 0.071498 FPGA_VCCINT -0.000194 0.000000 0.000000
10675 287 CH1 0.022222 3.281250 0.071498 FPGA_VCCINT -0.000194 0.000000 0.000000
10712 288 CH1 0.022222 3.281250 0.071498 FPGA_VCCINT -0.000194 0.000000 0.000000
10750 289 CH1 0.022222 3.281250 0.071498 FPGA_VCCINT -0.000194 0.000000 0.000000
10787 290 CH1 0.022222 3.281250 0.071498 FPGA_VCCINT -0.000194 0.000000 0.000000
10825 291 CH1 0.022222 3.281250 0.071498 FPGA_VCCINT -0.000194 0.000000 0.000000
10862 292 CH1 0.022222 3.281250 0.071498 FPGA_VCCINT -0.000194 0.000000 0.000000
10900 293 CH1 0.022222 3.281250 0.071498 FPGA_VCCINT -0.000194 0.000000 0.000000
10937 294 CH1 0.022222 3.281250 0.071498 FPGA_VCCINT -0.000194 0.000000 0.000000
10975 295 CH1 0.022222 3.281250 0.071498 FPGA_VCCINT -0.000194 0.000000 0.000000
11012 296 CH1 0.022222 3.281250 0.071498 FPGA_VCCINT -0.000194 0.000000 0.000000
11050 297 CH1 0.022222 3.281250 0.071498 FPGA_VCCINT -0.000194 0.000000 0.000000
11087 298 CH1 0.022222 3.281250 0.071498 FPGA_VCCINT -0.000194 0.000000 0.000000
11125 299 CH1 0.022222 3.281250 0.071498 FPGA_VCCINT -0.000194 0.000000 0.000000
11163 300 CH1 0.022222 3.281250 0.071498 FPGA_VCCINT -0.000194 0.000000 0.000000
11201 301 CH1 0.022222 3.281250 0.071498 FPGA_VCCINT -0.000194 0.000000 0.000000
11238 302 CH1 0.022222 3.281250 0.071498 FPGA_VCCINT -0.000194 0.000000 0.000000
11276 303 CH1 0.022222 3.281250 0.071498 FPGA_VCCINT -0.000194 0.000000 0.000000
11313 304 CH1 0.022222 3.281250 0.071498 FPGA_VCCINT -0.000194 0.000000 0.000000
11351 305 CH1 0.022222 3.281250 0.071498 FPGA_VCCINT -0.000194 0.000000 0.000000
11389 306 CH1 0.022222 3.281250 0.071498 FPGA_VCCINT -0.000194 0.000000 0.000000
11426 307 CH1 0.022222 3.281250 0.071498 FPGA_VCCINT -0.000194 0.000000 0.000000
11464 308 CH1 0.022222 3.281250 0.071498 FPGA_VCCINT -0.000194 0.000000 0.000000
11501 309 CH1 0.022222 3.281250 0.071498 FPGA_VCCINT -0.000194 0.000000 0.000000
11539 310 CH1 0.022222 3.281250 0.071498 FPGA_VCCINT -0.000194 0.000000 0.000000
11576 311 CH1 0.022222 3.281250 0.071498 FPGA_VCCINT -0.000194 0.000000 0.000000
11614 312 CH1 0.022222 3.281250 0.071498 FPGA_VCCINT -0.000194 0.000000 0.000000
11651 313 CH1 0.022222 3.281250 0.071498 FPGA_VCCINT -0.000194 0.000000 0.000000
11689 314 CH1 0.022222 3.281250 0.071498 FPGA_VCCINT -0.000194 0.000000 0.000000
11727 315 CH1 0.022222 3.281250 0.071498 FPGA_VCCINT -0.000194 0.000000 0.000000
11765 316 CH1 0.022222 3.281250 0.071498 FPGA_VCCINT -0.000194 0.000000 0.000000
11802 317 CH1 0.022222 3.281250 0.071498 FPGA_VCCINT -0.000194 0.000000 0.000000
11840 318 CH1 0.012698 3.281250 0.040856 FPGA_VCCINT -0.000194 0.000000 0.000000
11877 319 CH1 0.012698 3.281250 0.040856 FPGA_VCCINT -0.000194 0.000000 0.000000
11915 320 CH1 0.012698 3.281250 0.040856 FPGA_VCCINT -0.000194 0.000000 0.000000
11953 321 CH1 0.012698 3.281250 0.040856 FPGA_VCCINT -0.000194 0.000000 0.000000
11990 322 CH1 0.012698 3.281250 0.040856 FPGA_VCCINT -0.000194 0.000000 0.000000
12028 323 CH1 0.012698 3.281250 0.040856 FPGA_VCCINT -0.000194 0.000000 0.000000
12066 324 CH1 0.012698 3.281250 0.040856 FPGA_VCCINT -0.000194 0.000000 0.000000
12103 325 CH1 0.012698 3.281250 0.040856 FPGA_VCCINT -0.000194 0.000000 0.000000
12141 326 CH1 0.012698 3.281250 0.040856 FPGA_VCCINT -0.000194 0.000000 0.000000
12179 327 CH1 0.012698 3.281250 0.040856 FPGA_VCCINT -0.000194 0.000000 0.000000
12217 328 CH1 0.012698 3.281250 0.040856 FPGA_VCCINT -0.000194 0.000000 0.000000
12254 329 CH1 0.012698 3.281250 0.040856 FPGA_VCCINT -0.000194 0.000000 0.000000
12292 330 CH1 0.012698 3.281250 0.040856 FPGA_VCCINT -0.000194 0.000000 0.000000
12329 331 CH1 0.012698 3.281250 0.040856 FPGA_VCCINT -0.000194 0.000000 0.000000
12367 332 CH1 0.012698 3.281250 0.040856 FPGA_VCCINT -0.000194 0.000000 0.000000
12404 333 CH1 0.012698 3.281250 0.040856 FPGA_VCCINT -0.000194 0.000000 0.000000
12442 334 CH1 0.012698 3.281250 0.040856 FPGA_VCCINT -0.000194 0.000000 0.000000
12480 335 CH1 0.012698 3.281250 0.040856 FPGA_VCCINT -0.000194 0.000000 0.000000
12517 336 CH1 0.012698 3.281250 0.040856 FPGA_VCCINT -0.000194 0.000000 0.000000
12555 337 CH1 0.012698 3.281250 0.040856 FPGA_VCCINT -0.000194 0.000000 0.000000
12593 338 CH1 0.012698 3.281250 0.040856 FPGA_VCCINT -0.000194 0.000000 0.000000
12630 339 CH1 0.012698 3.281250 0.040856 FPGA_VCCINT -0.000194 0.000000 0.000000
12668 340 CH1 0.012698 3.281250 0.040856 FPGA_VCCINT -0.000194 0.000000 0.000000
12706 341 CH1 0.012698 3.281250 0.040856 FPGA_VCCINT -0.000194 0.000000 0.000000
12743 342 CH1 0.012698 3.281250 0.040856 FPGA_VCCINT -0.000194 0.000000 0.000000
12781 343 CH1 0.012698 3.281250 0.040856 FPGA_VCCINT -0.000194 0.000000 0.000000
12819 344 CH1 0.012698 3.281250 0.040856 FPGA_VCCINT -0.000194 0.000000 0.000000
12857 345 CH1 0.012698 3.281250 0.040856 FPGA_VCCINT -0.000194 0.000000 0.000000
12895 346 CH1 0.012698 3.281250 0.040856 FPGA_VCCINT -0.000194 0.000000 0.000000
12932 347 CH1 0.012698 3.281250 0.040856 FPGA_VCCINT -0.000194 0.000000 0.000000
12970 348 CH1 0.012698 3.281250 0.040856 FPGA_VCCINT -0.000194 0.000000 0.000000
13008 349 CH1 0.012698 3.281250 0.040856 FPGA_VCCINT -0.000194 0.000000 0.000000
13045 350 CH1 0.012698 3.281250 0.040856 FPGA_VCCINT -0.000194 0.000000 0.000000
13083 351 CH1 0.012698 3.281250 0.040856 FPGA_VCCINT -0.000194 0.000000 0.000000
13120 352 CH1 0.012698 3.281250 0.040856 FPGA_VCCINT -0.000194 0.000000 0.000000
13158 353 CH1 0.012698 3.281250 0.040856 FPGA_VCCINT -0.000194 0.000000 0.000000
13196 354 CH1 0.012698 3.281250 0.040856 FPGA_VCCINT -0.000194 0.000000 0.000000
13234 355 CH1 0.012698 3.281250 0.040856 FPGA_VCCINT -0.000194 0.000000 0.000000
13271 356 CH1 0.012698 3.281250 0.040856 FPGA_VCCINT -0.000194 0.000000 0.000000
13309 357 CH1 0.012698 3.281250 0.040856 FPGA_VCCINT -0.000194 0.000000 0.000000
13346 358 CH1 0.012698 3.281250 0.040856 FPGA_VCCINT -0.000194 0.000000 0.000000
13384 359 CH1 0.012698 3.281250 0.040856 FPGA_VCCINT -0.000194 0.000000 0.000000
13422 360 CH1 0.012698 3.281250 0.040856 FPGA_VCCINT -0.000194 0.000000 0.000000
13460 361 CH1 0.012698 3.281250 0.040856 FPGA_VCCINT -0.000194 0.000000 0.000000
13498 362 CH1 0.012698 3.281250 0.040856 FPGA_VCCINT -0.000194 0.000000 0.000000
13535 363 CH1 0.012698 3.281250 0.040856 FPGA_VCCINT -0.000194 0.000000 0.000000
13573 364 CH1 0.012698 3.281250 0.040856 FPGA_VCCINT -0.000194 0.000000 0.000000
13611 365 CH1 0.012698 3.281250 0.040856 FPGA_VCCINT -0.000194 0.000000 0.000000
13648 366 CH1 0.012698 3.281250 0.040856 FPGA_VCCINT -0.000194 0.000000 0.000000
13687 367 CH1 0.012698 3.281250 0.040856 FPGA_VCCINT -0.000194 0.000000 0.000000
13724 368 CH1 0.012698 3.281250 0.040856 FPGA_VCCINT -0.000194 0.000000 0.000000
13762 369 CH1 0.012698 3.281250 0.040856 FPGA_VCCINT -0.000194 0.000000 0.000000
13800 370 CH1 0.015873 3.281250 0.051070 FPGA_VCCINT -0.000194 0.000000 0.000000
13837 371 CH1 0.015873 3.281250 0.051070 FPGA_VCCINT -0.000194 0.000000 0.000000
13875 372 CH1 0.015873 3.281250 0.051070 FPGA_VCCINT -0.000194 0.000000 0.000000
13912 373 CH1 0.015873 3.281250 0.051070 FPGA_VCCINT -0.000194 0.000000 0.000000
13950 374 CH1 0.015873 3.281250 0.051070 FPGA_VCCINT -0.000194 0.000000 0.000000
13987 375 CH1 0.015873 3.281250 0.051070 FPGA_VCCINT -0.000194 0.000000 0.000000
14025 376 CH1 0.015873 3.281250 0.051070 FPGA_VCCINT -0.000194 0.000000 0.000000
14062 377 CH1 0.015873 3.281250 0.051070 FPGA_VCCINT -0.000194 0.000000 0.000000
14100 378 CH1 0.015873 3.281250 0.051070 FPGA_VCCINT -0.000194 0.000000 0.000000
14137 379 CH1 0.015873 3.281250 0.051070 FPGA_VCCINT -0.000194 0.000000 0.000000
14175 380 CH1 0.015873 3.281250 0.051070 FPGA_VCCINT -0.000194 0.000000 0.000000
14212 381 CH1 0.015873 3.281250 0.051070 FPGA_VCCINT -0.000194 0.000000 0.000000
14250 382 CH1 0.015873 3.281250 0.051070 FPGA_VCCINT -0.000194 0.000000 0.000000
14287 383 CH1 0.015873 3.281250 0.051070 FPGA_VCCINT -0.000194 0.000000 0.000000
14325 384 CH1 0.015873 3.281250 0.051070 FPGA_VCCINT -0.000194 0.000000 0.000000
14362 385 CH1 0.015873 3.281250 0.051070 FPGA_VCCINT -0.000194 0.000000 0.000000
14400 386 CH1 0.015873 3.281250 0.051070 FPGA_VCCINT -0.000194 0.000000 0.000000
14437 387 CH1 0.015873 3.281250 0.051070 FPGA_VCCINT -0.000194 0.000000 0.000000
14475 388 CH1 0.015873 3.281250 0.051070 FPGA_VCCINT -0.000194 0.000000 0.000000
14512 389 CH1 0.015873 3.281250 0.051070 FPGA_VCCINT -0.000194 0.000000 0.000000
14550 390 CH1 0.015873 3.281250 0.051070 FPGA_VCCINT -0.000194 0.000000 0.000000
14587 391 CH1 0.015873 3.281250 0.051070 FPGA_VCCINT -0.000194 0.000000 0.000000
14625 392 CH1 0.015873 3.281250 0.051070 FPGA_VCCINT -0.000194 0.000000 0.000000
14662 393 CH1 0.015873 3.281250 0.051070 FPGA_VCCINT -0.000194 0.000000 0.000000
14700 394 CH1 0.015873 3.281250 0.051070 FPGA_VCCINT -0.000194 0.000000 0.000000
14737 395 CH1 0.015873 3.281250 0.051070 FPGA_VCCINT -0.000194 0.000000 0.000000
14775 396 CH1 0.015873 3.281250 0.051070 FPGA_VCCINT -0.000194 0.000000 0.000000
14812 397 CH1 0.015873 3.281250 0.051070 FPGA_VCCINT -0.000194 0.000000 0.000000
14850 398 CH1 0.015873 3.281250 0.051070 FPGA_VCCINT -0.000194 0.000000 0.000000
14887 399 CH1 0.015873 3.281250 0.051070 FPGA_VCCINT -0.000194 0.000000 0.000000
14925 400 CH1 0.015873 3.281250 0.051070 FPGA_VCCINT -0.000194 0.000000 0.000000
14962 401 CH1 0.015873 3.281250 0.051070 FPGA_VCCINT -0.000194 0.000000 0.000000
15000 402 CH1 0.015873 3.281250 0.051070 FPGA_VCCINT -0.000194 0.000000 0.000000
15038 403 CH1 0.015873 3.281250 0.051070 FPGA_VCCINT -0.000194 0.000000 0.000000
15076 404 CH1 0.015873 3.281250 0.051070 FPGA_VCCINT -0.000194 0.000000 0.000000
15113 405 CH1 0.015873 3.281250 0.051070 FPGA_VCCINT -0.000194 0.000000 0.000000
15151 406 CH1 0.015873 3.281250 0.051070 FPGA_VCCINT -0.000194 0.000000 0.000000
15188 407 CH1 0.015873 3.281250 0.051070 FPGA_VCCINT -0.000194 0.000000 0.000000
15226 408 CH1 0.015873 3.281250 0.051070 FPGA_VCCINT -0.000194 0.000000 0.000000
15264 409 CH1 0.015873 3.281250 0.051070 FPGA_VCCINT -0.000194 0.000000 0.000000
15301 410 CH1 0.015873 3.281250 0.051070 FPGA_VCCINT -0.000194 0.000000 0.000000
15339 411 CH1 0.015873 3.281250 0.051070 FPGA_VCCINT -0.000194 0.000000 0.000000
15376 412 CH1 0.015873 3.281250 0.051070 FPGA_VCCINT -0.000194 0.000000 0.000000
15414 413 CH1 0.015873 3.281250 0.051070 FPGA_VCCINT -0.000194 0.000000 0.000000
15451 414 CH1 0.015873 3.281250 0.051070 FPGA_VCCINT -0.000194 0.000000 0.000000
15489 415 CH1 0.015873 3.281250 0.051070 FPGA_VCCINT -0.000194 0.000000 0.000000
15526 416 CH1 0.015873 3.281250 0.051070 FPGA_VCCINT -0.000194 0.000000 0.000000
15564 417 CH1 0.015873 3.281250 0.051070 FPGA_VCCINT -0.000194 0.000000 0.000000
