10 1 CH1 0.025397 3.125000 0.087549 CH2 -0.000000 0.000000 0.000000
45 2 CH1 0.025397 3.125000 0.087549 CH2 -0.000000 0.000000 0.000000
79 3 CH1 0.025397 3.125000 0.087549 CH2 -0.000000 0.000000 0.000000
113 4 CH1 0.025397 3.125000 0.087549 CH2 -0.000000 0.000000 0.000000
148 5 CH1 0.025397 3.125000 0.087549 CH2 -0.000000 0.000000 0.000000
182 6 CH1 0.025397 3.125000 0.087549 CH2 -0.000000 0.000000 0.000000
216 7 CH1 0.025397 3.125000 0.087549 CH2 -0.000000 0.000000 0.000000
251 8 CH1 0.025397 3.125000 0.087549 CH2 -0.000000 0.000000 0.000000
285 9 CH1 0.025397 3.125000 0.087549 CH2 -0.000000 0.000000 0.000000
320 10 CH1 0.025397 3.125000 0.087549 CH2 -0.000000 0.000000 0.000000
355 11 CH1 0.025397 3.125000 0.087549 CH2 -0.000000 0.000000 0.000000
390 12 CH1 0.025397 3.125000 0.087549 CH2 -0.000000 0.000000 0.000000
424 13 CH1 0.025397 3.125000 0.087549 CH2 -0.000000 0.000000 0.000000
460 14 CH1 0.025397 3.125000 0.087549 CH2 -0.000000 0.000000 0.000000
494 15 CH1 0.025397 3.125000 0.087549 CH2 -0.000000 0.000000 0.000000
529 16 CH1 0.025397 3.125000 0.087549 CH2 -0.000000 0.000000 0.000000
564 17 CH1 0.025397 3.125000 0.087549 CH2 -0.000000 0.000000 0.000000
598 18 CH1 0.025397 3.125000 0.087549 CH2 -0.000000 0.000000 0.000000
633 19 CH1 0.025397 3.125000 0.087549 CH2 -0.000000 0.000000 0.000000
668 20 CH1 0.025397 3.125000 0.087549 CH2 -0.000000 0.000000 0.000000
703 21 CH1 0.025397 3.125000 0.087549 CH2 -0.000000 0.000000 0.000000
737 22 CH1 0.025397 3.125000 0.087549 CH2 -0.000000 0.000000 0.000000
773 23 CH1 0.025397 3.125000 0.087549 CH2 -0.000000 0.000000 0.000000
807 24 CH1 0.025397 3.125000 0.087549 CH2 -0.000000 0.000000 0.000000
842 25 CH1 0.025397 3.125000 0.087549 CH2 -0.000000 0.000000 0.000000
877 26 CH1 0.025397 3.125000 0.087549 CH2 -0.000000 0.000000 0.000000
912 27 CH1 0.025397 3.125000 0.087549 CH2 -0.000000 0.000000 0.000000
947 28 CH1 0.025397 3.125000 0.087549 CH2 -0.000000 0.000000 0.000000
981 29 CH1 0.025397 3.125000 0.087549 CH2 -0.000000 0.000000 0.000000
1016 30 CH1 0.025397 3.125000 0.087549 CH2 -0.000000 0.000000 0.000000
1051 31 CH1 0.025397 3.125000 0.087549 CH2 -0.000000 0.000000 0.000000
1086 32 CH1 0.025397 3.125000 0.087549 CH2 -0.000000 0.000000 0.000000
1121 33 CH1 0.025397 3.125000 0.087549 CH2 -0.000000 0.000000 0.000000
1156 34 CH1 0.025397 3.125000 0.087549 CH2 -0.000000 0.000000 0.000000
1191 35 CH1 0.025397 3.125000 0.087549 CH2 -0.000000 0.000000 0.000000
1226 36 CH1 0.025397 3.125000 0.087549 CH2 -0.000000 0.000000 0.000000
1261 37 CH1 0.025397 3.125000 0.087549 CH2 -0.000000 0.000000 0.000000
1296 38 CH1 0.025397 3.125000 0.087549 CH2 -0.000000 0.000000 0.000000
1331 39 CH1 0.025397 3.125000 0.087549 CH2 -0.000000 0.000000 0.000000
1366 40 CH1 0.025397 3.125000 0.087549 CH2 -0.000000 0.000000 0.000000
1401 41 CH1 0.025397 3.125000 0.087549 CH2 -0.000000 0.000000 0.000000
1437 42 CH1 0.025397 3.125000 0.087549 CH2 -0.000000 0.000000 0.000000
1472 43 CH1 0.025397 3.125000 0.087549 CH2 -0.000000 0.000000 0.000000
1507 44 CH1 0.025397 3.125000 0.087549 CH2 -0.000000 0.000000 0.000000
1542 45 CH1 0.025397 3.125000 0.087549 CH2 -0.000000 0.000000 0.000000
1577 46 CH1 0.025397 3.125000 0.087549 CH2 -0.000000 0.000000 0.000000
1612 47 CH1 0.025397 3.125000 0.087549 CH2 -0.000000 0.000000 0.000000
1647 48 CH1 0.025397 3.125000 0.087549 CH2 -0.000000 0.000000 0.000000
1682 49 CH1 0.025397 3.125000 0.087549 CH2 -0.000000 0.000000 0.000000
1718 50 CH1 0.025397 3.125000 0.087549 CH2 -0.000000 0.000000 0.000000
1753 51 CH1 0.025397 3.125000 0.087549 CH2 -0.000000 0.000000 0.000000
1788 52 CH1 0.025397 3.125000 0.087549 CH2 -0.000000 0.000000 0.000000
1823 53 CH1 0.025397 3.125000 0.087549 CH2 -0.000000 0.000000 0.000000
1859 54 CH1 0.025397 3.125000 0.087549 CH2 -0.000000 0.000000 0.000000
1894 55 CH1 0.025397 3.125000 0.087549 CH2 -0.000000 0.000000 0.000000
1929 56 CH1 0.025397 3.125000 0.087549 CH2 -0.000000 0.000000 0.000000
1964 57 CH1 0.025397 3.125000 0.087549 CH2 -0.000000 0.000000 0.000000
1999 58 CH1 0.025397 3.125000 0.087549 CH2 -0.000000 0.000000 0.000000
2034 59 CH1 0.025397 3.125000 0.087549 CH2 -0.000000 0.000000 0.000000
2069 60 CH1 0.025397 3.125000 0.087549 CH2 -0.000000 0.000000 0.000000
2104 61 CH1 0.025397 3.125000 0.087549 CH2 -0.000000 0.000000 0.000000
2140 62 CH1 0.025397 3.125000 0.087549 CH2 -0.000000 0.000000 0.000000
2175 63 CH1 0.025397 3.125000 0.087549 CH2 -0.000000 0.000000 0.000000
2210 64 CH1 0.025397 3.125000 0.087549 CH2 -0.000000 0.000000 0.000000
2245 65 CH1 0.025397 3.125000 0.087549 CH2 -0.000000 0.000000 0.000000
2280 66 CH1 0.025397 3.125000 0.087549 CH2 -0.000000 0.000000 0.000000
2315 67 CH1 0.025397 3.125000 0.087549 CH2 -0.000000 0.000000 0.000000
2351 68 CH1 0.025397 3.125000 0.087549 CH2 -0.000000 0.000000 0.000000
2386 69 CH1 0.025397 3.125000 0.087549 CH2 -0.000000 0.000000 0.000000
2421 70 CH1 0.025397 3.125000 0.087549 CH2 -0.000000 0.000000 0.000000
2456 71 CH1 0.025397 3.125000 0.087549 CH2 -0.000000 0.000000 0.000000
2491 72 CH1 0.025397 3.125000 0.087549 CH2 -0.000000 0.000000 0.000000
2526 73 CH1 0.006349 3.125000 0.021401 CH2 -0.000000 0.000000 0.000000
2561 74 CH1 0.006349 3.125000 0.021401 CH2 -0.000000 0.000000 0.000000
2596 75 CH1 0.006349 3.125000 0.021401 CH2 -0.000000 0.000000 0.000000
2630 76 CH1 0.006349 3.125000 0.021401 CH2 -0.000000 0.000000 0.000000
2665 77 CH1 0.006349 3.125000 0.021401 CH2 -0.000000 0.000000 0.000000
2699 78 CH1 0.006349 3.125000 0.021401 CH2 -0.000000 0.000000 0.000000
2734 79 CH1 0.006349 3.125000 0.021401 CH2 -0.000000 0.000000 0.000000
2769 80 CH1 0.006349 3.125000 0.021401 CH2 -0.000000 0.000000 0.000000
2803 81 CH1 0.006349 3.125000 0.021401 CH2 -0.000000 0.000000 0.000000
2838 82 CH1 0.006349 3.125000 0.021401 CH2 -0.000000 0.000000 0.000000
2872 83 CH1 0.006349 3.125000 0.021401 CH2 -0.000000 0.000000 0.000000
2907 84 CH1 0.006349 3.125000 0.021401 CH2 -0.000000 0.000000 0.000000
2941 85 CH1 0.006349 3.125000 0.021401 CH2 -0.000000 0.000000 0.000000
2976 86 CH1 0.006349 3.125000 0.021401 CH2 -0.000000 0.000000 0.000000
3011 87 CH1 0.006349 3.125000 0.021401 CH2 -0.000000 0.000000 0.000000
3045 88 CH1 0.006349 3.125000 0.021401 CH2 -0.000000 0.000000 0.000000
3080 89 CH1 0.006349 3.125000 0.021401 CH2 -0.000000 0.000000 0.000000
3114 90 CH1 0.006349 3.125000 0.021401 CH2 -0.000000 0.000000 0.000000
3149 91 CH1 0.006349 3.125000 0.021401 CH2 -0.000000 0.000000 0.000000
3184 92 CH1 0.006349 3.125000 0.021401 CH2 -0.000000 0.000000 0.000000
3218 93 CH1 0.006349 3.125000 0.021401 CH2 -0.000000 0.000000 0.000000
3252 94 CH1 0.000000 3.125000 0.018239 CH2 -0.000000 0.000000 0.000000
3286 95 CH1 0.000000 3.125000 0.018239 CH2 -0.000000 0.000000 0.000000
3319 96 CH1 0.000000 3.125000 0.018239 CH2 -0.000000 0.000000 0.000000
3352 97 CH1 0.000000 3.125000 0.018239 CH2 -0.000000 0.000000 0.000000
3386 98 CH1 0.000000 3.125000 0.018239 CH2 -0.000000 0.000000 0.000000
3419 99 CH1 0.000000 3.125000 0.018239 CH2 -0.000000 0.000000 0.000000
3453 100 CH1 0.000000 3.125000 0.018239 CH2 -0.000000 0.000000 0.000000
3486 101 CH1 0.000000 3.125000 0.018239 CH2 -0.000000 0.000000 0.000000
3520 102 CH1 0.000000 3.125000 0.018239 CH2 -0.000000 0.000000 0.000000
3553 103 CH1 0.000000 3.125000 0.018239 CH2 -0.000000 0.000000 0.000000
3587 104 CH1 0.000000 3.125000 0.018239 CH2 -0.000000 0.000000 0.000000
3621 105 CH1 0.000000 3.125000 0.018239 CH2 -0.000000 0.000000 0.000000
3655 106 CH1 0.000000 3.125000 0.018239 CH2 -0.000000 0.000000 0.000000
3688 107 CH1 0.000000 3.125000 0.018239 CH2 -0.000000 0.000000 0.000000
3722 108 CH1 0.000000 3.125000 0.018239 CH2 -0.000000 0.000000 0.000000
3756 109 CH1 0.000000 3.125000 0.018239 CH2 -0.000000 0.000000 0.000000
3789 110 CH1 0.000000 3.125000 0.018239 CH2 -0.000000 0.000000 0.000000
3823 111 CH1 0.000000 3.125000 0.018239 CH2 -0.000000 0.000000 0.000000
3857 112 CH1 0.000000 3.125000 0.018239 CH2 -0.000000 0.000000 0.000000
3890 113 CH1 0.000000 3.125000 0.018239 CH2 -0.000000 0.000000 0.000000
3924 114 CH1 0.000000 3.125000 0.018239 CH2 -0.000000 0.000000 0.000000
3958 115 CH1 0.000000 3.125000 0.018239 CH2 -0.000000 0.000000 0.000000
3991 116 CH1 0.000000 3.125000 0.018239 CH2 -0.000000 0.000000 0.000000
4025 117 CH1 0.000000 3.125000 0.018239 CH2 -0.000000 0.000000 0.000000
4059 118 CH1 0.000000 3.125000 0.018239 CH2 -0.000000 0.000000 0.000000
4092 119 CH1 0.000000 3.125000 0.018239 CH2 -0.000000 0.000000 0.000000
4126 120 CH1 0.000000 3.125000 0.018239 CH2 -0.000000 0.000000 0.000000
4160 121 CH1 0.000000 3.125000 0.018239 CH2 -0.000000 0.000000 0.000000
4194 122 CH1 0.000000 3.125000 0.018239 CH2 -0.000000 0.000000 0.000000
4227 123 CH1 0.000000 3.125000 0.018239 CH2 -0.000000 0.000000 0.000000
4261 124 CH1 0.000000 3.125000 0.018239 CH2 -0.000000 0.000000 0.000000
4295 125 CH1 0.000000 3.125000 0.018239 CH2 -0.000000 0.000000 0.000000
4328 126 CH1 0.000000 3.125000 0.018239 CH2 -0.000000 0.000000 0.000000
4362 127 CH1 0.000000 3.125000 0.018239 CH2 -0.000000 0.000000 0.000000
4396 128 CH1 0.000000 3.125000 0.018239 CH2 -0.000000 0.000000 0.000000
4430 129 CH1 0.000000 3.125000 0.018239 CH2 -0.000000 0.000000 0.000000
4464 130 CH1 0.000000 3.125000 0.018239 CH2 -0.000000 0.000000 0.000000
4498 131 CH1 0.000000 3.125000 0.018239 CH2 -0.000000 0.000000 0.000000
4532 132 CH1 0.000000 3.125000 0.018239 CH2 -0.000000 0.000000 0.000000
4565 133 CH1 0.000000 3.125000 0.018239 CH2 -0.000000 0.000000 0.000000
4599 134 CH1 0.000000 3.125000 0.018239 CH2 -0.000000 0.000000 0.000000
4632 135 CH1 0.000000 3.125000 0.018239 CH2 -0.000000 0.000000 0.000000
4666 136 CH1 0.000000 3.125000 0.018239 CH2 -0.000000 0.000000 0.000000
4700 137 CH1 0.000000 3.125000 0.018239 CH2 -0.000000 0.000000 0.000000
4733 138 CH1 0.000000 3.125000 0.018239 CH2 -0.000000 0.000000 0.000000
4767 139 CH1 0.000000 3.125000 0.018239 CH2 -0.000000 0.000000 0.000000
4801 140 CH1 0.000000 3.125000 0.018239 CH2 -0.000000 0.000000 0.000000
4835 141 CH1 0.000000 3.125000 0.018239 CH2 -0.000000 0.000000 0.000000
4868 142 CH1 0.000000 3.125000 0.018239 CH2 -0.000000 0.000000 0.000000
4902 143 CH1 0.000000 3.125000 0.018239 CH2 -0.000000 0.000000 0.000000
4936 144 CH1 0.000000 3.125000 0.018239 CH2 -0.000000 0.000000 0.000000
4970 145 CH1 0.000000 3.125000 0.018239 CH2 -0.000000 0.000000 0.000000
5003 146 CH1 0.000000 3.125000 0.018239 CH2 -0.000000 0.000000 0.000000
5038 147 CH1 0.000000 3.125000 0.018239 CH2 -0.000000 0.000000 0.000000
5071 148 CH1 0.000000 3.125000 0.018239 CH2 -0.000000 0.000000 0.000000
5105 149 CH1 0.000000 3.125000 0.018239 CH2 -0.000000 0.000000 0.000000
5139 150 CH1 0.000000 3.125000 0.018239 CH2 -0.000000 0.000000 0.000000
5172 151 CH1 0.000000 3.125000 0.018239 CH2 -0.000000 0.000000 0.000000
5206 152 CH1 0.000000 3.125000 0.018239 CH2 -0.000000 0.000000 0.000000
5240 153 CH1 0.000000 3.125000 0.018239 CH2 -0.000000 0.000000 0.000000
5273 154 CH1 0.000000 3.125000 0.018239 CH2 -0.000000 0.000000 0.000000
5307 155 CH1 0.000000 3.125000 0.018239 CH2 -0.000000 0.000000 0.000000
5341 156 CH1 0.000000 3.125000 0.018239 CH2 -0.000000 0.000000 0.000000
5374 157 CH1 0.000000 3.125000 0.018239 CH2 -0.000000 0.000000 0.000000
5408 158 CH1 0.000000 3.125000 0.018239 CH2 -0.000000 0.000000 0.000000
5442 159 CH1 0.000000 3.125000 0.018239 CH2 -0.000000 0.000000 0.000000
5475 160 CH1 0.000000 3.125000 0.018239 CH2 -0.000000 0.000000 0.000000
5509 161 CH1 0.000000 3.125000 0.018239 CH2 -0.000000 0.000000 0.000000
5543 162 CH1 0.000000 3.125000 0.018239 CH2 -0.000000 0.000000 0.000000
5577 163 CH1 0.000000 3.125000 0.018239 CH2 -0.000000 0.000000 0.000000
5610 164 CH1 0.000000 3.125000 0.018239 CH2 -0.000000 0.000000 0.000000
5644 165 CH1 0.000000 3.125000 0.018239 CH2 -0.000000 0.000000 0.000000
5678 166 CH1 0.000000 3.125000 0.018239 CH2 -0.000000 0.000000 0.000000
5711 167 CH1 0.000000 3.125000 0.018239 CH2 -0.000000 0.000000 0.000000
5745 168 CH1 0.000000 3.125000 0.018239 CH2 -0.000000 0.000000 0.000000
5779 169 CH1 0.000000 3.125000 0.018239 CH2 -0.000000 0.000000 0.000000
5812 170 CH1 0.000000 3.125000 0.018239 CH2 -0.000000 0.000000 0.000000
5846 171 CH1 0.000000 3.125000 0.018239 CH2 -0.000000 0.000000 0.000000
5879 172 CH1 0.000000 3.125000 0.018239 CH2 -0.000000 0.000000 0.000000
5913 173 CH1 0.000000 3.125000 0.018239 CH2 -0.000000 0.000000 0.000000
5947 174 CH1 0.000000 3.125000 0.018239 CH2 -0.000000 0.000000 0.000000
5981 175 CH1 0.000000 3.125000 0.018239 CH2 -0.000000 0.000000 0.000000
6014 176 CH1 0.000000 3.125000 0.018239 CH2 -0.000000 0.000000 0.000000
6048 177 CH1 0.000000 3.125000 0.018239 CH2 -0.000000 0.000000 0.000000
6082 178 CH1 0.000000 3.125000 0.018239 CH2 -0.000000 0.000000 0.000000
6116 179 CH1 0.000000 3.125000 0.018239 CH2 -0.000000 0.000000 0.000000
6149 180 CH1 0.000000 3.125000 0.018239 CH2 -0.000000 0.000000 0.000000
6183 181 CH1 0.000000 3.125000 0.018239 CH2 -0.000000 0.000000 0.000000
6217 182 CH1 0.000000 3.125000 0.018239 CH2 -0.000000 0.000000 0.000000
6251 183 CH1 0.000000 3.125000 0.018239 CH2 -0.000000 0.000000 0.000000
6285 184 CH1 0.000000 3.125000 0.018239 CH2 -0.000000 0.000000 0.000000
6319 185 CH1 0.000000 3.125000 0.018239 CH2 -0.000000 0.000000 0.000000
6352 186 CH1 0.000000 3.125000 0.018239 CH2 -0.000000 0.000000 0.000000
6386 187 CH1 0.000000 3.125000 0.018239 CH2 -0.000000 0.000000 0.000000
6420 188 CH1 0.000000 3.125000 0.018239 CH2 -0.000000 0.000000 0.000000
6453 189 CH1 0.000000 3.125000 0.018239 CH2 -0.000000 0.000000 0.000000
6487 190 CH1 0.000000 3.125000 0.018239 CH2 -0.000000 0.000000 0.000000
6521 191 CH1 0.000000 3.125000 0.018239 CH2 -0.000000 0.000000 0.000000
6554 192 CH1 0.000000 3.125000 0.018239 CH2 -0.000000 0.000000 0.000000
6588 193 CH1 0.000000 3.125000 0.018239 CH2 -0.000000 0.000000 0.000000
6622 194 CH1 0.000000 3.125000 0.018239 CH2 -0.000000 0.000000 0.000000
6655 195 CH1 0.000000 3.125000 0.018239 CH2 -0.000000 0.000000 0.000000
6689 196 CH1 0.000000 3.125000 0.018239 CH2 -0.000000 0.000000 0.000000
6723 197 CH1 0.000000 3.125000 0.018239 CH2 -0.000000 0.000000 0.000000
6757 198 CH1 0.000000 3.125000 0.018239 CH2 -0.000000 0.000000 0.000000
6790 199 CH1 0.000000 3.125000 0.018239 CH2 -0.000000 0.000000 0.000000
6824 200 CH1 0.000000 3.125000 0.018239 CH2 -0.000000 0.000000 0.000000
6858 201 CH1 0.000000 3.125000 0.017996 CH2 -0.000000 0.000000 0.000000
6892 202 CH1 0.000000 3.125000 0.017996 CH2 -0.000000 0.000000 0.000000
6926 203 CH1 0.000000 3.125000 0.017996 CH2 -0.000000 0.000000 0.000000
6960 204 CH1 0.000000 3.125000 0.017996 CH2 -0.000000 0.000000 0.000000
6993 205 CH1 0.000000 3.125000 0.017996 CH2 -0.000000 0.000000 0.000000
7028 206 CH1 0.000000 3.125000 0.017996 CH2 -0.000000 0.000000 0.000000
7061 207 CH1 0.000000 3.125000 0.017996 CH2 -0.000000 0.000000 0.000000
7095 208 CH1 0.000000 3.125000 0.017996 CH2 -0.000000 0.000000 0.000000
7129 209 CH1 0.000000 3.125000 0.017996 CH2 -0.000000 0.000000 0.000000
7163 210 CH1 0.000000 3.125000 0.017996 CH2 -0.000000 0.000000 0.000000
7197 211 CH1 0.000000 3.125000 0.017996 CH2 -0.000000 0.000000 0.000000
7231 212 CH1 0.000000 3.125000 0.017996 CH2 -0.000000 0.000000 0.000000
7264 213 CH1 0.000000 3.125000 0.017996 CH2 -0.000000 0.000000 0.000000
7298 214 CH1 0.000000 3.125000 0.017996 CH2 -0.000000 0.000000 0.000000
7332 215 CH1 0.000000 3.125000 0.017996 CH2 -0.000000 0.000000 0.000000
7366 216 CH1 0.000000 3.125000 0.017996 CH2 -0.000000 0.000000 0.000000
7400 217 CH1 0.000000 3.125000 0.017996 CH2 -0.000000 0.000000 0.000000
7434 218 CH1 0.000000 3.125000 0.017996 CH2 -0.000000 0.000000 0.000000
7468 219 CH1 0.000000 3.125000 0.017996 CH2 -0.000000 0.000000 0.000000
7501 220 CH1 0.000000 3.125000 0.012889 CH2 -0.000000 0.000000 0.000000
7535 221 CH1 0.000000 3.125000 0.012889 CH2 -0.000000 0.000000 0.000000
7569 222 CH1 0.000000 3.125000 0.012889 CH2 -0.000000 0.000000 0.000000
7603 223 CH1 0.000000 2.031250 0.008755 CH2 -0.000000 0.000000 0.000000
7637 224 CH1 0.000000 2.031250 0.008755 CH2 -0.000000 0.000000 0.000000
7671 225 CH1 0.000000 2.031250 0.008755 CH2 -0.000000 0.000000 0.000000
7704 226 CH1 0.000000 2.031250 0.008755 CH2 -0.000000 0.000000 0.000000
7738 227 CH1 0.000000 2.031250 0.008755 CH2 -0.000000 0.000000 0.000000
7772 228 CH1 0.000000 2.031250 0.008755 CH2 -0.000000 0.000000 0.000000
7806 229 CH1 0.000000 2.031250 0.008755 CH2 -0.000000 0.000000 0.000000
7840 230 CH1 0.000000 2.031250 0.008755 CH2 -0.000000 0.000000 0.000000
7874 231 CH1 0.000000 2.031250 0.008755 CH2 -0.000000 0.000000 0.000000
7907 232 CH1 0.000000 2.031250 0.008755 CH2 -0.000000 0.000000 0.000000
7941 233 CH1 0.000000 2.031250 0.008755 CH2 -0.000000 0.000000 0.000000
7975 234 CH1 0.000000 2.031250 0.008755 CH2 -0.000000 0.000000 0.000000
8009 235 CH1 0.000000 2.031250 0.008755 CH2 -0.000000 0.000000 0.000000
8042 236 CH1 0.000000 2.031250 0.008755 CH2 -0.000000 0.000000 0.000000
8076 237 CH1 0.000000 2.031250 0.008755 CH2 -0.000000 0.000000 0.000000
8110 238 CH1 0.000000 2.031250 0.008755 CH2 -0.000000 0.000000 0.000000
8143 239 CH1 0.000000 2.031250 0.008755 CH2 -0.000000 0.000000 0.000000
8178 240 CH1 0.000000 2.031250 0.008755 CH2 -0.000000 0.000000 0.000000
8211 241 CH1 0.000000 2.031250 0.008755 CH2 -0.000000 0.000000 0.000000
8245 242 CH1 0.000000 2.031250 0.003161 CH2 -0.000000 0.000000 0.000000
8278 243 CH1 0.000000 2.031250 0.003161 CH2 -0.000000 0.000000 0.000000
8312 244 CH1 0.000000 1.093750 0.001702 CH2 -0.000000 0.000000 0.000000
8345 245 CH1 0.000000 1.093750 0.001702 CH2 -0.000000 0.000000 0.000000
8379 246 CH1 0.000000 1.093750 0.001702 CH2 -0.000000 0.000000 0.000000
8413 247 CH1 0.000000 1.093750 0.001702 CH2 -0.000000 0.000000 0.000000
8446 248 CH1 0.000000 1.093750 0.001702 CH2 -0.000000 0.000000 0.000000
8479 249 CH1 0.000000 1.093750 0.001702 CH2 -0.000000 0.000000 0.000000
8513 250 CH1 0.000000 1.093750 0.001702 CH2 -0.000000 0.000000 0.000000
8546 251 CH1 0.000000 1.093750 0.001702 CH2 -0.000000 0.000000 0.000000
8579 252 CH1 0.000000 1.093750 0.001702 CH2 -0.000000 0.000000 0.000000
8613 253 CH1 0.000000 1.093750 0.001702 CH2 -0.000000 0.000000 0.000000
8646 254 CH1 0.000000 1.093750 0.001702 CH2 -0.000000 0.000000 0.000000
8680 255 CH1 0.000000 1.093750 0.001702 CH2 -0.000000 0.000000 0.000000
8713 256 CH1 0.000000 1.093750 0.001702 CH2 -0.000000 0.000000 0.000000
8746 257 CH1 0.000000 1.093750 0.001702 CH2 -0.000000 0.000000 0.000000
8780 258 CH1 0.000000 1.093750 0.001702 CH2 -0.000000 0.000000 0.000000
8813 259 CH1 0.000000 1.093750 0.001702 CH2 -0.000000 0.000000 0.000000
8847 260 CH1 0.000000 1.093750 0.001702 CH2 -0.000000 0.000000 0.000000
8880 261 CH1 0.000000 1.093750 0.001702 CH2 -0.000000 0.000000 0.000000
8913 262 CH1 0.000000 1.093750 0.001702 CH2 -0.000000 0.000000 0.000000
8947 263 CH1 -0.000000 1.093750 0.000243 CH2 -0.000000 0.000000 0.000000
8981 264 CH1 -0.000000 1.093750 0.000243 CH2 -0.000000 0.000000 0.000000
9015 265 CH1 -0.000000 1.093750 0.000243 CH2 -0.000000 0.000000 0.000000
9048 266 CH1 -0.000000 0.625000 0.000243 CH2 -0.000000 0.000000 0.000000
9082 267 CH1 -0.000000 0.625000 0.000243 CH2 -0.000000 0.000000 0.000000
9116 268 CH1 -0.000000 0.625000 0.000243 CH2 -0.000000 0.000000 0.000000
9149 269 CH1 -0.000000 0.625000 0.000243 CH2 -0.000000 0.000000 0.000000
9183 270 CH1 -0.000000 0.625000 0.000243 CH2 -0.000000 0.000000 0.000000
9217 271 CH1 -0.000000 0.625000 0.000243 CH2 -0.000000 0.000000 0.000000
9251 272 CH1 -0.000000 0.625000 0.000243 CH2 -0.000000 0.000000 0.000000
9285 273 CH1 -0.000000 0.625000 0.000243 CH2 -0.000000 0.000000 0.000000
9319 274 CH1 -0.000000 0.625000 0.000243 CH2 -0.000000 0.000000 0.000000
9352 275 CH1 -0.000000 0.625000 0.000243 CH2 -0.000000 0.000000 0.000000
9387 276 CH1 -0.000000 0.625000 0.000243 CH2 -0.000000 0.000000 0.000000
9420 277 CH1 -0.000000 0.625000 0.000243 CH2 -0.000000 0.000000 0.000000
9454 278 CH1 -0.000000 0.625000 0.000243 CH2 -0.000000 0.000000 0.000000
9487 279 CH1 -0.000000 0.625000 0.000243 CH2 -0.000000 0.000000 0.000000
9521 280 CH1 -0.000000 0.625000 0.000243 CH2 -0.000000 0.000000 0.000000
9555 281 CH1 -0.000000 0.625000 0.000243 CH2 -0.000000 0.000000 0.000000
9589 282 CH1 -0.000000 0.625000 0.000243 CH2 -0.000000 0.000000 0.000000
9622 283 CH1 -0.000000 0.625000 0.000243 CH2 -0.000000 0.000000 0.000000
9656 284 CH1 -0.000000 0.625000 0.000243 CH2 -0.000000 0.000000 0.000000
9689 285 CH1 -0.000000 0.625000 0.000486 CH2 -0.000000 0.000000 0.000000
9723 286 CH1 -0.000000 0.625000 0.000486 CH2 -0.000000 0.000000 0.000000
9757 287 CH1 -0.000000 0.468750 0.000243 CH2 -0.000000 0.000000 0.000000
9791 288 CH1 -0.000000 0.468750 0.000243 CH2 -0.000000 0.000000 0.000000
9825 289 CH1 -0.000000 0.468750 0.000243 CH2 -0.000000 0.000000 0.000000
9858 290 CH1 -0.000000 0.468750 0.000243 CH2 -0.000000 0.000000 0.000000
9892 291 CH1 -0.000000 0.468750 0.000243 CH2 -0.000000 0.000000 0.000000
9926 292 CH1 -0.000000 0.468750 0.000243 CH2 -0.000000 0.000000 0.000000
9960 293 CH1 -0.000000 0.468750 0.000243 CH2 -0.000000 0.000000 0.000000
9994 294 CH1 -0.000000 0.468750 0.000243 CH2 -0.000000 0.000000 0.000000
10028 295 CH1 -0.000000 0.468750 0.000243 CH2 -0.000000 0.000000 0.000000
10062 296 CH1 -0.000000 0.468750 0.000243 CH2 -0.000000 0.000000 0.000000
10096 297 CH1 -0.000000 0.468750 0.000243 CH2 -0.000000 0.000000 0.000000
10130 298 CH1 -0.000000 0.468750 0.000243 CH2 -0.000000 0.000000 0.000000
10164 299 CH1 -0.000000 0.468750 0.000243 CH2 -0.000000 0.000000 0.000000
10198 300 CH1 -0.000000 0.468750 0.000243 CH2 -0.000000 0.000000 0.000000
10232 301 CH1 -0.000000 0.468750 0.000243 CH2 -0.000000 0.000000 0.000000
10266 302 CH1 -0.000000 0.468750 0.000243 CH2 -0.000000 0.000000 0.000000
10301 303 CH1 -0.000000 0.468750 0.000243 CH2 -0.000000 0.000000 0.000000
10335 304 CH1 -0.000000 0.468750 0.000243 CH2 -0.000000 0.000000 0.000000
10369 305 CH1 -0.000000 0.468750 0.000243 CH2 -0.000000 0.000000 0.000000
10403 306 CH1 -0.000000 0.468750 0.000243 CH2 -0.000000 0.000000 0.000000
10437 307 CH1 -0.000000 0.468750 0.000243 CH2 -0.000000 0.000000 0.000000
10471 308 CH1 -0.000000 0.468750 0.000243 CH2 -0.000000 0.000000 0.000000
10505 309 CH1 -0.000000 0.312500 0.000243 CH2 -0.000000 0.000000 0.000000
10539 310 CH1 -0.000000 0.312500 0.000243 CH2 -0.000000 0.000000 0.000000
10572 311 CH1 -0.000000 0.312500 0.000243 CH2 -0.000000 0.000000 0.000000
10606 312 CH1 -0.000000 0.312500 0.000243 CH2 -0.000000 0.000000 0.000000
10640 313 CH1 -0.000000 0.312500 0.000243 CH2 -0.000000 0.000000 0.000000
10674 314 CH1 -0.000000 0.312500 0.000243 CH2 -0.000000 0.000000 0.000000
10708 315 CH1 -0.000000 0.312500 0.000243 CH2 -0.000000 0.000000 0.000000
10742 316 CH1 -0.000000 0.312500 0.000243 CH2 -0.000000 0.000000 0.000000
10775 317 CH1 -0.000000 0.312500 0.000243 CH2 -0.000000 0.000000 0.000000
10809 318 CH1 -0.000000 0.312500 0.000243 CH2 -0.000000 0.000000 0.000000
10843 319 CH1 -0.000000 0.312500 0.000243 CH2 -0.000000 0.000000 0.000000
10877 320 CH1 -0.000000 0.312500 0.000243 CH2 -0.000000 0.000000 0.000000
10911 321 CH1 -0.000000 0.312500 0.000243 CH2 -0.000000 0.000000 0.000000
10944 322 CH1 -0.000000 0.312500 0.000243 CH2 -0.000000 0.000000 0.000000
10978 323 CH1 -0.000000 0.312500 0.000243 CH2 -0.000000 0.000000 0.000000
11012 324 CH1 -0.000000 0.312500 0.000243 CH2 -0.000000 0.000000 0.000000
11046 325 CH1 -0.000000 0.312500 0.000243 CH2 -0.000000 0.000000 0.000000
11080 326 CH1 -0.000000 0.312500 0.000243 CH2 -0.000000 0.000000 0.000000
11114 327 CH1 -0.000000 0.312500 0.000243 CH2 -0.000000 0.000000 0.000000
11148 328 CH1 -0.000000 0.312500 0.000243 CH2 -0.000000 0.000000 0.000000
11181 329 CH1 -0.000000 0.312500 0.000243 CH2 -0.000000 0.000000 0.000000
11215 330 CH1 -0.000000 0.156250 0.000000 CH2 -0.000000 0.000000 0.000000
11248 331 CH1 -0.000000 0.156250 0.000000 CH2 -0.000000 0.000000 0.000000
11282 332 CH1 -0.000000 0.156250 0.000000 CH2 -0.000000 0.000000 0.000000
11315 333 CH1 -0.000000 0.156250 0.000000 CH2 -0.000000 0.000000 0.000000
11348 334 CH1 -0.000000 0.156250 0.000000 CH2 -0.000000 0.000000 0.000000
11381 335 CH1 -0.000000 0.156250 0.000000 CH2 -0.000000 0.000000 0.000000
11414 336 CH1 -0.000000 0.156250 0.000000 CH2 -0.000000 0.000000 0.000000
11448 337 CH1 -0.000000 0.156250 0.000000 CH2 -0.000000 0.000000 0.000000
11481 338 CH1 -0.000000 0.156250 0.000000 CH2 -0.000000 0.000000 0.000000
11514 339 CH1 -0.000000 0.156250 0.000000 CH2 -0.000000 0.000000 0.000000
11547 340 CH1 -0.000000 0.156250 0.000000 CH2 -0.000000 0.000000 0.000000
11580 341 CH1 -0.000000 0.156250 0.000000 CH2 -0.000000 0.000000 0.000000
11614 342 CH1 -0.000000 0.156250 0.000000 CH2 -0.000000 0.000000 0.000000
11647 343 CH1 -0.000000 0.156250 0.000000 CH2 -0.000000 0.000000 0.000000
11680 344 CH1 -0.000000 0.156250 0.000000 CH2 -0.000000 0.000000 0.000000
11713 345 CH1 -0.000000 0.156250 0.000000 CH2 -0.000000 0.000000 0.000000
11746 346 CH1 -0.000000 0.156250 0.000000 CH2 -0.000000 0.000000 0.000000
11780 347 CH1 -0.000000 0.156250 0.000000 CH2 -0.000000 0.000000 0.000000
11813 348 CH1 -0.000000 0.156250 0.000000 CH2 -0.000000 0.000000 0.000000
11846 349 CH1 -0.000000 0.156250 0.000000 CH2 -0.000000 0.000000 0.000000
11879 350 CH1 -0.000000 0.156250 0.000000 CH2 -0.000000 0.000000 0.000000
11912 351 CH1 -0.000000 0.156250 0.000000 CH2 -0.000000 0.000000 0.000000
11946 352 CH1 -0.000000 0.156250 0.000000 CH2 -0.000000 0.000000 0.000000
11979 353 CH1 -0.000000 0.156250 0.000000 CH2 -0.000000 0.000000 0.000000
12012 354 CH1 -0.000000 0.156250 0.000000 CH2 -0.000000 0.000000 0.000000
12045 355 CH1 -0.000000 0.156250 0.000000 CH2 -0.000000 0.000000 0.000000
12078 356 CH1 -0.000000 0.156250 0.000000 CH2 -0.000000 0.000000 0.000000
12112 357 CH1 -0.000000 0.156250 0.000000 CH2 -0.000000 0.000000 0.000000
12145 358 CH1 -0.000000 0.156250 0.000000 CH2 -0.000000 0.000000 0.000000
12178 359 CH1 -0.000000 0.156250 0.000000 CH2 -0.000000 0.000000 0.000000
12211 360 CH1 -0.000000 0.156250 0.000000 CH2 -0.000000 0.000000 0.000000
12244 361 CH1 -0.000000 0.156250 0.000000 CH2 -0.000000 0.000000 0.000000
12278 362 CH1 -0.000000 0.156250 0.000000 CH2 -0.000000 0.000000 0.000000
12311 363 CH1 -0.000000 0.156250 0.000000 CH2 -0.000000 0.000000 0.000000
12344 364 CH1 -0.000000 0.156250 0.000000 CH2 -0.000000 0.000000 0.000000
12377 365 CH1 -0.000000 0.156250 0.000000 CH2 -0.000000 0.000000 0.000000
12411 366 CH1 -0.000000 0.156250 0.000000 CH2 -0.000000 0.000000 0.000000
12444 367 CH1 -0.000000 0.156250 0.000000 CH2 -0.000000 0.000000 0.000000
12477 368 CH1 -0.000000 0.156250 0.000000 CH2 -0.000000 0.000000 0.000000
12510 369 CH1 -0.000000 0.156250 0.000000 CH2 -0.000000 0.000000 0.000000
12543 370 CH1 -0.000000 0.156250 0.000000 CH2 -0.000000 0.000000 0.000000
12577 371 CH1 -0.000000 0.156250 0.000000 CH2 -0.000000 0.000000 0.000000
12610 372 CH1 -0.000000 0.156250 0.000000 CH2 -0.000000 0.000000 0.000000
12643 373 CH1 -0.000000 0.156250 0.000000 CH2 -0.000000 0.000000 0.000000
12676 374 CH1 -0.000000 0.156250 0.000000 CH2 -0.000000 0.000000 0.000000
12709 375 CH1 -0.000000 0.156250 0.000000 CH2 -0.000000 0.000000 0.000000
12742 376 CH1 -0.000000 0.156250 0.000000 CH2 -0.000000 0.000000 0.000000
12776 377 CH1 -0.000000 0.156250 0.000000 CH2 -0.000000 0.000000 0.000000
12809 378 CH1 -0.000000 0.156250 0.000000 CH2 -0.000000 0.000000 0.000000
12842 379 CH1 -0.000000 0.156250 0.000000 CH2 -0.000000 0.000000 0.000000
12875 380 CH1 -0.000000 0.156250 0.000000 CH2 -0.000000 0.000000 0.000000
12908 381 CH1 -0.000000 0.156250 0.000000 CH2 -0.000000 0.000000 0.000000
12942 382 CH1 -0.000000 0.156250 0.000000 CH2 -0.000000 0.000000 0.000000
12975 383 CH1 -0.000000 0.156250 0.000000 CH2 -0.000000 0.000000 0.000000
13008 384 CH1 -0.000000 0.156250 0.000000 CH2 -0.000000 0.000000 0.000000
13041 385 CH1 -0.000000 0.156250 0.000000 CH2 -0.000000 0.000000 0.000000
13074 386 CH1 -0.000000 0.156250 0.000000 CH2 -0.000000 0.000000 0.000000
13108 387 CH1 -0.000000 0.156250 0.000000 CH2 -0.000000 0.000000 0.000000
13141 388 CH1 -0.000000 0.156250 0.000000 CH2 -0.000000 0.000000 0.000000
13174 389 CH1 -0.000000 0.156250 0.000000 CH2 -0.000000 0.000000 0.000000
13207 390 CH1 -0.000000 0.156250 0.000000 CH2 -0.000000 0.000000 0.000000
13240 391 CH1 -0.000000 0.156250 0.000000 CH2 -0.000000 0.000000 0.000000
13274 392 CH1 -0.000000 0.156250 0.000000 CH2 -0.000000 0.000000 0.000000
13307 393 CH1 -0.000000 0.156250 0.000000 CH2 -0.000000 0.000000 0.000000
13340 394 CH1 -0.000000 0.156250 0.000000 CH2 -0.000000 0.000000 0.000000
13373 395 CH1 -0.000000 0.156250 0.000000 CH2 -0.000000 0.000000 0.000000
13406 396 CH1 -0.000000 0.156250 0.000000 CH2 -0.000000 0.000000 0.000000
13440 397 CH1 -0.000000 0.156250 0.000000 CH2 -0.000000 0.000000 0.000000
13473 398 CH1 -0.000000 0.156250 0.000000 CH2 -0.000000 0.000000 0.000000
13506 399 CH1 -0.000000 0.156250 0.000000 CH2 -0.000000 0.000000 0.000000
13539 400 CH1 -0.000000 0.156250 0.000000 CH2 -0.000000 0.000000 0.000000
13572 401 CH1 -0.000000 0.156250 0.000000 CH2 -0.000000 0.000000 0.000000
13606 402 CH1 -0.000000 0.156250 0.000000 CH2 -0.000000 0.000000 0.000000
13639 403 CH1 -0.000000 0.156250 0.000000 CH2 -0.000000 0.000000 0.000000
13672 404 CH1 -0.000000 0.156250 0.000000 CH2 -0.000000 0.000000 0.000000
13705 405 CH1 -0.000000 0.156250 0.000000 CH2 -0.000000 0.000000 0.000000
13739 406 CH1 -0.000000 0.156250 0.000000 CH2 -0.000000 0.000000 0.000000
13772 407 CH1 -0.000000 0.156250 0.000000 CH2 -0.000000 0.000000 0.000000
13805 408 CH1 -0.000000 0.156250 0.000000 CH2 -0.000000 0.000000 0.000000
13838 409 CH1 -0.000000 0.156250 0.000000 CH2 -0.000000 0.000000 0.000000
13871 410 CH1 -0.000000 0.156250 0.000000 CH2 -0.000000 0.000000 0.000000
13905 411 CH1 -0.000000 0.156250 0.000000 CH2 -0.000000 0.000000 0.000000
13938 412 CH1 -0.000000 0.156250 0.000000 CH2 -0.000000 0.000000 0.000000
13971 413 CH1 -0.000000 0.156250 0.000000 CH2 -0.000000 0.000000 0.000000
14004 414 CH1 -0.000000 0.156250 0.000000 CH2 -0.000000 0.000000 0.000000
14037 415 CH1 -0.000000 0.000000 0.000000 CH2 -0.000000 0.000000 0.000000
14069 416 CH1 -0.000000 0.000000 0.000000 CH2 -0.000000 0.000000 0.000000
14100 417 CH1 -0.000000 0.000000 0.000000 CH2 -0.000000 0.000000 0.000000
14132 418 CH1 -0.000000 0.000000 0.000000 CH2 -0.000000 0.000000 0.000000
14164 419 CH1 -0.000000 0.000000 0.000000 CH2 -0.000000 0.000000 0.000000
14195 420 CH1 -0.000000 0.000000 0.000000 CH2 -0.000000 0.000000 0.000000
14227 421 CH1 -0.000000 0.000000 0.000000 CH2 -0.000000 0.000000 0.000000
14259 422 CH1 -0.000000 0.000000 0.000000 CH2 -0.000000 0.000000 0.000000
14291 423 CH1 -0.000000 0.000000 0.000000 CH2 -0.000000 0.000000 0.000000
14322 424 CH1 -0.000000 0.000000 0.000000 CH2 -0.000000 0.000000 0.000000
14355 425 CH1 -0.000000 0.000000 0.000000 CH2 -0.000000 0.000000 0.000000
14386 426 CH1 -0.000000 0.000000 0.000000 CH2 -0.000000 0.000000 0.000000
14418 427 CH1 -0.000000 0.000000 0.000000 CH2 -0.000000 0.000000 0.000000
14450 428 CH1 -0.000000 0.000000 0.000000 CH2 -0.000000 0.000000 0.000000
14482 429 CH1 -0.000000 0.000000 0.000000 CH2 -0.000000 0.000000 0.000000
14514 430 CH1 -0.000000 0.000000 0.000000 CH2 -0.000000 0.000000 0.000000
14546 431 CH1 -0.000000 0.000000 0.000000 CH2 -0.000000 0.000000 0.000000
14577 432 CH1 -0.000000 0.000000 0.000000 CH2 -0.000000 0.000000 0.000000
14609 433 CH1 -0.000000 0.000000 0.000000 CH2 -0.000000 0.000000 0.000000
14641 434 CH1 -0.000000 0.000000 0.000000 CH2 -0.000000 0.000000 0.000000
14673 435 CH1 -0.000000 0.000000 0.000000 CH2 -0.000000 0.000000 0.000000
14705 436 CH1 -0.000000 0.000000 0.000000 CH2 -0.000000 0.000000 0.000000
14736 437 CH1 -0.000000 0.000000 0.000000 CH2 -0.000000 0.000000 0.000000
14769 438 CH1 -0.000000 0.000000 0.000000 CH2 -0.000000 0.000000 0.000000
14801 439 CH1 -0.000000 0.000000 0.000000 CH2 -0.000000 0.000000 0.000000
14832 440 CH1 -0.000000 0.000000 0.000000 CH2 -0.000000 0.000000 0.000000
14864 441 CH1 -0.000000 0.000000 0.000000 CH2 -0.000000 0.000000 0.000000
14896 442 CH1 -0.000000 0.000000 0.000000 CH2 -0.000000 0.000000 0.000000
14928 443 CH1 -0.000000 0.000000 0.000000 CH2 -0.000000 0.000000 0.000000
14960 444 CH1 -0.000000 0.000000 0.000000 CH2 -0.000000 0.000000 0.000000
14991 445 CH1 -0.000000 0.000000 0.000000 CH2 -0.000000 0.000000 0.000000
15023 446 CH1 -0.000000 0.000000 0.000000 CH2 -0.000000 0.000000 0.000000
15055 447 CH1 -0.000000 0.000000 0.000000 CH2 -0.000000 0.000000 0.000000
15087 448 CH1 -0.000000 0.000000 0.000000 CH2 -0.000000 0.000000 0.000000
15118 449 CH1 -0.000000 0.000000 0.000000 CH2 -0.000000 0.000000 0.000000
15150 450 CH1 -0.000000 0.000000 0.000000 CH2 -0.000000 0.000000 0.000000
15182 451 CH1 -0.000000 0.000000 0.000000 CH2 -0.000000 0.000000 0.000000
15214 452 CH1 -0.000000 0.000000 0.000000 CH2 -0.000000 0.000000 0.000000
15246 453 CH1 -0.000000 0.000000 0.000000 CH2 -0.000000 0.000000 0.000000
15278 454 CH1 -0.000000 0.000000 0.000000 CH2 -0.000000 0.000000 0.000000
15310 455 CH1 -0.000000 0.000000 0.000000 CH2 -0.000000 0.000000 0.000000
15342 456 CH1 -0.000000 0.000000 0.000000 CH2 -0.000000 0.000000 0.000000
15373 457 CH1 -0.000000 0.000000 0.000000 CH2 -0.000000 0.000000 0.000000
15405 458 CH1 -0.000000 0.000000 0.000000 CH2 -0.000000 0.000000 0.000000
15437 459 CH1 -0.000000 0.000000 0.000000 CH2 -0.000000 0.000000 0.000000
15469 460 CH1 -0.000000 0.000000 0.000000 CH2 -0.000000 0.000000 0.000000
15501 461 CH1 -0.000000 0.000000 0.000000 CH2 -0.000000 0.000000 0.000000
15532 462 CH1 -0.000000 0.000000 0.000000 CH2 -0.000000 0.000000 0.000000
15564 463 