11 1 CH1 0.400000 3.281250 1.306663 FPGA_VCCINT 0.006194 1.093750 0.006643
50 2 CH1 0.400000 3.281250 1.306663 FPGA_VCCINT 0.006194 1.093750 0.006643
89 3 CH1 0.400000 3.281250 1.306663 FPGA_VCCINT 0.006194 1.093750 0.006643
127 4 CH1 0.400000 3.281250 1.306663 FPGA_VCCINT 0.006194 1.093750 0.006643
166 5 CH1 0.400000 3.281250 1.306663 FPGA_VCCINT 0.006194 1.093750 0.006643
205 6 CH1 0.400000 3.281250 1.306663 FPGA_VCCINT 0.006194 1.093750 0.006643
244 7 CH1 0.400000 3.281250 1.306663 FPGA_VCCINT 0.006194 1.093750 0.006643
283 8 CH1 0.400000 3.281250 1.306663 FPGA_VCCINT 0.006194 1.093750 0.006643
322 9 CH1 0.400000 3.281250 1.306663 FPGA_VCCINT 0.006194 1.093750 0.006643
361 10 CH1 0.400000 3.281250 1.306663 FPGA_VCCINT 0.006194 1.093750 0.006643
400 11 CH1 0.400000 3.281250 1.306663 FPGA_VCCINT 0.006194 1.093750 0.006643
439 12 CH1 0.400000 3.281250 1.306663 FPGA_VCCINT 0.006194 1.093750 0.006643
478 13 CH1 0.400000 3.281250 1.306663 FPGA_VCCINT 0.006194 1.093750 0.006643
518 14 CH1 0.400000 3.281250 1.306663 FPGA_VCCINT 0.006194 1.093750 0.006643
557 15 CH1 0.400000 3.281250 1.306663 FPGA_VCCINT 0.006194 1.093750 0.006643
596 16 CH1 0.400000 3.281250 1.306663 FPGA_VCCINT 0.006194 1.093750 0.006643
635 17 CH1 0.400000 3.281250 1.306663 FPGA_VCCINT 0.006194 1.093750 0.006643
674 18 CH1 0.400000 3.281250 1.306663 FPGA_VCCINT 0.006194 1.093750 0.006643
713 19 CH1 0.400000 3.281250 1.306663 FPGA_VCCINT 0.006194 1.093750 0.006643
752 20 CH1 0.400000 3.281250 1.306663 FPGA_VCCINT 0.006194 1.093750 0.006643
792 21 CH1 0.400000 3.281250 1.306663 FPGA_VCCINT 0.006194 1.093750 0.006643
831 22 CH1 0.400000 3.281250 1.306663 FPGA_VCCINT 0.006194 1.093750 0.006643
870 23 CH1 0.400000 3.281250 1.306663 FPGA_VCCINT 0.006194 1.093750 0.006643
909 24 CH1 0.400000 3.281250 1.306663 FPGA_VCCINT 0.006194 1.093750 0.006643
948 25 CH1 0.400000 3.281250 1.306663 FPGA_VCCINT 0.006194 1.093750 0.006643
987 26 CH1 0.400000 3.281250 1.306663 FPGA_VCCINT 0.006194 1.093750 0.006643
1027 27 CH1 0.400000 3.281250 1.306663 FPGA_VCCINT 0.006194 1.093750 0.006643
1066 28 CH1 0.400000 3.281250 1.306663 FPGA_VCCINT 0.006194 1.093750 0.006643
1105 29 CH1 0.400000 3.281250 1.306663 FPGA_VCCINT 0.006194 1.093750 0.006643
1145 30 CH1 0.400000 3.281250 1.306663 FPGA_VCCINT 0.006194 1.093750 0.006643
1184 31 CH1 0.400000 3.281250 1.306663 FPGA_VCCINT 0.006194 1.093750 0.006643
1224 32 CH1 0.400000 3.281250 1.306663 FPGA_VCCINT 0.006194 1.093750 0.006643
1263 33 CH1 0.400000 3.281250 1.306663 FPGA_VCCINT 0.006194 1.093750 0.006643
1303 34 CH1 0.400000 3.281250 1.306663 FPGA_VCCINT 0.006194 1.093750 0.006643
1342 35 CH1 0.400000 3.281250 1.306663 FPGA_VCCINT 0.006194 1.093750 0.006643
1382 36 CH1 0.400000 3.281250 1.306663 FPGA_VCCINT 0.006194 1.093750 0.006643
1422 37 CH1 0.400000 3.281250 1.306663 FPGA_VCCINT 0.006194 1.093750 0.006643
1461 38 CH1 0.400000 3.281250 1.306663 FPGA_VCCINT 0.006194 1.093750 0.006643
1501 39 CH1 0.400000 3.281250 1.306663 FPGA_VCCINT 0.006194 1.093750 0.006643
1540 40 CH1 0.400000 3.281250 1.306663 FPGA_VCCINT 0.006194 1.093750 0.006643
1579 41 CH1 0.400000 3.281250 1.306663 FPGA_VCCINT 0.006194 1.093750 0.006643
1619 42 CH1 0.400000 3.281250 1.306663 FPGA_VCCINT 0.006194 1.093750 0.006643
1658 43 CH1 0.400000 3.281250 1.306663 FPGA_VCCINT 0.006194 1.093750 0.006643
1698 44 CH1 0.400000 3.281250 1.306663 FPGA_VCCINT 0.006194 1.093750 0.006643
1737 45 CH1 0.400000 3.281250 1.306663 FPGA_VCCINT 0.006194 1.093750 0.006643
1777 46 CH1 0.400000 3.281250 1.306663 FPGA_VCCINT 0.006194 1.093750 0.006643
1815 47 CH1 -0.406349 3.281250 1.306663 FPGA_VCCINT 0.000000 1.093750 0.000000
1853 48 CH1 -0.057143 3.281250 0.183852 FPGA_VCCINT 0.000000 1.093750 0.000000
1890 49 CH1 -0.057143 3.281250 0.183852 FPGA_VCCINT 0.000000 1.093750 0.000000
1928 50 CH1 0.044444 3.281250 0.142996 FPGA_VCCINT 0.000000 1.093750 0.000000
1965 51 CH1 0.069841 3.281250 0.224708 FPGA_VCCINT 0.000000 1.093750 0.000000
2002 52 CH1 0.069841 3.281250 0.224708 FPGA_VCCINT 0.000000 1.093750 0.000000
2039 53 CH1 0.069841 3.281250 0.224708 FPGA_VCCINT 0.000000 1.093750 0.000000
2077 54 CH1 0.069841 3.281250 0.224708 FPGA_VCCINT 0.000000 1.093750 0.000000
2114 55 CH1 0.069841 3.281250 0.224708 FPGA_VCCINT 0.000000 1.093750 0.000000
2151 56 CH1 0.069841 3.281250 0.224708 FPGA_VCCINT 0.000000 1.093750 0.000000
2188 57 CH1 0.069841 3.281250 0.224708 FPGA_VCCINT 0.000000 1.093750 0.000000
2225 58 CH1 0.076190 3.281250 0.245136 FPGA_VCCINT 0.000000 1.093750 0.000000
2262 59 CH1 0.076190 3.281250 0.245136 FPGA_VCCINT 0.000000 1.093750 0.000000
2299 60 CH1 0.069841 3.281250 0.224708 FPGA_VCCINT 0.000000 1.093750 0.000000
2336 61 CH1 0.069841 3.281250 0.224708 FPGA_VCCINT 0.000000 1.093750 0.000000
2374 62 CH1 0.076190 3.281250 0.245136 FPGA_VCCINT 0.000000 1.093750 0.000000
2411 63 CH1 0.076190 3.281250 0.245136 FPGA_VCCINT 0.000000 1.093750 0.000000
2448 64 CH1 0.069841 3.281250 0.224708 FPGA_VCCINT 0.000000 1.093750 0.000000
2485 65 CH1 0.069841 3.281250 0.224708 FPGA_VCCINT 0.000000 1.093750 0.000000
2522 66 CH1 0.069841 3.281250 0.224708 FPGA_VCCINT 0.000000 1.093750 0.000000
2559 67 CH1 0.076190 3.281250 0.245136 FPGA_VCCINT 0.000000 1.093750 0.000000
2596 68 CH1 0.076190 3.281250 0.245136 FPGA_VCCINT 0.000000 1.093750 0.000000
2633 69 CH1 0.076190 3.281250 0.224708 FPGA_VCCINT 0.000000 1.093750 0.000000
2670 70 CH1 0.069841 3.281250 0.224708 FPGA_VCCINT 0.000000 1.093750 0.000000
2708 71 CH1 0.076190 3.281250 0.245136 FPGA_VCCINT 0.000000 1.093750 0.000000
2745 72 CH1 0.069841 3.281250 0.224708 FPGA_VCCINT 0.000000 1.093750 0.000000
2782 73 CH1 0.069841 3.281250 0.224708 FPGA_VCCINT 0.000000 1.093750 0.000000
2819 74 CH1 0.069841 3.281250 0.224708 FPGA_VCCINT 0.000000 1.093750 0.000000
2856 75 CH1 0.076190 3.281250 0.245136 FPGA_VCCINT 0.000000 1.093750 0.000000
2893 76 CH1 0.076190 3.281250 0.245136 FPGA_VCCINT 0.000000 1.093750 0.000000
2930 77 CH1 0.069841 3.281250 0.224708 FPGA_VCCINT 0.000000 1.093750 0.000000
2967 78 CH1 0.076190 3.281250 0.245136 FPGA_VCCINT 0.000000 1.093750 0.000000
3004 79 CH1 0.076190 3.281250 0.245136 FPGA_VCCINT 0.000000 1.093750 0.000000
3042 80 CH1 0.076190 3.281250 0.245136 FPGA_VCCINT 0.000000 1.093750 0.000000
3079 81 CH1 0.069841 3.281250 0.224708 FPGA_VCCINT 0.000000 1.093750 0.000000
3116 82 CH1 0.076190 3.281250 0.245136 FPGA_VCCINT 0.000000 1.093750 0.000000
3153 83 CH1 0.076190 3.281250 0.245136 FPGA_VCCINT 0.000000 1.093750 0.000000
3190 84 CH1 0.069841 3.281250 0.224708 FPGA_VCCINT 0.000000 1.093750 0.000000
3227 85 CH1 0.069841 3.281250 0.224708 FPGA_VCCINT 0.000000 1.093750 0.000000
3264 86 CH1 0.076190 3.281250 0.245136 FPGA_VCCINT 0.000000 1.250000 0.000000
3301 87 CH1 0.076190 3.281250 0.245136 FPGA_VCCINT 0.000000 1.093750 0.000000
3338 88 CH1 0.076190 3.281250 0.245136 FPGA_VCCINT 0.000000 1.093750 0.000000
3375 89 CH1 0.069841 3.281250 0.224708 FPGA_VCCINT 0.000000 1.093750 0.000000
3413 90 CH1 0.069841 3.281250 0.224708 FPGA_VCCINT 0.000000 1.093750 0.000000
3450 91 CH1 0.076190 3.281250 0.245136 FPGA_VCCINT 0.000000 1.093750 0.000000
3487 92 CH1 0.076190 3.281250 0.245136 FPGA_VCCINT 0.000000 1.093750 0.000000
3524 93 CH1 0.076190 3.281250 0.224708 FPGA_VCCINT 0.000000 1.093750 0.000000
3561 94 CH1 0.069841 3.281250 0.224708 FPGA_VCCINT 0.000000 1.250000 0.000000
3598 95 CH1 0.076190 3.281250 0.245136 FPGA_VCCINT 0.000000 1.250000 0.000000
3635 96 CH1 0.069841 3.281250 0.224708 FPGA_VCCINT 0.000000 1.093750 0.000000
3672 97 CH1 0.069841 3.281250 0.224708 FPGA_VCCINT 0.000000 1.093750 0.000000
3709 98 CH1 0.069841 3.281250 0.224708 FPGA_VCCINT 0.000000 1.093750 0.000000
3746 99 CH1 0.076190 3.281250 0.245136 FPGA_VCCINT 0.000000 1.093750 0.000000
3784 100 CH1 0.076190 3.281250 0.245136 FPGA_VCCINT 0.000000 1.093750 0.000000
3821 101 CH1 0.076190 3.281250 0.245136 FPGA_VCCINT 0.000000 1.093750 0.000000
3858 102 CH1 0.076190 3.281250 0.245136 FPGA_VCCINT 0.000000 1.093750 0.000000
3897 103 CH1 0.076190 3.281250 0.245136 FPGA_VCCINT 0.000000 1.093750 0.000000
3934 104 CH1 0.076190 3.281250 0.245136 FPGA_VCCINT 0.000000 1.093750 0.000000
3971 105 CH1 0.069841 3.281250 0.224708 FPGA_VCCINT 0.000000 1.250000 0.000000
4008 106 CH1 0.076190 3.281250 0.245136 FPGA_VCCINT 0.000000 1.250000 0.000000
4046 107 CH1 0.076190 3.281250 0.245136 FPGA_VCCINT 0.000000 1.093750 0.000000
4084 108 CH1 0.076190 3.281250 0.245136 FPGA_VCCINT 0.000000 1.093750 0.000000
4121 109 CH1 0.076190 3.281250 0.245136 FPGA_VCCINT 0.000000 1.093750 0.000000
4159 110 CH1 0.076190 3.281250 0.245136 FPGA_VCCINT 0.000000 1.093750 0.000000
4196 111 CH1 0.076190 3.281250 0.245136 FPGA_VCCINT 0.000000 1.093750 0.000000
4233 112 CH1 0.069841 3.281250 0.224708 FPGA_VCCINT 0.000000 1.093750 0.000000
4272 113 CH1 0.076190 3.281250 0.245136 FPGA_VCCINT 0.000000 1.093750 0.000000
4309 114 CH1 0.076190 3.281250 0.224708 FPGA_VCCINT 0.000000 1.093750 0.000000
4346 115 CH1 0.069841 3.281250 0.224708 FPGA_VCCINT 0.000000 1.093750 0.000000
4384 116 CH1 0.076190 3.281250 0.245136 FPGA_VCCINT 0.000000 1.093750 0.000000
4421 117 CH1 0.076190 3.281250 0.245136 FPGA_VCCINT 0.000000 1.093750 0.000000
4459 118 CH1 0.076190 3.281250 0.245136 FPGA_VCCINT 0.000000 1.093750 0.000000
4496 119 CH1 0.076190 3.281250 0.245136 FPGA_VCCINT 0.000000 1.093750 0.000000
4533 120 CH1 0.069841 3.281250 0.224708 FPGA_VCCINT 0.000000 1.093750 0.000000
4571 121 CH1 0.069841 3.281250 0.245136 FPGA_VCCINT 0.000000 1.093750 0.000000
4608 122 CH1 0.076190 3.281250 0.245136 FPGA_VCCINT 0.000000 1.093750 0.000000
4645 123 CH1 0.076190 3.281250 0.245136 FPGA_VCCINT 0.000000 1.093750 0.000000
4683 124 CH1 0.076190 3.281250 0.245136 FPGA_VCCINT 0.000000 1.093750 0.000000
4720 125 CH1 0.076190 3.281250 0.245136 FPGA_VCCINT 0.000000 1.093750 0.000000
4757 126 CH1 0.076190 3.281250 0.245136 FPGA_VCCINT 0.000000 1.093750 0.000000
4795 127 CH1 0.069841 3.281250 0.224708 FPGA_VCCINT 0.000000 1.093750 0.000000
4832 128 CH1 0.069841 3.281250 0.245136 FPGA_VCCINT 0.000000 1.093750 0.000000
4870 129 CH1 0.076190 3.281250 0.245136 FPGA_VCCINT 0.000000 1.093750 0.000000
4907 130 CH1 0.069841 3.281250 0.224708 FPGA_VCCINT 0.000000 1.093750 0.000000
4944 131 CH1 0.069841 3.281250 0.224708 FPGA_VCCINT 0.000000 1.093750 0.000000
4982 132 CH1 0.069841 3.281250 0.224708 FPGA_VCCINT 0.000000 1.093750 0.000000
5019 133 CH1 0.076190 3.281250 0.245136 FPGA_VCCINT 0.000000 1.093750 0.000000
5057 134 CH1 0.076190 3.281250 0.245136 FPGA_VCCINT 0.000000 1.093750 0.000000
5094 135 CH1 0.076190 3.281250 0.245136 FPGA_VCCINT 0.000000 1.093750 0.000000
5131 136 CH1 0.069841 3.281250 0.224708 FPGA_VCCINT 0.000000 1.093750 0.000000
5169 137 CH1 0.076190 3.281250 0.245136 FPGA_VCCINT 0.000000 1.093750 0.000000
5206 138 CH1 0.076190 3.281250 0.245136 FPGA_VCCINT 0.000000 1.093750 0.000000
5243 139 CH1 0.076190 3.281250 0.245136 FPGA_VCCINT 0.000000 1.250000 0.000000
5281 140 CH1 0.069841 3.281250 0.224708 FPGA_VCCINT 0.000000 1.093750 0.000000
5318 141 CH1 0.076190 3.281250 0.245136 FPGA_VCCINT 0.000000 1.093750 0.000000
5356 142 CH1 0.076190 3.281250 0.245136 FPGA_VCCINT 0.000000 1.093750 0.000000
5393 143 CH1 0.069841 3.281250 0.224708 FPGA_VCCINT 0.000000 1.093750 0.000000
5431 144 CH1 0.069841 3.281250 0.224708 FPGA_VCCINT 0.000000 1.093750 0.000000
5468 145 CH1 0.076190 3.281250 0.245136 FPGA_VCCINT 0.000000 1.093750 0.000000
5505 146 CH1 0.076190 3.281250 0.245136 FPGA_VCCINT 0.000000 1.093750 0.000000
5543 147 CH1 0.076190 3.281250 0.245136 FPGA_VCCINT 0.000000 1.093750 0.000000
5580 148 CH1 0.076190 3.281250 0.245136 FPGA_VCCINT 0.000000 1.093750 0.000000
5617 149 CH1 0.076190 3.281250 0.245136 FPGA_VCCINT 0.000000 1.093750 0.000000
5655 150 CH1 0.076190 3.281250 0.245136 FPGA_VCCINT 0.000000 1.250000 0.000000
5692 151 CH1 0.069841 3.281250 0.224708 FPGA_VCCINT 0.000000 1.250000 0.000000
5729 152 CH1 0.076190 3.281250 0.245136 FPGA_VCCINT 0.000000 1.093750 0.000000
5766 153 CH1 0.076190 3.281250 0.245136 FPGA_VCCINT 0.000000 1.093750 0.000000
5804 154 CH1 0.076190 3.281250 0.245136 FPGA_VCCINT 0.000000 1.093750 0.000000
5842 155 CH1 0.069841 3.281250 0.224708 FPGA_VCCINT 0.000000 1.093750 0.000000
5879 156 CH1 0.069841 3.281250 0.224708 FPGA_VCCINT 0.000000 1.093750 0.000000
5917 157 CH1 0.076190 3.281250 0.245136 FPGA_VCCINT 0.000000 1.093750 0.000000
5954 158 CH1 0.076190 3.281250 0.245136 FPGA_VCCINT 0.000000 1.093750 0.000000
5991 159 CH1 0.076190 3.281250 0.245136 FPGA_VCCINT 0.000000 1.093750 0.000000
6029 160 CH1 0.076190 3.281250 0.245136 FPGA_VCCINT 0.000000 1.093750 0.000000
6066 161 CH1 0.076190 3.281250 0.245136 FPGA_VCCINT 0.000000 1.093750 0.000000
6103 162 CH1 0.076190 3.281250 0.245136 FPGA_VCCINT 0.000000 1.093750 0.000000
6141 163 CH1 0.076190 3.281250 0.245136 FPGA_VCCINT 0.000000 1.093750 0.000000
6178 164 CH1 0.076190 3.281250 0.245136 FPGA_VCCINT 0.000000 1.093750 0.000000
6215 165 CH1 0.076190 3.281250 0.245136 FPGA_VCCINT 0.000000 1.093750 0.000000
6253 166 CH1 0.069841 3.281250 0.224708 FPGA_VCCINT 0.000000 1.093750 0.000000
6290 167 CH1 0.069841 3.281250 0.224708 FPGA_VCCINT 0.000000 1.093750 0.000000
6328 168 CH1 0.076190 3.281250 0.245136 FPGA_VCCINT 0.000000 1.093750 0.000000
6365 169 CH1 0.076190 3.281250 0.245136 FPGA_VCCINT 0.000000 1.093750 0.000000
6403 170 CH1 0.076190 3.281250 0.245136 FPGA_VCCINT 0.000000 1.093750 0.000000
6440 171 CH1 0.076190 3.281250 0.245136 FPGA_VCCINT 0.000000 1.250000 0.000000
6477 172 CH1 0.076190 3.281250 0.245136 FPGA_VCCINT 0.000000 1.250000 0.000000
6514 173 CH1 0.076190 3.281250 0.245136 FPGA_VCCINT 0.000000 1.093750 0.000000
6552 174 CH1 0.076190 3.281250 0.245136 FPGA_VCCINT 0.000000 1.093750 0.000000
6589 175 CH1 0.076190 3.281250 0.245136 FPGA_VCCINT 0.000000 1.093750 0.000000
6626 176 CH1 0.076190 3.281250 0.245136 FPGA_VCCINT 0.000000 1.093750 0.000000
6664 177 CH1 0.076190 3.281250 0.245136 FPGA_VCCINT 0.000000 1.093750 0.000000
6701 178 CH1 0.076190 3.281250 0.245136 FPGA_VCCINT 0.000000 1.093750 0.000000
6739 179 CH1 0.076190 3.281250 0.245136 FPGA_VCCINT 0.000000 1.093750 0.000000
6776 180 CH1 0.076190 3.281250 0.245136 FPGA_VCCINT 0.000000 1.093750 0.000000
6813 181 CH1 0.076190 3.281250 0.245136 FPGA_VCCINT 0.000000 1.093750 0.000000
6850 182 CH1 0.069841 3.281250 0.224708 FPGA_VCCINT 0.000000 1.093750 0.000000
6889 183 CH1 0.076190 3.281250 0.245136 FPGA_VCCINT 0.000000 1.093750 0.000000
6926 184 CH1 0.076190 3.281250 0.245136 FPGA_VCCINT 0.000000 1.093750 0.000000
6963 185 CH1 0.076190 3.281250 0.245136 FPGA_VCCINT 0.000000 1.093750 0.000000
7001 186 CH1 0.069841 3.281250 0.224708 FPGA_VCCINT 0.000000 1.093750 0.000000
7038 187 CH1 0.076190 3.281250 0.245136 FPGA_VCCINT 0.000000 1.093750 0.000000
7076 188 CH1 0.076190 3.281250 0.245136 FPGA_VCCINT 0.000000 1.093750 0.000000
7113 189 CH1 0.076190 3.281250 0.245136 FPGA_VCCINT 0.000000 1.093750 0.000000
7151 190 CH1 0.069841 3.281250 0.224708 FPGA_VCCINT 0.000000 1.093750 0.000000
7188 191 CH1 0.069841 3.281250 0.224708 FPGA_VCCINT 0.000000 1.093750 0.000000
7226 192 CH1 0.088889 3.281250 0.285992 FPGA_VCCINT 0.000000 1.093750 0.000000
7264 193 CH1 0.088889 3.281250 0.285992 FPGA_VCCINT 0.000000 1.093750 0.000000
7301 194 CH1 0.076190 3.281250 0.245136 FPGA_VCCINT 0.000000 1.093750 0.000000
7339 195 CH1 0.076190 3.281250 0.245136 FPGA_VCCINT 0.000000 1.093750 0.000000
7376 196 CH1 0.076190 3.281250 0.245136 FPGA_VCCINT 0.000000 1.093750 0.000000
7413 197 CH1 0.076190 3.281250 0.245136 FPGA_VCCINT 0.000000 1.093750 0.000000
7451 198 CH1 0.076190 3.281250 0.245136 FPGA_VCCINT 0.000000 1.093750 0.000000
7488 199 CH1 0.076190 3.281250 0.245136 FPGA_VCCINT 0.000000 1.093750 0.000000
7526 200 CH1 0.076190 3.281250 0.245136 FPGA_VCCINT 0.000000 1.093750 0.000000
7563 201 CH1 0.076190 3.281250 0.245136 FPGA_VCCINT 0.000000 1.093750 0.000000
7601 202 CH1 0.076190 3.281250 0.245136 FPGA_VCCINT 0.000000 1.093750 0.000000
7639 203 CH1 0.069841 3.281250 0.224708 FPGA_VCCINT 0.000000 1.093750 0.000000
7676 204 CH1 0.069841 3.281250 0.224708 FPGA_VCCINT 0.000000 1.093750 0.000000
7713 205 CH1 0.076190 3.281250 0.245136 FPGA_VCCINT 0.000000 1.093750 0.000000
7751 206 CH1 0.076190 3.281250 0.245136 FPGA_VCCINT 0.000000 1.093750 0.000000
7788 207 CH1 0.076190 3.281250 0.245136 FPGA_VCCINT 0.000000 1.093750 0.000000
7826 208 CH1 0.069841 3.281250 0.224708 FPGA_VCCINT 0.000000 1.093750 0.000000
7864 209 CH1 0.076190 3.281250 0.245136 FPGA_VCCINT 0.000000 1.093750 0.000000
