13 1 FPGA_VCCAUX 0.012195 3.281250 0.039837 FPGA_VCCINT 0.006194 1.093750 0.006643
47 2 FPGA_VCCAUX 0.012195 3.281250 0.039837 FPGA_VCCINT 0.006194 1.093750 0.006643
84 3 FPGA_VCCAUX 0.012195 3.281250 0.039837 FPGA_VCCINT 0.006194 1.093750 0.006643
136 4 FPGA_VCCAUX 0.012195 3.281250 0.039837 FPGA_VCCINT 0.006194 1.093750 0.006643
188 5 FPGA_VCCAUX 0.012195 3.281250 0.039837 FPGA_VCCINT 0.006194 1.093750 0.006643
241 6 FPGA_VCCAUX 0.012195 3.281250 0.039837 FPGA_VCCINT 0.006194 1.093750 0.006643
294 7 FPGA_VCCAUX 0.012195 3.281250 0.039837 FPGA_VCCINT 0.006194 1.093750 0.006643
346 8 FPGA_VCCAUX 0.012195 3.281250 0.039837 FPGA_VCCINT 0.006194 1.093750 0.006643
399 9 FPGA_VCCAUX 0.012195 3.281250 0.039837 FPGA_VCCINT 0.006194 1.093750 0.006643
451 10 FPGA_VCCAUX 0.012195 3.281250 0.039837 FPGA_VCCINT 0.006194 1.093750 0.006643
504 11 FPGA_VCCAUX 0.012195 3.281250 0.039837 FPGA_VCCINT 0.006194 1.093750 0.006643
557 12 FPGA_VCCAUX 0.012195 3.281250 0.039837 FPGA_VCCINT 0.006194 1.093750 0.006643
609 13 FPGA_VCCAUX 0.012195 3.281250 0.039837 FPGA_VCCINT 0.006194 1.093750 0.006643
712 14 FPGA_VCCAUX 0.012195 3.281250 0.039837 FPGA_VCCINT 0.006194 1.093750 0.006643
765 15 FPGA_VCCAUX 0.012195 3.281250 0.039837 FPGA_VCCINT 0.006194 1.093750 0.006643
818 16 FPGA_VCCAUX 0.012195 3.281250 0.039837 FPGA_VCCINT 0.006194 1.093750 0.006643
897 17 FPGA_VCCAUX 0.012195 3.281250 0.039837 FPGA_VCCINT 0.006194 1.093750 0.006643
950 18 FPGA_VCCAUX 0.012195 3.281250 0.039837 FPGA_VCCINT 0.006194 1.093750 0.006643
1003 19 FPGA_VCCAUX 0.012195 3.281250 0.039837 FPGA_VCCINT 0.006194 1.093750 0.006643
1056 20 FPGA_VCCAUX 0.012195 3.281250 0.039837 FPGA_VCCINT 0.006194 1.093750 0.006643
1106 21 FPGA_VCCAUX 0.012195 3.281250 0.039837 FPGA_VCCINT 0.006194 1.093750 0.006643
1159 22 FPGA_VCCAUX 0.012195 3.281250 0.039837 FPGA_VCCINT 0.006194 1.093750 0.006643
1212 23 FPGA_VCCAUX 0.012195 3.281250 0.039837 FPGA_VCCINT 0.006194 1.093750 0.006643
1265 24 FPGA_VCCAUX 0.012195 3.281250 0.039837 FPGA_VCCINT 0.006194 1.093750 0.006643
1318 25 FPGA_VCCAUX 0.012195 3.281250 0.039837 FPGA_VCCINT 0.006194 1.093750 0.006643
1369 26 FPGA_VCCAUX 0.012195 3.281250 0.039837 FPGA_VCCINT 0.006194 1.093750 0.006643
1422 27 FPGA_VCCAUX 0.012195 3.281250 0.039837 FPGA_VCCINT 0.006194 1.093750 0.006643
1475 28 FPGA_VCCAUX 0.012195 3.281250 0.039837 FPGA_VCCINT 0.006194 1.093750 0.006643
1528 29 FPGA_VCCAUX 0.012195 3.281250 0.039837 FPGA_VCCINT 0.006194 1.093750 0.006643
1581 30 FPGA_VCCAUX 0.012195 3.281250 0.039837 FPGA_VCCINT 0.006194 1.093750 0.006643
1631 31 FPGA_VCCAUX 0.012195 3.281250 0.039837 FPGA_VCCINT 0.006194 1.093750 0.006643
1684 32 FPGA_VCCAUX 0.012195 3.281250 0.039837 FPGA_VCCINT 0.007743 1.093750 0.008304
1737 33 FPGA_VCCAUX 0.012195 3.281250 0.039837 FPGA_VCCINT 0.006194 1.093750 0.006643
1790 34 FPGA_VCCAUX 0.012195 3.281250 0.039837 FPGA_VCCINT 0.006194 1.093750 0.006643
1843 35 FPGA_VCCAUX 0.012195 3.281250 0.039837 FPGA_VCCINT 0.006194 1.093750 0.006643
1894 36 FPGA_VCCAUX 0.012195 3.281250 0.039837 FPGA_VCCINT 0.006194 1.093750 0.006643
1947 37 FPGA_VCCAUX 0.012195 3.281250 0.039837 FPGA_VCCINT 0.006194 1.093750 0.006643
2000 38 FPGA_VCCAUX 0.012195 3.281250 0.039837 FPGA_VCCINT 0.006194 1.093750 0.006643
2053 39 FPGA_VCCAUX 0.012195 3.281250 0.039837 FPGA_VCCINT 0.006194 1.093750 0.006643
2104 40 FPGA_VCCAUX 0.012195 3.281250 0.039837 FPGA_VCCINT 0.006194 1.093750 0.006643
2157 41 FPGA_VCCAUX 0.012195 3.281250 0.039837 FPGA_VCCINT 0.006194 1.093750 0.006643
2210 42 FPGA_VCCAUX 0.012195 3.281250 0.039837 FPGA_VCCINT 0.006194 1.093750 0.006643
2263 43 FPGA_VCCAUX 0.012195 3.281250 0.039837 FPGA_VCCINT 0.006194 1.093750 0.006643
2316 44 FPGA_VCCAUX 0.012195 3.281250 0.039837 FPGA_VCCINT 0.006194 1.093750 0.006643
2366 45 FPGA_VCCAUX 0.012195 3.281250 0.039837 FPGA_VCCINT 0.006194 1.093750 0.006643
2419 46 FPGA_VCCAUX 0.012195 3.281250 0.039837 FPGA_VCCINT 0.006194 1.093750 0.006643
2472 47 FPGA_VCCAUX 0.012195 3.281250 0.039837 FPGA_VCCINT 0.006194 1.093750 0.006643
2525 48 FPGA_VCCAUX 0.012195 3.281250 0.039837 FPGA_VCCINT 0.006194 1.093750 0.006643
2576 49 FPGA_VCCAUX 0.012195 3.281250 0.039837 FPGA_VCCINT 0.006194 1.093750 0.006643
2629 50 FPGA_VCCAUX 0.012195 3.281250 0.039837 FPGA_VCCINT 0.006194 1.093750 0.006643
2682 51 FPGA_VCCAUX 0.012195 3.281250 0.039837 FPGA_VCCINT 0.006194 1.093750 0.006643
2735 52 FPGA_VCCAUX 0.012195 3.281250 0.039837 FPGA_VCCINT 0.006194 1.093750 0.006643
2788 53 FPGA_VCCAUX 0.012195 3.281250 0.039837 FPGA_VCCINT 0.006194 1.093750 0.006643
2839 54 FPGA_VCCAUX 0.012195 3.281250 0.039837 FPGA_VCCINT 0.006194 1.093750 0.006643
2892 55 FPGA_VCCAUX 0.012195 3.281250 0.039837 FPGA_VCCINT 0.006194 1.093750 0.006643
2945 56 FPGA_VCCAUX 0.012195 3.281250 0.039837 FPGA_VCCINT 0.006194 1.093750 0.006643
2998 57 FPGA_VCCAUX 0.012195 3.281250 0.039837 FPGA_VCCINT 0.006194 1.093750 0.006643
3049 58 FPGA_VCCAUX 0.012195 3.281250 0.039837 FPGA_VCCINT 0.006194 1.093750 0.006643
3102 59 FPGA_VCCAUX 0.012195 3.281250 0.039837 FPGA_VCCINT 0.006194 1.093750 0.006643
3155 60 FPGA_VCCAUX 0.012195 3.281250 0.039837 FPGA_VCCINT 0.006194 1.093750 0.006643
3208 61 FPGA_VCCAUX 0.012195 3.281250 0.039837 FPGA_VCCINT 0.006194 1.093750 0.006643
3258 62 FPGA_VCCAUX 0.012195 3.281250 0.039837 FPGA_VCCINT 0.006194 1.093750 0.006643
3311 63 FPGA_VCCAUX 0.012195 3.281250 0.039837 FPGA_VCCINT 0.006194 1.093750 0.006643
3365 64 FPGA_VCCAUX 0.012195 3.281250 0.039837 FPGA_VCCINT 0.006194 1.093750 0.006643
3418 65 FPGA_VCCAUX 0.012195 3.281250 0.039837 FPGA_VCCINT 0.006194 1.093750 0.006643
3469 66 FPGA_VCCAUX 0.012195 3.281250 0.039837 FPGA_VCCINT 0.006194 1.093750 0.006643
3522 67 FPGA_VCCAUX 0.012195 3.281250 0.039837 FPGA_VCCINT 0.006194 1.093750 0.006643
3574 68 FPGA_VCCAUX 0.012195 3.281250 0.039837 FPGA_VCCINT 0.006194 1.093750 0.006643
3628 69 FPGA_VCCAUX 0.012195 3.281250 0.039837 FPGA_VCCINT 0.006194 1.093750 0.006643
3731 70 FPGA_VCCAUX 0.012195 3.281250 0.039837 FPGA_VCCINT 0.006194 1.093750 0.006643
3784 71 FPGA_VCCAUX 0.012195 3.281250 0.039837 FPGA_VCCINT 0.006194 1.093750 0.006643
