FPGA_VCCINT 0.0011 1 CH1 0.200000 3.281250 0.653332 FPGA_VCCINT 0.006194 1.093750 0.006643
50 2 CH1 0.200000 3.281250 0.653332 FPGA_VCCINT 0.006194 1.093750 0.006643
89 3 CH1 0.200000 3.281250 0.653332 FPGA_VCCINT 0.006194 1.093750 0.006643
128 4 CH1 0.200000 3.281250 0.653332 FPGA_VCCINT 0.006194 1.093750 0.006643
167 5 CH1 0.200000 3.281250 0.653332 FPGA_VCCINT 0.006194 1.093750 0.006643
206 6 CH1 0.200000 3.281250 0.653332 FPGA_VCCINT 0.006194 1.093750 0.006643
245 7 CH1 0.200000 3.281250 0.653332 FPGA_VCCINT 0.006194 1.093750 0.006643
284 8 CH1 0.200000 3.281250 0.653332 FPGA_VCCINT 0.006194 1.093750 0.006643
323 9 CH1 0.200000 3.281250 0.653332 FPGA_VCCINT 0.006194 1.093750 0.006643
362 10 CH1 0.200000 3.281250 0.653332 FPGA_VCCINT 0.006194 1.093750 0.006643
402 11 CH1 0.200000 3.281250 0.653332 FPGA_VCCINT 0.006194 1.093750 0.006643
441 12 CH1 0.200000 3.281250 0.653332 FPGA_VCCINT 0.006194 1.093750 0.006643
480 13 CH1 0.200000 3.281250 0.653332 FPGA_VCCINT 0.006194 1.093750 0.006643
519 14 CH1 0.200000 3.281250 0.653332 FPGA_VCCINT 0.006194 1.093750 0.006643
558 15 CH1 0.200000 3.281250 0.653332 FPGA_VCCINT 0.006194 1.093750 0.006643
597 16 CH1 0.200000 3.281250 0.653332 FPGA_VCCINT 0.006194 1.093750 0.006643
637 17 CH1 0.200000 3.281250 0.653332 FPGA_VCCINT 0.006194 1.093750 0.006643
676 18 CH1 0.200000 3.281250 0.653332 FPGA_VCCINT 0.006194 1.093750 0.006643
715 19 CH1 0.200000 3.281250 0.653332 FPGA_VCCINT 0.006194 1.093750 0.006643
754 20 CH1 0.200000 3.281250 0.653332 FPGA_VCCINT 0.006194 1.093750 0.006643
793 21 CH1 0.200000 3.281250 0.653332 FPGA_VCCINT 0.006194 1.093750 0.006643
832 22 CH1 0.200000 3.281250 0.653332 FPGA_VCCINT 0.006194 1.093750 0.006643
871 23 CH1 0.200000 3.281250 0.653332 FPGA_VCCINT 0.006194 1.093750 0.006643
911 24 CH1 0.200000 3.281250 0.653332 FPGA_VCCINT 0.006194 1.093750 0.006643
950 25 CH1 0.200000 3.281250 0.653332 FPGA_VCCINT 0.006194 1.093750 0.006643
989 26 CH1 0.200000 3.281250 0.653332 FPGA_VCCINT 0.006194 1.093750 0.006643
1028 27 CH1 0.200000 3.281250 0.653332 FPGA_VCCINT 0.006194 1.093750 0.006643
1067 28 CH1 0.200000 3.281250 0.653332 FPGA_VCCINT 0.006194 1.093750 0.006643
1106 29 CH1 0.200000 3.281250 0.653332 FPGA_VCCINT 0.006194 1.093750 0.006643
1146 30 CH1 0.200000 3.281250 0.653332 FPGA_VCCINT 0.006194 1.093750 0.006643
1185 31 CH1 0.200000 3.281250 0.653332 FPGA_VCCINT 0.006194 1.093750 0.006643
1224 32 CH1 0.200000 3.281250 0.653332 FPGA_VCCINT 0.006194 1.093750 0.006643
1264 33 CH1 0.200000 3.281250 0.653332 FPGA_VCCINT 0.006194 1.093750 0.006643
1303 34 CH1 0.200000 3.281250 0.653332 FPGA_VCCINT 0.006194 1.093750 0.006643
1343 35 CH1 0.200000 3.281250 0.653332 FPGA_VCCINT 0.006194 1.093750 0.006643
1382 36 CH1 0.200000 3.281250 0.653332 FPGA_VCCINT 0.006194 1.093750 0.006643
1421 37 CH1 0.200000 3.281250 0.653332 FPGA_VCCINT 0.006194 1.093750 0.006643
1461 38 CH1 0.200000 3.281250 0.653332 FPGA_VCCINT 0.006194 1.093750 0.006643
1500 39 CH1 0.200000 3.281250 0.653332 FPGA_VCCINT 0.006194 1.093750 0.006643
1539 40 CH1 0.200000 3.281250 0.653332 FPGA_VCCINT 0.006194 1.093750 0.006643
1579 41 CH1 0.200000 3.281250 0.653332 FPGA_VCCINT 0.006194 1.093750 0.006643
1618 42 CH1 0.200000 3.281250 0.653332 FPGA_VCCINT 0.006194 1.093750 0.006643
1657 43 CH1 0.200000 3.281250 0.653332 FPGA_VCCINT 0.006194 1.093750 0.006643
1697 44 CH1 0.200000 3.281250 0.653332 FPGA_VCCINT 0.006194 1.093750 0.006643
1736 45 CH1 0.200000 3.281250 0.653332 FPGA_VCCINT 0.006194 1.093750 0.006643
1776 46 CH1 0.200000 3.281250 0.653332 FPGA_VCCINT 0.006194 1.093750 0.006643
1816 47 CH1 0.200000 3.281250 0.653332 FPGA_VCCINT 0.006194 1.093750 0.006643
1855 48 CH1 0.200000 3.281250 0.653332 FPGA_VCCINT 0.006194 1.093750 0.006643
1895 49 CH1 0.200000 3.281250 0.653332 FPGA_VCCINT 0.006194 1.093750 0.006643
1934 50 CH1 0.200000 3.281250 0.653332 FPGA_VCCINT 0.006194 1.093750 0.006643
1973 51 CH1 0.200000 3.281250 0.653332 FPGA_VCCINT 0.006194 1.093750 0.006643
2013 52 CH1 0.200000 3.281250 0.653332 FPGA_VCCINT 0.006194 1.093750 0.006643
2052 53 CH1 0.200000 3.281250 0.653332 FPGA_VCCINT 0.006194 1.093750 0.006643
2091 54 CH1 0.200000 3.281250 0.653332 FPGA_VCCINT 0.006194 1.093750 0.006643
2131 55 CH1 0.200000 3.281250 0.653332 FPGA_VCCINT 0.006194 1.093750 0.006643
2170 56 CH1 0.200000 3.281250 0.653332 FPGA_VCCINT 0.006194 1.093750 0.006643
2210 57 CH1 0.200000 3.281250 0.653332 FPGA_VCCINT 0.006194 1.093750 0.006643
2249 58 CH1 0.200000 3.281250 0.653332 FPGA_VCCINT 0.006194 1.093750 0.006643
2288 59 CH1 0.200000 3.281250 0.653332 FPGA_VCCINT 0.006194 1.093750 0.006643
2328 60 CH1 0.200000 3.281250 0.653332 FPGA_VCCINT 0.006194 1.093750 0.006643
2367 61 CH1 0.200000 3.281250 0.653332 FPGA_VCCINT 0.006194 1.093750 0.006643
2406 62 CH1 0.200000 3.281250 0.653332 FPGA_VCCINT 0.006194 1.093750 0.006643
2446 63 CH1 0.200000 3.281250 0.653332 FPGA_VCCINT 0.006194 1.093750 0.006643
2485 64 CH1 0.200000 3.281250 0.653332 FPGA_VCCINT 0.006194 1.093750 0.006643
2525 65 CH1 0.200000 3.281250 0.653332 FPGA_VCCINT 0.006194 1.093750 0.006643
2564 66 CH1 0.200000 3.281250 0.653332 FPGA_VCCINT 0.006194 1.093750 0.006643
2603 67 CH1 0.200000 3.281250 0.653332 FPGA_VCCINT 0.006194 1.093750 0.006643
2643 68 CH1 0.200000 3.281250 0.653332 FPGA_VCCINT 0.006194 1.093750 0.006643
2683 69 CH1 0.200000 3.281250 0.653332 FPGA_VCCINT 0.006194 1.093750 0.006643
2723 70 CH1 0.200000 3.281250 0.653332 FPGA_VCCINT 0.006194 1.093750 0.006643
2762 71 CH1 0.200000 3.281250 0.653332 FPGA_VCCINT 0.006194 1.093750 0.006643
2801 72 CH1 0.200000 3.281250 0.653332 FPGA_VCCINT 0.006194 1.093750 0.006643
2841 73 CH1 0.200000 3.281250 0.653332 FPGA_VCCINT 0.006194 1.093750 0.006643
2880 74 CH1 0.200000 3.281250 0.653332 FPGA_VCCINT 0.006194 1.093750 0.006643
2919 75 CH1 0.200000 3.281250 0.653332 FPGA_VCCINT 0.006194 1.093750 0.006643
2959 76 CH1 0.200000 3.281250 0.653332 FPGA_VCCINT 0.006194 1.093750 0.006643
2998 77 CH1 0.200000 3.281250 0.653332 FPGA_VCCINT 0.006194 1.093750 0.006643
3038 78 CH1 0.200000 3.281250 0.653332 FPGA_VCCINT 0.006194 1.093750 0.006643
3077 79 CH1 0.200000 3.281250 0.653332 FPGA_VCCINT 0.006194 1.093750 0.006643
3116 80 CH1 0.200000 3.281250 0.653332 FPGA_VCCINT 0.006194 1.093750 0.006643
3156 81 CH1 0.200000 3.281250 0.653332 FPGA_VCCINT 0.006194 1.093750 0.006643
3195 82 CH1 0.200000 3.281250 0.653332 FPGA_VCCINT 0.006194 1.093750 0.006643
3234 83 CH1 0.200000 3.281250 0.653332 FPGA_VCCINT 0.006194 1.093750 0.006643
3274 84 CH1 0.200000 3.281250 0.653332 FPGA_VCCINT 0.006194 1.093750 0.006643
3313 85 CH1 0.200000 3.281250 0.653332 FPGA_VCCINT 0.006194 1.093750 0.006643
3352 86 CH1 0.200000 3.281250 0.653332 FPGA_VCCINT 0.006194 1.093750 0.006643
3392 87 CH1 0.200000 3.281250 0.653332 FPGA_VCCINT 0.006194 1.093750 0.006643
3431 88 CH1 0.200000 3.281250 0.653332 FPGA_VCCINT 0.006194 1.093750 0.006643
3470 89 CH1 0.200000 3.281250 0.653332 FPGA_VCCINT 0.006194 1.093750 0.006643
3510 90 CH1 0.200000 3.281250 0.653332 FPGA_VCCINT 0.006194 1.093750 0.006643
3550 91 CH1 0.200000 3.281250 0.653332 FPGA_VCCINT 0.006194 1.093750 0.006643
3590 92 CH1 0.200000 3.281250 0.653332 FPGA_VCCINT 0.006194 1.093750 0.006643
3629 93 CH1 0.200000 3.281250 0.653332 FPGA_VCCINT 0.006194 1.093750 0.006643
3669 94 CH1 0.200000 3.281250 0.653332 FPGA_VCCINT 0.006194 1.093750 0.006643
3708 95 CH1 0.200000 3.281250 0.653332 FPGA_VCCINT 0.006194 1.093750 0.006643
3747 96 CH1 0.200000 3.281250 0.653332 FPGA_VCCINT 0.006194 1.093750 0.006643
3787 97 CH1 0.200000 3.281250 0.653332 FPGA_VCCINT 0.006194 1.093750 0.006643
3826 98 CH1 0.200000 3.281250 0.653332 FPGA_VCCINT 0.006194 1.093750 0.006643
3866 99 CH1 0.200000 3.281250 0.653332 FPGA_VCCINT 0.006194 1.093750 0.006643
3905 100 CH1 0.200000 3.281250 0.653332 FPGA_VCCINT 0.006194 1.093750 0.006643
3945 101 CH1 0.200000 3.281250 0.653332 FPGA_VCCINT 0.006194 1.093750 0.006643
3984 102 CH1 0.200000 3.281250 0.653332 FPGA_VCCINT 0.006194 1.093750 0.006643
4024 103 CH1 0.200000 3.281250 0.653332 FPGA_VCCINT 0.006194 1.093750 0.006643
4063 104 CH1 0.200000 3.281250 0.653332 FPGA_VCCINT 0.006194 1.093750 0.006643
4103 105 CH1 0.200000 3.281250 0.653332 FPGA_VCCINT 0.006194 1.093750 0.006643
4143 106 CH1 0.200000 3.281250 0.653332 FPGA_VCCINT 0.006194 1.093750 0.006643
4183 107 CH1 0.200000 3.281250 0.653332 FPGA_VCCINT 0.006194 1.093750 0.006643
4223 108 CH1 0.200000 3.281250 0.653332 FPGA_VCCINT 0.006194 1.093750 0.006643
4262 109 CH1 0.200000 3.281250 0.653332 FPGA_VCCINT 0.006194 1.093750 0.006643
4302 110 CH1 0.200000 3.281250 0.653332 FPGA_VCCINT 0.006194 1.093750 0.006643
4342 111 CH1 0.200000 3.281250 0.653332 FPGA_VCCINT 0.006194 1.093750 0.006643
4381 112 CH1 0.200000 3.281250 0.653332 FPGA_VCCINT 0.006194 1.093750 0.006643
4421 113 CH1 0.200000 3.281250 0.653332 FPGA_VCCINT 0.006194 1.093750 0.006643
4460 114 CH1 0.200000 3.281250 0.653332 FPGA_VCCINT 0.006194 1.093750 0.006643
4500 115 CH1 0.200000 3.281250 0.653332 FPGA_VCCINT 0.006194 1.093750 0.006643
4540 116 CH1 0.200000 3.281250 0.653332 FPGA_VCCINT 0.006194 1.093750 0.006643
4579 117 CH1 0.200000 3.281250 0.653332 FPGA_VCCINT 0.006194 1.093750 0.006643
4619 118 CH1 0.200000 3.281250 0.653332 FPGA_VCCINT 0.006194 1.093750 0.006643
4659 119 CH1 0.200000 3.281250 0.653332 FPGA_VCCINT 0.006194 1.093750 0.006643
4698 120 CH1 0.200000 3.281250 0.653332 FPGA_VCCINT 0.006194 1.093750 0.006643
4738 121 CH1 0.200000 3.281250 0.653332 FPGA_VCCINT 0.006194 1.093750 0.006643
4778 122 CH1 0.200000 3.281250 0.653332 FPGA_VCCINT 0.006194 1.093750 0.006643
4818 123 CH1 0.200000 3.281250 0.653332 FPGA_VCCINT 0.006194 1.093750 0.006643
4857 124 CH1 0.200000 3.281250 0.653332 FPGA_VCCINT 0.006194 1.093750 0.006643
4897 125 CH1 0.200000 3.281250 0.653332 FPGA_VCCINT 0.006194 1.093750 0.006643
4937 126 CH1 0.200000 3.281250 0.653332 FPGA_VCCINT 0.006194 1.093750 0.006643
4976 127 CH1 0.200000 3.281250 0.653332 FPGA_VCCINT 0.006194 1.093750 0.006643
5016 128 CH1 0.200000 3.281250 0.653332 FPGA_VCCINT 0.006194 1.093750 0.006643
5055 129 CH1 0.200000 3.281250 0.653332 FPGA_VCCINT 0.006194 1.093750 0.006643
5095 130 CH1 0.200000 3.281250 0.653332 FPGA_VCCINT 0.006194 1.093750 0.006643
5135 131 CH1 0.200000 3.281250 0.653332 FPGA_VCCINT 0.006194 1.093750 0.006643
5174 132 CH1 0.200000 3.281250 0.653332 FPGA_VCCINT 0.006194 1.093750 0.006643
5214 133 CH1 0.200000 3.281250 0.653332 FPGA_VCCINT 0.006194 1.093750 0.006643
5254 134 CH1 0.200000 3.281250 0.653332 FPGA_VCCINT 0.006194 1.093750 0.006643
5294 135 CH1 0.200000 3.281250 0.653332 FPGA_VCCINT 0.006194 1.093750 0.006643
5333 136 CH1 0.200000 3.281250 0.653332 FPGA_VCCINT 0.006194 1.093750 0.006643
5373 137 CH1 0.200000 3.281250 0.653332 FPGA_VCCINT 0.006194 1.093750 0.006643
5412 138 CH1 0.200000 3.281250 0.653332 FPGA_VCCINT 0.006194 1.093750 0.006643
5452 139 CH1 0.200000 3.281250 0.653332 FPGA_VCCINT 0.006194 1.093750 0.006643
5492 140 CH1 0.200000 3.281250 0.653332 FPGA_VCCINT 0.006194 1.093750 0.006643
5531 141 CH1 0.200000 3.281250 0.653332 FPGA_VCCINT 0.006194 1.093750 0.006643
5571 142 CH1 0.200000 3.281250 0.653332 FPGA_VCCINT 0.006194 1.093750 0.006643
5611 143 CH1 0.200000 3.281250 0.653332 FPGA_VCCINT 0.006194 1.093750 0.006643
5651 144 CH1 0.200000 3.281250 0.653332 FPGA_VCCINT 0.006194 1.093750 0.006643
5691 145 CH1 0.200000 3.281250 0.653332 FPGA_VCCINT 0.006194 1.093750 0.006643
5730 146 CH1 0.200000 3.281250 0.653332 FPGA_VCCINT 0.006194 1.093750 0.006643
5770 147 CH1 0.200000 3.281250 0.653332 FPGA_VCCINT 0.006194 1.093750 0.006643
5810 148 CH1 0.200000 3.281250 0.653332 FPGA_VCCINT 0.006194 1.093750 0.006643
5849 149 CH1 0.200000 3.281250 0.653332 FPGA_VCCINT 0.006194 1.093750 0.006643
5889 150 CH1 0.200000 3.281250 0.653332 FPGA_VCCINT 0.006194 1.093750 0.006643
5928 151 CH1 0.200000 3.281250 0.653332 FPGA_VCCINT 0.006194 1.093750 0.006643
5968 152 CH1 0.200000 3.281250 0.653332 FPGA_VCCINT 0.006194 1.093750 0.006643
6008 153 CH1 0.200000 3.281250 0.653332 FPGA_VCCINT 0.006194 1.093750 0.006643
6047 154 CH1 0.200000 3.281250 0.653332 FPGA_VCCINT 0.006194 1.093750 0.006643
6087 155 CH1 0.200000 3.281250 0.653332 FPGA_VCCINT 0.006194 1.093750 0.006643
6127 156 CH1 0.200000 3.281250 0.653332 FPGA_VCCINT 0.006194 1.093750 0.006643
6167 157 CH1 0.200000 3.281250 0.653332 FPGA_VCCINT 0.006194 1.093750 0.006643
6206 158 CH1 0.200000 3.281250 0.653332 FPGA_VCCINT 0.006194 1.093750 0.006643
6246 159 CH1 0.200000 3.281250 0.653332 FPGA_VCCINT 0.006194 1.093750 0.006643
6286 160 CH1 0.200000 3.281250 0.653332 FPGA_VCCINT 0.006194 1.093750 0.006643
6325 161 CH1 0.200000 3.281250 0.653332 FPGA_VCCINT 0.006194 1.093750 0.006643
6365 162 CH1 0.200000 3.281250 0.653332 FPGA_VCCINT 0.006194 1.093750 0.006643
6405 163 CH1 0.200000 3.281250 0.653332 FPGA_VCCINT 0.006194 1.093750 0.006643
6444 164 CH1 0.200000 3.281250 0.653332 FPGA_VCCINT 0.006194 1.093750 0.006643
6484 165 CH1 0.200000 3.281250 0.653332 FPGA_VCCINT 0.006194 1.093750 0.006643
6524 166 CH1 0.200000 3.281250 0.653332 FPGA_VCCINT 0.006194 1.093750 0.006643
6563 167 CH1 0.200000 3.281250 0.653332 FPGA_VCCINT 0.006194 1.093750 0.006643
6603 168 CH1 0.200000 3.281250 0.653332 FPGA_VCCINT 0.006194 1.093750 0.006643
6642 169 CH1 0.200000 3.281250 0.653332 FPGA_VCCINT 0.006194 1.093750 0.006643
6682 170 CH1 0.200000 3.281250 0.653332 FPGA_VCCINT 0.006194 1.093750 0.006643
6722 171 CH1 0.200000 3.281250 0.653332 FPGA_VCCINT 0.006194 1.093750 0.006643
6762 172 CH1 0.200000 3.281250 0.653332 FPGA_VCCINT 0.006194 1.093750 0.006643
6801 173 CH1 0.200000 3.281250 0.653332 FPGA_VCCINT 0.006194 1.093750 0.006643
6841 174 CH1 0.200000 3.281250 0.653332 FPGA_VCCINT 0.006194 1.093750 0.006643
6880 175 CH1 0.200000 3.281250 0.653332 FPGA_VCCINT 0.006194 1.093750 0.006643
6920 176 CH1 0.200000 3.281250 0.653332 FPGA_VCCINT 0.006194 1.093750 0.006643
6960 177 CH1 0.200000 3.281250 0.653332 FPGA_VCCINT 0.006194 1.093750 0.006643
6999 178 CH1 0.200000 3.281250 0.653332 FPGA_VCCINT 0.006194 1.093750 0.006643
7039 179 CH1 0.200000 3.281250 0.653332 FPGA_VCCINT 0.006194 1.093750 0.006643
7078 180 CH1 0.200000 3.281250 0.653332 FPGA_VCCINT 0.006194 1.093750 0.006643
7118 181 CH1 0.200000 3.281250 0.653332 FPGA_VCCINT 0.006194 1.093750 0.006643
7158 182 CH1 0.200000 3.281250 0.653332 FPGA_VCCINT 0.006194 1.093750 0.006643
7198 183 CH1 0.200000 3.281250 0.653332 FPGA_VCCINT 0.006194 1.093750 0.006643
7237 184 CH1 0.200000 3.281250 0.653332 FPGA_VCCINT 0.006194 1.093750 0.006643
7277 185 CH1 0.200000 3.281250 0.653332 FPGA_VCCINT 0.006194 1.093750 0.006643
7317 186 CH1 0.200000 3.281250 0.653332 FPGA_VCCINT 0.006194 1.093750 0.006643
7357 187 CH1 0.200000 3.281250 0.653332 FPGA_VCCINT 0.006194 1.093750 0.006643
7396 188 CH1 0.200000 3.281250 0.653332 FPGA_VCCINT 0.006194 1.093750 0.006643
7436 189 CH1 0.200000 3.281250 0.653332 FPGA_VCCINT 0.006194 1.093750 0.006643
7476 190 CH1 0.200000 3.281250 0.653332 FPGA_VCCINT 0.006194 1.093750 0.006643
7515 191 CH1 0.200000 3.281250 0.653332 FPGA_VCCINT 0.006194 1.093750 0.006643
7555 192 CH1 0.200000 3.281250 0.653332 FPGA_VCCINT 0.006194 1.093750 0.006643
7594 193 CH1 0.200000 3.281250 0.653332 FPGA_VCCINT 0.006194 1.093750 0.006643
7634 194 CH1 0.200000 3.281250 0.653332 FPGA_VCCINT 0.006194 1.093750 0.006643
7674 195 CH1 0.200000 3.281250 0.653332 FPGA_VCCINT 0.006194 1.093750 0.006643
7713 196 CH1 0.200000 3.281250 0.653332 FPGA_VCCINT 0.006194 1.093750 0.006643
7753 197 CH1 0.200000 3.281250 0.653332 FPGA_VCCINT 0.006194 1.093750 0.006643
