1 FPGA_VCCAUX_MON 0.012195 3.281250 0.039837 FPGA_VCCINT_MON 0.005420 1.093750 0.005813
2 FPGA_VCCAUX_MON 0.012195 3.281250 0.039837 FPGA_VCCINT_MON 0.005420 1.093750 0.005813
3 FPGA_VCCAUX_MON 0.012195 3.281250 0.039837 FPGA_VCCINT_MON 0.005420 1.093750 0.005813
4 FPGA_VCCAUX_MON 0.012195 3.281250 0.039837 FPGA_VCCINT_MON 0.005420 1.093750 0.005813
5 FPGA_VCCAUX_MON 0.012195 3.281250 0.039837 FPGA_VCCINT_MON 0.005420 1.250000 0.006643
6 FPGA_VCCAUX_MON 0.012195 3.281250 0.039837 FPGA_VCCINT_MON 0.005420 1.250000 0.006643
7 FPGA_VCCAUX_MON 0.012195 3.281250 0.039837 FPGA_VCCINT_MON 0.005420 1.250000 0.006643
8 FPGA_VCCAUX_MON 0.012195 3.281250 0.039837 FPGA_VCCINT_MON 0.005420 1.250000 0.006643
9 FPGA_VCCAUX_MON 0.012195 3.281250 0.039837 FPGA_VCCINT_MON 0.005420 1.250000 0.006643
10 FPGA_VCCAUX_MON 0.012195 3.281250 0.039837 FPGA_VCCINT_MON 0.005420 1.250000 0.006643
11 FPGA_VCCAUX_MON 0.012195 3.281250 0.039837 FPGA_VCCINT_MON 0.005420 1.250000 0.006643
12 FPGA_VCCAUX_MON 0.012195 3.281250 0.039837 FPGA_VCCINT_MON 0.005420 1.093750 0.005813
13 FPGA_VCCAUX_MON 0.012195 3.281250 0.039837 FPGA_VCCINT_MON 0.005420 1.093750 0.005813
14 FPGA_VCCAUX_MON 0.012195 3.281250 0.039837 FPGA_VCCINT_MON 0.005420 1.093750 0.005813
15 FPGA_VCCAUX_MON 0.012195 3.281250 0.039837 FPGA_VCCINT_MON 0.005420 1.093750 0.005813
16 FPGA_VCCAUX_MON 0.012195 3.281250 0.039837 FPGA_VCCINT_MON 0.005420 1.093750 0.005813
17 FPGA_VCCAUX_MON 0.012195 3.281250 0.039837 FPGA_VCCINT_MON 0.005420 1.093750 0.005813
18 FPGA_VCCAUX_MON 0.012195 3.281250 0.039837 FPGA_VCCINT_MON 0.005420 1.093750 0.005813
19 FPGA_VCCAUX_MON 0.012195 3.281250 0.039837 FPGA_VCCINT_MON 0.005420 1.250000 0.006643
20 FPGA_VCCAUX_MON 0.012195 3.281250 0.039837 FPGA_VCCINT_MON 0.005420 1.250000 0.006643
21 FPGA_VCCAUX_MON 0.012195 3.281250 0.039837 FPGA_VCCINT_MON 0.005420 1.250000 0.006643
22 FPGA_VCCAUX_MON 0.012195 3.281250 0.039837 FPGA_VCCINT_MON 0.005420 1.250000 0.006643
23 FPGA_VCCAUX_MON 0.012195 3.281250 0.039837 FPGA_VCCINT_MON 0.005420 1.250000 0.006643
24 FPGA_VCCAUX_MON 0.012195 3.281250 0.039837 FPGA_VCCINT_MON 0.005420 1.250000 0.006643
25 FPGA_VCCAUX_MON 0.012195 3.281250 0.039837 FPGA_VCCINT_MON 0.005420 1.250000 0.006643
26 FPGA_VCCAUX_MON 0.012195 3.281250 0.039837 FPGA_VCCINT_MON 0.005420 1.093750 0.005813
27 FPGA_VCCAUX_MON 0.012195 3.281250 0.039837 FPGA_VCCINT_MON 0.005420 1.093750 0.005813
28 FPGA_VCCAUX_MON 0.012195 3.281250 0.039837 FPGA_VCCINT_MON 0.005420 1.093750 0.005813
29 FPGA_VCCAUX_MON 0.012195 3.281250 0.039837 FPGA_VCCINT_MON 0.005420 1.093750 0.005813
30 FPGA_VCCAUX_MON 0.012195 3.281250 0.039837 FPGA_VCCINT_MON 0.005420 1.250000 0.006643
31 FPGA_VCCAUX_MON 0.012195 3.281250 0.039837 FPGA_VCCINT_MON 0.005420 1.250000 0.006643
32 FPGA_VCCAUX_MON 0.012195 3.281250 0.039837 FPGA_VCCINT_MON 0.005420 1.250000 0.006643
33 FPGA_VCCAUX_MON 0.012195 3.281250 0.039837 FPGA_VCCINT_MON 0.005420 1.250000 0.006643
34 FPGA_VCCAUX_MON 0.012195 3.281250 0.039837 FPGA_VCCINT_MON 0.005420 1.250000 0.006643
35 FPGA_VCCAUX_MON 0.012195 3.281250 0.039837 FPGA_VCCINT_MON 0.005420 1.250000 0.006643
36 FPGA_VCCAUX_MON 0.012195 3.281250 0.039837 FPGA_VCCINT_MON 0.005420 1.093750 0.005813
37 FPGA_VCCAUX_MON 0.012195 3.281250 0.039837 FPGA_VCCINT_MON 0.005420 1.093750 0.005813
38 FPGA_VCCAUX_MON 0.012195 3.281250 0.039837 FPGA_VCCINT_MON 0.005420 1.093750 0.005813
39 FPGA_VCCAUX_MON 0.012195 3.281250 0.039837 FPGA_VCCINT_MON 0.005420 1.093750 0.005813
40 FPGA_VCCAUX_MON 0.012195 3.281250 0.039837 FPGA_VCCINT_MON 0.005420 1.250000 0.006643
41 FPGA_VCCAUX_MON 0.012195 3.281250 0.039837 FPGA_VCCINT_MON 0.005420 1.250000 0.006643
42 FPGA_VCCAUX_MON 0.012195 3.281250 0.039837 FPGA_VCCINT_MON 0.005420 1.250000 0.006643
43 FPGA_VCCAUX_MON 0.012195 3.281250 0.039837 FPGA_VCCINT_MON 0.005420 1.250000 0.006643
44 FPGA_VCCAUX_MON 0.012195 3.281250 0.039837 FPGA_VCCINT_MON 0.005420 1.250000 0.006643
45 FPGA_VCCAUX_MON 0.012195 3.281250 0.039837 FPGA_VCCINT_MON 0.005420 1.250000 0.006643
46 FPGA_VCCAUX_MON 0.012195 3.281250 0.039837 FPGA_VCCINT_MON 0.005420 1.250000 0.006643
47 FPGA_VCCAUX_MON 0.012195 3.281250 0.039837 FPGA_VCCINT_MON 0.005420 1.093750 0.005813
48 FPGA_VCCAUX_MON 0.012195 3.281250 0.039837 FPGA_VCCINT_MON 0.005420 1.093750 0.005813
49 FPGA_VCCAUX_MON 0.012195 3.281250 0.039837 FPGA_VCCINT_MON 0.005420 1.093750 0.005813
50 FPGA_VCCAUX_MON 0.012195 3.281250 0.039837 FPGA_VCCINT_MON 0.005420 1.093750 0.005813
51 FPGA_VCCAUX_MON 0.012195 3.281250 0.039837 FPGA_VCCINT_MON 0.005420 1.250000 0.006643
52 FPGA_VCCAUX_MON 0.012195 3.281250 0.039837 FPGA_VCCINT_MON 0.005420 1.250000 0.006643
53 FPGA_VCCAUX_MON 0.012195 3.281250 0.039837 FPGA_VCCINT_MON 0.005420 1.250000 0.006643
54 FPGA_VCCAUX_MON 0.012195 3.281250 0.039837 FPGA_VCCINT_MON 0.005420 1.250000 0.006643
55 FPGA_VCCAUX_MON 0.012195 3.281250 0.039837 FPGA_VCCINT_MON 0.005420 1.250000 0.006643
56 FPGA_VCCAUX_MON 0.012195 3.281250 0.039837 FPGA_VCCINT_MON 0.005420 1.250000 0.006643
57 FPGA_VCCAUX_MON 0.012195 3.281250 0.039837 FPGA_VCCINT_MON 0.005420 1.250000 0.006643
58 FPGA_VCCAUX_MON 0.012195 3.281250 0.039837 FPGA_VCCINT_MON 0.005420 1.250000 0.006643
59 FPGA_VCCAUX_MON 0.012195 3.281250 0.039837 FPGA_VCCINT_MON 0.005420 1.250000 0.006643
60 FPGA_VCCAUX_MON 0.012195 3.281250 0.039837 FPGA_VCCINT_MON 0.005420 1.250000 0.006643
61 FPGA_VCCAUX_MON 0.012195 3.281250 0.039837 FPGA_VCCINT_MON 0.005420 1.093750 0.005813
62 FPGA_VCCAUX_MON 0.012195 3.281250 0.039837 FPGA_VCCINT_MON 0.005420 1.093750 0.005813
63 FPGA_VCCAUX_MON 0.012195 3.281250 0.039837 FPGA_VCCINT_MON 0.005420 1.093750 0.005813
64 FPGA_VCCAUX_MON 0.012195 3.281250 0.039837 FPGA_VCCINT_MON 0.005420 1.093750 0.005813
65 FPGA_VCCAUX_MON 0.012195 3.281250 0.039837 FPGA_VCCINT_MON 0.005420 1.250000 0.006643
66 FPGA_VCCAUX_MON 0.012195 3.281250 0.039837 FPGA_VCCINT_MON 0.005420 1.250000 0.006643
67 FPGA_VCCAUX_MON 0.012195 3.281250 0.039837 FPGA_VCCINT_MON 0.005420 1.250000 0.006643
68 FPGA_VCCAUX_MON 0.012195 3.281250 0.039837 FPGA_VCCINT_MON 0.005420 1.250000 0.006643
69 FPGA_VCCAUX_MON 0.012195 3.281250 0.039837 FPGA_VCCINT_MON 0.005420 1.250000 0.006643
70 FPGA_VCCAUX_MON 0.012195 3.281250 0.039837 FPGA_VCCINT_MON 0.005420 1.250000 0.006643
71 FPGA_VCCAUX_MON 0.012195 3.281250 0.039837 FPGA_VCCINT_MON 0.005420 1.250000 0.006643
72 FPGA_VCCAUX_MON 0.012195 3.281250 0.039837 FPGA_VCCINT_MON 0.005420 1.250000 0.006643
73 FPGA_VCCAUX_MON 0.012195 3.281250 0.039837 FPGA_VCCINT_MON 0.005420 1.250000 0.006643
74 FPGA_VCCAUX_MON 0.012195 3.281250 0.039837 FPGA_VCCINT_MON 0.005420 1.250000 0.006643
75 FPGA_VCCAUX_MON 0.012195 3.281250 0.039837 FPGA_VCCINT_MON 0.005420 1.250000 0.006643
76 FPGA_VCCAUX_MON 0.012195 3.281250 0.039837 FPGA_VCCINT_MON 0.005420 1.093750 0.005813
77 FPGA_VCCAUX_MON 0.012195 3.281250 0.039837 FPGA_VCCINT_MON 0.005420 1.250000 0.006643
78 FPGA_VCCAUX_MON 0.012195 3.281250 0.039837 FPGA_VCCINT_MON 0.005420 1.250000 0.006643
79 FPGA_VCCAUX_MON 0.012195 3.281250 0.039837 FPGA_VCCINT_MON 0.005420 1.250000 0.006643
80 FPGA_VCCAUX_MON 0.012195 3.281250 0.039837 FPGA_VCCINT_MON 0.005420 1.093750 0.005813
81 FPGA_VCCAUX_MON 0.012195 3.281250 0.039837 FPGA_VCCINT_MON 0.005420 1.093750 0.005813
82 FPGA_VCCAUX_MON 0.012195 3.281250 0.039837 FPGA_VCCINT_MON 0.005420 1.093750 0.005813
83 FPGA_VCCAUX_MON 0.012195 3.281250 0.039837 FPGA_VCCINT_MON 0.005420 1.093750 0.005813
84 FPGA_VCCAUX_MON 0.012195 3.281250 0.039837 FPGA_VCCINT_MON 0.005420 1.093750 0.005813
85 FPGA_VCCAUX_MON 0.012195 3.281250 0.039837 FPGA_VCCINT_MON 0.005420 1.093750 0.005813
86 FPGA_VCCAUX_MON 0.012195 3.281250 0.039837 FPGA_VCCINT_MON 0.005420 1.093750 0.005813
87 FPGA_VCCAUX_MON 0.012195 3.281250 0.039837 FPGA_VCCINT_MON 0.005420 1.093750 0.005813
88 FPGA_VCCAUX_MON 0.012195 3.281250 0.039837 FPGA_VCCINT_MON 0.005420 1.250000 0.006643
89 FPGA_VCCAUX_MON 0.012195 3.281250 0.039837 FPGA_VCCINT_MON 0.005420 1.250000 0.006643
90 FPGA_VCCAUX_MON 0.012195 3.281250 0.039837 FPGA_VCCINT_MON 0.005420 1.250000 0.006643
91 FPGA_VCCAUX_MON 0.012195 3.281250 0.039837 FPGA_VCCINT_MON 0.005420 1.250000 0.006643
92 FPGA_VCCAUX_MON 0.012195 3.281250 0.039837 FPGA_VCCINT_MON 0.005420 1.250000 0.006643
93 FPGA_VCCAUX_MON 0.012195 3.281250 0.039837 FPGA_VCCINT_MON 0.005420 1.250000 0.006643
94 FPGA_VCCAUX_MON 0.012195 3.281250 0.039837 FPGA_VCCINT_MON 0.005420 1.093750 0.005813
95 FPGA_VCCAUX_MON 0.012195 3.281250 0.039837 FPGA_VCCINT_MON 0.005420 1.093750 0.005813
96 FPGA_VCCAUX_MON 0.012195 3.281250 0.039837 FPGA_VCCINT_MON 0.005420 1.093750 0.005813
97 FPGA_VCCAUX_MON 0.012195 3.281250 0.039837 FPGA_VCCINT_MON 0.005420 1.093750 0.005813
98 FPGA_VCCAUX_MON 0.012195 3.281250 0.039837 FPGA_VCCINT_MON 0.005420 1.250000 0.006643
99 FPGA_VCCAUX_MON 0.012195 3.281250 0.039837 FPGA_VCCINT_MON 0.005420 1.250000 0.006643
100 FPGA_VCCAUX_MON 0.012195 3.281250 0.039837 FPGA_VCCINT_MON 0.005420 1.250000 0.006643
101 FPGA_VCCAUX_MON 0.012195 3.281250 0.039837 FPGA_VCCINT_MON 0.005420 1.093750 0.005813
102 FPGA_VCCAUX_MON 0.012195 3.281250 0.039837 FPGA_VCCINT_MON 0.005420 1.093750 0.005813
103 FPGA_VCCAUX_MON 0.012195 3.281250 0.039837 FPGA_VCCINT_MON 0.005420 1.093750 0.005813
104 FPGA_VCCAUX_MON 0.012195 3.281250 0.039837 FPGA_VCCINT_MON 0.005420 1.093750 0.005813
105 FPGA_VCCAUX_MON 0.012195 3.281250 0.039837 FPGA_VCCINT_MON 0.005420 1.250000 0.006643
106 FPGA_VCCAUX_MON 0.012195 3.281250 0.039837 FPGA_VCCINT_MON 0.005420 1.250000 0.006643
107 FPGA_VCCAUX_MON 0.012195 3.281250 0.039837 FPGA_VCCINT_MON 0.005420 1.250000 0.006643
108 FPGA_VCCAUX_MON 0.012195 3.281250 0.039837 FPGA_VCCINT_MON 0.005420 1.250000 0.006643
109 FPGA_VCCAUX_MON 0.012195 3.281250 0.039837 FPGA_VCCINT_MON 0.005420 1.250000 0.006643
110 FPGA_VCCAUX_MON 0.012195 3.281250 0.039837 FPGA_VCCINT_MON 0.005420 1.250000 0.006643
111 FPGA_VCCAUX_MON 0.012195 3.281250 0.039837 FPGA_VCCINT_MON 0.005420 1.250000 0.006643
112 FPGA_VCCAUX_MON 0.012195 3.281250 0.039837 FPGA_VCCINT_MON 0.005420 1.093750 0.005813
113 FPGA_VCCAUX_MON 0.012195 3.281250 0.039837 FPGA_VCCINT_MON 0.005420 1.093750 0.005813
114 FPGA_VCCAUX_MON 0.012195 3.281250 0.039837 FPGA_VCCINT_MON 0.005420 1.093750 0.005813
115 FPGA_VCCAUX_MON 0.012195 3.281250 0.039837 FPGA_VCCINT_MON 0.005420 1.093750 0.005813
116 FPGA_VCCAUX_MON 0.012195 3.281250 0.039837 FPGA_VCCINT_MON 0.005420 1.250000 0.006643
117 FPGA_VCCAUX_MON 0.012195 3.281250 0.039837 FPGA_VCCINT_MON 0.005420 1.250000 0.006643
118 FPGA_VCCAUX_MON 0.012195 3.281250 0.039837 FPGA_VCCINT_MON 0.005420 1.250000 0.006643
119 FPGA_VCCAUX_MON 0.012195 3.281250 0.039837 FPGA_VCCINT_MON 0.005420 1.093750 0.005813
120 FPGA_VCCAUX_MON 0.012195 3.281250 0.039837 FPGA_VCCINT_MON 0.005420 1.093750 0.005813
121 FPGA_VCCAUX_MON 0.012195 3.281250 0.039837 FPGA_VCCINT_MON 0.006001 1.093750 0.006436
122 FPGA_VCCAUX_MON 0.012195 3.281250 0.039837 FPGA_VCCINT_MON 0.006388 1.093750 0.006851
123 FPGA_VCCAUX_MON 0.012195 3.281250 0.039837 FPGA_VCCINT_MON 0.005807 1.250000 0.007118
124 FPGA_VCCAUX_MON 0.012195 3.281250 0.039837 FPGA_VCCINT_MON 0.005807 1.250000 0.007118
125 FPGA_VCCAUX_MON 0.012195 3.281250 0.039837 FPGA_VCCINT_MON 0.006001 1.250000 0.007355
126 FPGA_VCCAUX_MON 0.012195 3.281250 0.039837 FPGA_VCCINT_MON 0.005807 1.093750 0.006228
127 FPGA_VCCAUX_MON 0.012195 3.281250 0.039837 FPGA_VCCINT_MON 0.005807 1.093750 0.006228
128 FPGA_VCCAUX_MON 0.012195 3.281250 0.039837 FPGA_VCCINT_MON 0.005807 1.093750 0.006228
129 FPGA_VCCAUX_MON 0.012195 3.281250 0.039837 FPGA_VCCINT_MON 0.005807 1.093750 0.006228
130 FPGA_VCCAUX_MON 0.012195 3.281250 0.039837 FPGA_VCCINT_MON 0.005807 1.250000 0.007118
131 FPGA_VCCAUX_MON 0.012195 3.281250 0.039837 FPGA_VCCINT_MON 0.005807 1.250000 0.007118
132 FPGA_VCCAUX_MON 0.012195 3.281250 0.039837 FPGA_VCCINT_MON 0.005807 1.250000 0.007118
133 FPGA_VCCAUX_MON 0.012195 3.281250 0.039837 FPGA_VCCINT_MON 0.005807 1.093750 0.006228
134 FPGA_VCCAUX_MON 0.012195 3.281250 0.039837 FPGA_VCCINT_MON 0.006001 1.093750 0.006436
135 FPGA_VCCAUX_MON 0.012195 3.281250 0.039837 FPGA_VCCINT_MON 0.006001 1.093750 0.006436
136 FPGA_VCCAUX_MON 0.012195 3.281250 0.039837 FPGA_VCCINT_MON 0.006001 1.093750 0.006436
137 FPGA_VCCAUX_MON 0.012195 3.281250 0.039837 FPGA_VCCINT_MON 0.005420 1.250000 0.006643
138 FPGA_VCCAUX_MON 0.012195 3.281250 0.039837 FPGA_VCCINT_MON 0.004839 1.250000 0.005931
139 FPGA_VCCAUX_MON 0.012195 3.281250 0.039837 FPGA_VCCINT_MON 0.005420 1.250000 0.006643
140 FPGA_VCCAUX_MON 0.012195 3.281250 0.039837 FPGA_VCCINT_MON 0.005420 1.250000 0.006643
141 FPGA_VCCAUX_MON 0.012195 3.281250 0.039837 FPGA_VCCINT_MON 0.005420 1.250000 0.006643
142 FPGA_VCCAUX_MON 0.012195 3.281250 0.039837 FPGA_VCCINT_MON 0.005420 1.093750 0.005813
143 FPGA_VCCAUX_MON 0.012195 3.281250 0.039837 FPGA_VCCINT_MON 0.005420 1.093750 0.005813
144 FPGA_VCCAUX_MON 0.012195 3.281250 0.039837 FPGA_VCCINT_MON 0.005420 1.093750 0.005813
145 FPGA_VCCAUX_MON 0.012195 3.281250 0.039837 FPGA_VCCINT_MON 0.005420 1.093750 0.005813
146 FPGA_VCCAUX_MON 0.012195 3.281250 0.039837 FPGA_VCCINT_MON 0.005420 1.093750 0.005813
147 FPGA_VCCAUX_MON 0.012195 3.281250 0.039837 FPGA_VCCINT_MON 0.005420 1.093750 0.005813
148 FPGA_VCCAUX_MON 0.012195 3.281250 0.039837 FPGA_VCCINT_MON 0.005420 1.093750 0.005813
149 FPGA_VCCAUX_MON 0.012195 3.281250 0.039837 FPGA_VCCINT_MON 0.005420 1.093750 0.005813
150 FPGA_VCCAUX_MON 0.012195 3.281250 0.039837 FPGA_VCCINT_MON 0.005420 1.093750 0.005813
151 FPGA_VCCAUX_MON 0.012195 3.281250 0.039837 FPGA_VCCINT_MON 0.005420 1.093750 0.005813
152 FPGA_VCCAUX_MON 0.012195 3.281250 0.039837 FPGA_VCCINT_MON 0.005420 1.093750 0.005813
153 FPGA_VCCAUX_MON 0.012195 3.281250 0.039837 FPGA_VCCINT_MON 0.005420 1.250000 0.006643
154 FPGA_VCCAUX_MON 0.012195 3.281250 0.039837 FPGA_VCCINT_MON 0.005420 1.250000 0.006643
155 FPGA_VCCAUX_MON 0.012195 3.281250 0.039837 FPGA_VCCINT_MON 0.005420 1.250000 0.006643
156 FPGA_VCCAUX_MON 0.012195 3.281250 0.039837 FPGA_VCCINT_MON 0.005420 1.250000 0.006643
157 FPGA_VCCAUX_MON 0.012195 3.281250 0.039837 FPGA_VCCINT_MON 0.005420 1.250000 0.006643
158 FPGA_VCCAUX_MON 0.012195 3.281250 0.039837 FPGA_VCCINT_MON 0.005420 1.250000 0.006643
159 FPGA_VCCAUX_MON 0.012195 3.281250 0.039837 FPGA_VCCINT_MON 0.005420 1.250000 0.006643
160 FPGA_VCCAUX_MON 0.012195 3.281250 0.039837 FPGA_VCCINT_MON 0.005420 1.250000 0.006643
161 FPGA_VCCAUX_MON 0.012195 3.281250 0.039837 FPGA_VCCINT_MON 0.005420 1.250000 0.006643
162 FPGA_VCCAUX_MON 0.012195 3.281250 0.039837 FPGA_VCCINT_MON 0.005420 1.250000 0.006643
163 FPGA_VCCAUX_MON 0.012195 3.281250 0.039837 FPGA_VCCINT_MON 0.005420 1.093750 0.005813
164 FPGA_VCCAUX_MON 0.012195 3.281250 0.039837 FPGA_VCCINT_MON 0.005420 1.093750 0.005813
165 FPGA_VCCAUX_MON 0.012195 3.281250 0.039837 FPGA_VCCINT_MON 0.005420 1.093750 0.005813
166 FPGA_VCCAUX_MON 0.012195 3.281250 0.039837 FPGA_VCCINT_MON 0.005420 1.093750 0.005813
167 FPGA_VCCAUX_MON 0.012195 3.281250 0.039837 FPGA_VCCINT_MON 0.005420 1.250000 0.006643
168 FPGA_VCCAUX_MON 0.012195 3.281250 0.039837 FPGA_VCCINT_MON 0.005420 1.250000 0.006643
169 FPGA_VCCAUX_MON 0.012195 3.281250 0.039837 FPGA_VCCINT_MON 0.005420 1.250000 0.006643
170 FPGA_VCCAUX_MON 0.012195 3.281250 0.039837 FPGA_VCCINT_MON 0.005420 1.093750 0.005813
171 FPGA_VCCAUX_MON 0.012195 3.281250 0.039837 FPGA_VCCINT_MON 0.005420 1.093750 0.005813
172 FPGA_VCCAUX_MON 0.012195 3.281250 0.039837 FPGA_VCCINT_MON 0.005420 1.093750 0.005813
173 FPGA_VCCAUX_MON 0.012195 3.281250 0.039837 FPGA_VCCINT_MON 0.005420 1.093750 0.005813
174 FPGA_VCCAUX_MON 0.012195 3.281250 0.039837 FPGA_VCCINT_MON 0.005420 1.250000 0.006643
175 FPGA_VCCAUX_MON 0.012195 3.281250 0.039837 FPGA_VCCINT_MON 0.005420 1.250000 0.006643
176 FPGA_VCCAUX_MON 0.012195 3.281250 0.039837 FPGA_VCCINT_MON 0.005420 1.250000 0.006643
177 FPGA_VCCAUX_MON 0.012195 3.281250 0.039837 FPGA_VCCINT_MON 0.005420 1.093750 0.005813
178 FPGA_VCCAUX_MON 0.012195 3.281250 0.039837 FPGA_VCCINT_MON 0.005420 1.093750 0.005813
179 FPGA_VCCAUX_MON 0.012195 3.281250 0.039837 FPGA_VCCINT_MON 0.005420 1.093750 0.005813
180 FPGA_VCCAUX_MON 0.012195 3.281250 0.039837 FPGA_VCCINT_MON 0.005420 1.093750 0.005813
181 FPGA_VCCAUX_MON 0.012195 3.281250 0.039837 FPGA_VCCINT_MON 0.005420 1.250000 0.006643
182 FPGA_VCCAUX_MON 0.012195 3.281250 0.039837 FPGA_VCCINT_MON 0.005420 1.250000 0.006643
183 FPGA_VCCAUX_MON 0.012195 3.281250 0.039837 FPGA_VCCINT_MON 0.005420 1.250000 0.006643
184 FPGA_VCCAUX_MON 0.012195 3.281250 0.039837 FPGA_VCCINT_MON 0.005420 1.093750 0.005813
185 FPGA_VCCAUX_MON 0.012195 3.281250 0.039837 FPGA_VCCINT_MON 0.005420 1.093750 0.005813
186 FPGA_VCCAUX_MON 0.012195 3.281250 0.039837 FPGA_VCCINT_MON 0.005420 1.093750 0.005813
187 FPGA_VCCAUX_MON 0.012195 3.281250 0.039837 FPGA_VCCINT_MON 0.005420 1.093750 0.005813
188 FPGA_VCCAUX_MON 0.012195 3.281250 0.039837 FPGA_VCCINT_MON 0.005420 1.250000 0.006643
189 FPGA_VCCAUX_MON 0.012195 3.281250 0.039837 FPGA_VCCINT_MON 0.005420 1.250000 0.006643
190 FPGA_VCCAUX_MON 0.012195 3.281250 0.039837 FPGA_VCCINT_MON 0.005420 1.250000 0.006643
191 FPGA_VCCAUX_MON 0.012195 3.281250 0.039837 FPGA_VCCINT_MON 0.005420 1.250000 0.006643
192 FPGA_VCCAUX_MON 0.012195 3.281250 0.039837 FPGA_VCCINT_MON 0.005420 1.250000 0.006643
193 FPGA_VCCAUX_MON 0.012195 3.281250 0.039837 FPGA_VCCINT_MON 0.005420 1.250000 0.006643
194 FPGA_VCCAUX_MON 0.012195 3.281250 0.039837 FPGA_VCCINT_MON 0.005420 1.250000 0.006643
195 FPGA_VCCAUX_MON 0.012195 3.281250 0.039837 FPGA_VCCINT_MON 0.005420 1.093750 0.005813
196 FPGA_VCCAUX_MON 0.012195 3.281250 0.039837 FPGA_VCCINT_MON 0.005420 1.093750 0.005813
197 FPGA_VCCAUX_MON 0.012195 3.281250 0.039837 FPGA_VCCINT_MON 0.005420 1.093750 0.005813
198 FPGA_VCCAUX_MON 0.012195 3.281250 0.039837 FPGA_VCCINT_MON 0.005420 1.093750 0.005813
199 FPGA_VCCAUX_MON 0.012195 3.281250 0.039837 FPGA_VCCINT_MON 0.005420 1.250000 0.006643
200 FPGA_VCCAUX_MON 0.012195 3.281250 0.039837 FPGA_VCCINT_MON 0.005420 1.250000 0.006643
201 FPGA_VCCAUX_MON 0.012195 3.281250 0.039837 FPGA_VCCINT_MON 0.005420 1.250000 0.006643
202 FPGA_VCCAUX_MON 0.012195 3.281250 0.039837 FPGA_VCCINT_MON 0.005420 1.250000 0.006643
203 FPGA_VCCAUX_MON 0.012195 3.281250 0.039837 FPGA_VCCINT_MON 0.005420 1.250000 0.006643
204 FPGA_VCCAUX_MON 0.012195 3.281250 0.039837 FPGA_VCCINT_MON 0.005420 1.250000 0.006643
205 FPGA_VCCAUX_MON 0.012195 3.281250 0.039837 FPGA_VCCINT_MON 0.005420 1.250000 0.006643
206 FPGA_VCCAUX_MON 0.012195 3.281250 0.039837 FPGA_VCCINT_MON 0.005420 1.250000 0.006643
207 FPGA_VCCAUX_MON 0.012195 3.281250 0.039837 FPGA_VCCINT_MON 0.005420 1.250000 0.006643
208 FPGA_VCCAUX_MON 0.012195 3.281250 0.039837 FPGA_VCCINT_MON 0.005420 1.250000 0.006643
209 FPGA_VCCAUX_MON 0.012195 3.281250 0.039837 FPGA_VCCINT_MON 0.005420 1.250000 0.006643
210 FPGA_VCCAUX_MON 0.012195 3.281250 0.039837 FPGA_VCCINT_MON 0.005420 1.250000 0.006643
211 FPGA_VCCAUX_MON 0.012195 3.281250 0.039837 FPGA_VCCINT_MON 0.005420 1.093750 0.005813
212 FPGA_VCCAUX_MON 0.012195 3.281250 0.039837 FPGA_VCCINT_MON 0.005420 1.093750 0.005813
213 FPGA_VCCAUX_MON 0.012195 3.281250 0.039837 FPGA_VCCINT_MON 0.005420 1.093750 0.005813
214 FPGA_VCCAUX_MON 0.012195 3.281250 0.039837 FPGA_VCCINT_MON 0.005420 1.093750 0.005813
215 FPGA_VCCAUX_MON 0.012195 3.281250 0.039837 FPGA_VCCINT_MON 0.005420 1.093750 0.005813
216 FPGA_VCCAUX_MON 0.012195 3.281250 0.039837 FPGA_VCCINT_MON 0.005420 1.093750 0.005813
217 FPGA_VCCAUX_MON 0.012195 3.281250 0.039837 FPGA_VCCINT_MON 0.005420 1.093750 0.005813
218 FPGA_VCCAUX_MON 0.012195 3.281250 0.039837 FPGA_VCCINT_MON 0.005420 1.093750 0.005813
219 FPGA_VCCAUX_MON 0.012195 3.281250 0.039837 FPGA_VCCINT_MON 0.005420 1.093750 0.005813
220 FPGA_VCCAUX_MON 0.012195 3.281250 0.039837 FPGA_VCCINT_MON 0.005420 1.093750 0.005813
221 FPGA_VCCAUX_MON 0.012195 3.281250 0.039837 FPGA_VCCINT_MON 0.005420 1.093750 0.005813
222 FPGA_VCCAUX_MON 0.012195 3.281250 0.039837 FPGA_VCCINT_MON 0.005420 1.093750 0.005813
223 FPGA_VCCAUX_MON 0.012195 3.281250 0.039837 FPGA_VCCINT_MON 0.005420 1.250000 0.006643
224 FPGA_VCCAUX_MON 0.012195 3.281250 0.039837 FPGA_VCCINT_MON 0.005420 1.250000 0.006643
225 FPGA_VCCAUX_MON 0.012195 3.281250 0.039837 FPGA_VCCINT_MON 0.005420 1.250000 0.006643
226 FPGA_VCCAUX_MON 0.012195 3.281250 0.039837 FPGA_VCCINT_MON 0.005420 1.250000 0.006643
227 FPGA_VCCAUX_MON 0.012195 3.281250 0.039837 FPGA_VCCINT_MON 0.005420 1.250000 0.006643
228 FPGA_VCCAUX_MON 0.012195 3.281250 0.039837 FPGA_VCCINT_MON 0.005420 1.250000 0.006643
229 FPGA_VCCAUX_MON 0.012195 3.281250 0.039837 FPGA_VCCINT_MON 0.005420 1.250000 0.006643
230 FPGA_VCCAUX_MON 0.012195 3.281250 0.039837 FPGA_VCCINT_MON 0.005420 1.250000 0.006643
231 FPGA_VCCAUX_MON 0.012195 3.281250 0.039837 FPGA_VCCINT_MON 0.005420 1.250000 0.006643
232 FPGA_VCCAUX_MON 0.012195 3.281250 0.039837 FPGA_VCCINT_MON 0.005420 1.250000 0.006643
233 FPGA_VCCAUX_MON 0.012195 3.281250 0.039837 FPGA_VCCINT_MON 0.005420 1.250000 0.006643
234 FPGA_VCCAUX_MON 0.012195 3.281250 0.039837 FPGA_VCCINT_MON 0.005420 1.250000 0.006643
235 FPGA_VCCAUX_MON 0.012195 3.281250 0.039837 FPGA_VCCINT_MON 0.005420 1.250000 0.006643
236 FPGA_VCCAUX_MON 0.012195 3.281250 0.039837 FPGA_VCCINT_MON 0.005420 1.250000 0.006643
237 FPGA_VCCAUX_MON 0.012195 3.281250 0.039837 FPGA_VCCINT_MON 0.005420 1.250000 0.006643
238 FPGA_VCCAUX_MON 0.012195 3.281250 0.039837 FPGA_VCCINT_MON 0.005420 1.250000 0.006643
239 FPGA_VCCAUX_MON 0.012195 3.281250 0.039837 FPGA_VCCINT_MON 0.005420 1.250000 0.006643
240 FPGA_VCCAUX_MON 0.012195 3.281250 0.039837 FPGA_VCCINT_MON 0.005420 1.250000 0.006643
241 FPGA_VCCAUX_MON 0.012195 3.281250 0.039837 FPGA_VCCINT_MON 0.005420 1.250000 0.006643
242 FPGA_VCCAUX_MON 0.012195 3.281250 0.039837 FPGA_VCCINT_MON 0.005420 1.093750 0.005813
243 FPGA_VCCAUX_MON 0.012195 3.281250 0.039837 FPGA_VCCINT_MON 0.005420 1.093750 0.005813
244 FPGA_VCCAUX_MON 0.012195 3.281250 0.039837 FPGA_VCCINT_MON 0.005420 1.093750 0.005813
245 FPGA_VCCAUX_MON 0.012195 3.281250 0.039837 FPGA_VCCINT_MON 0.005420 1.093750 0.005813
246 FPGA_VCCAUX_MON 0.012195 3.281250 0.039837 FPGA_VCCINT_MON 0.005420 1.250000 0.006643
247 FPGA_VCCAUX_MON 0.012195 3.281250 0.039837 FPGA_VCCINT_MON 0.005420 1.250000 0.006643
248 FPGA_VCCAUX_MON 0.012195 3.281250 0.039837 FPGA_VCCINT_MON 0.005420 1.250000 0.006643
249 FPGA_VCCAUX_MON 0.012195 3.281250 0.039837 FPGA_VCCINT_MON 0.005420 1.250000 0.006643
250 FPGA_VCCAUX_MON 0.012195 3.281250 0.039837 FPGA_VCCINT_MON 0.005420 1.250000 0.006643
251 FPGA_VCCAUX_MON 0.012195 3.281250 0.039837 FPGA_VCCINT_MON 0.005420 1.250000 0.006643
252 FPGA_VCCAUX_MON 0.012195 3.281250 0.039837 FPGA_VCCINT_MON 0.005420 1.250000 0.006643
253 FPGA_VCCAUX_MON 0.012195 3.281250 0.039837 FPGA_VCCINT_MON 0.005420 1.250000 0.006643
254 FPGA_VCCAUX_MON 0.012195 3.281250 0.039837 FPGA_VCCINT_MON 0.005420 1.250000 0.006643
255 FPGA_VCCAUX_MON 0.012195 3.281250 0.039837 FPGA_VCCINT_MON 0.005420 1.250000 0.006643
256 FPGA_VCCAUX_MON 0.012195 3.281250 0.039837 FPGA_VCCINT_MON 0.005420 1.250000 0.006643
257 FPGA_VCCAUX_MON 0.012195 3.281250 0.039837 FPGA_VCCINT_MON 0.005420 1.250000 0.006643
258 FPGA_VCCAUX_MON 0.012195 3.281250 0.039837 FPGA_VCCINT_MON 0.005420 1.250000 0.006643
259 FPGA_VCCAUX_MON 0.012195 3.281250 0.039837 FPGA_VCCINT_MON 0.005420 1.250000 0.006643
260 FPGA_VCCAUX_MON 0.012195 3.281250 0.039837 FPGA_VCCINT_MON 0.005420 1.250000 0.006643
261 FPGA_VCCAUX_MON 0.012195 3.281250 0.039837 FPGA_VCCINT_MON 0.005420 1.250000 0.006643
262 FPGA_VCCAUX_MON 0.012195 3.281250 0.039837 FPGA_VCCINT_MON 0.005420 1.250000 0.006643
263 FPGA_VCCAUX_MON 0.012195 3.281250 0.039837 FPGA_VCCINT_MON 0.005420 1.250000 0.006643
264 FPGA_VCCAUX_MON 0.012195 3.281250 0.039837 FPGA_VCCINT_MON 0.005420 1.250000 0.006643
265 FPGA_VCCAUX_MON 0.012195 3.281250 0.039837 FPGA_VCCINT_MON 0.005420 1.250000 0.006643
266 FPGA_VCCAUX_MON 0.012195 3.281250 0.039837 FPGA_VCCINT_MON 0.005420 1.250000 0.006643
267 FPGA_VCCAUX_MON 0.012195 3.281250 0.039837 FPGA_VCCINT_MON 0.005420 1.250000 0.006643
268 FPGA_VCCAUX_MON 0.012195 3.281250 0.039837 FPGA_VCCINT_MON 0.005420 1.250000 0.006643
269 FPGA_VCCAUX_MON 0.012195 3.281250 0.039837 FPGA_VCCINT_MON 0.005420 1.250000 0.006643
270 FPGA_VCCAUX_MON 0.012195 3.281250 0.039837 FPGA_VCCINT_MON 0.005420 1.250000 0.006643
271 FPGA_VCCAUX_MON 0.012195 3.281250 0.039837 FPGA_VCCINT_MON 0.005420 1.093750 0.005813
272 FPGA_VCCAUX_MON 0.012195 3.281250 0.039837 FPGA_VCCINT_MON 0.005420 1.250000 0.006643
273 FPGA_VCCAUX_MON 0.012195 3.281250 0.039837 FPGA_VCCINT_MON 0.005420 1.250000 0.006643
274 FPGA_VCCAUX_MON 0.012195 3.281250 0.039837 FPGA_VCCINT_MON 0.005420 1.250000 0.006643
275 FPGA_VCCAUX_MON 0.012195 3.281250 0.039837 FPGA_VCCINT_MON 0.005420 1.093750 0.005813
276 FPGA_VCCAUX_MON 0.012195 3.281250 0.039837 FPGA_VCCINT_MON 0.005420 1.093750 0.005813
277 FPGA_VCCAUX_MON 0.012195 3.281250 0.039837 FPGA_VCCINT_MON 0.005420 1.093750 0.005813
278 FPGA_VCCAUX_MON 0.012195 3.281250 0.039837 FPGA_VCCINT_MON 0.005420 1.250000 0.006643
279 FPGA_VCCAUX_MON 0.012195 3.281250 0.039837 FPGA_VCCINT_MON 0.005420 1.250000 0.006643
280 FPGA_VCCAUX_MON 0.012195 3.281250 0.039837 FPGA_VCCINT_MON 0.005420 1.250000 0.006643
281 FPGA_VCCAUX_MON 0.012195 3.281250 0.039837 FPGA_VCCINT_MON 0.005420 1.250000 0.006643
282 FPGA_VCCAUX_MON 0.012195 3.281250 0.039837 FPGA_VCCINT_MON 0.005420 1.250000 0.006643
283 FPGA_VCCAUX_MON 0.012195 3.281250 0.039837 FPGA_VCCINT_MON 0.005420 1.250000 0.006643
284 FPGA_VCCAUX_MON 0.012195 3.281250 0.039837 FPGA_VCCINT_MON 0.005420 1.250000 0.006643
285 FPGA_VCCAUX_MON 0.012195 3.281250 0.039837 FPGA_VCCINT_MON 0.005420 1.093750 0.005813
286 FPGA_VCCAUX_MON 0.012195 3.281250 0.039837 FPGA_VCCINT_MON 0.005420 1.093750 0.005813
287 FPGA_VCCAUX_MON 0.012195 3.281250 0.039837 FPGA_VCCINT_MON 0.005420 1.093750 0.005813
288 FPGA_VCCAUX_MON 0.012195 3.281250 0.039837 FPGA_VCCINT_MON 0.005420 1.093750 0.005813
289 FPGA_VCCAUX_MON 0.012195 3.281250 0.039837 FPGA_VCCINT_MON 0.005420 1.250000 0.006643
290 FPGA_VCCAUX_MON 0.012195 3.281250 0.039837 FPGA_VCCINT_MON 0.005420 1.250000 0.006643
291 FPGA_VCCAUX_MON 0.012195 3.281250 0.039837 FPGA_VCCINT_MON 0.005420 1.250000 0.006643
292 FPGA_VCCAUX_MON 0.012195 3.281250 0.039837 FPGA_VCCINT_MON 0.005420 1.250000 0.006643
293 FPGA_VCCAUX_MON 0.012195 3.281250 0.039837 FPGA_VCCINT_MON 0.005420 1.250000 0.006643
294 FPGA_VCCAUX_MON 0.012195 3.281250 0.039837 FPGA_VCCINT_MON 0.005420 1.250000 0.006643
295 FPGA_VCCAUX_MON 0.012195 3.281250 0.039837 FPGA_VCCINT_MON 0.005420 1.093750 0.005813
