FPGA_VCCAUX 0.0010 1 FPGA_VCCAUX 0.000000 10.000001 0.000000 FPGA_VCCINT -0.000000 0.000000 0.000000
43 2 FPGA_VCCAUX 0.000000 10.000001 0.000000 FPGA_VCCINT -0.000000 0.000000 0.000000
77 3 FPGA_VCCAUX 0.000000 10.000001 0.000000 FPGA_VCCINT -0.000000 0.000000 0.000000
111 4 FPGA_VCCAUX 0.000000 10.000001 0.000000 FPGA_VCCINT -0.000000 0.000000 0.000000
146 5 FPGA_VCCAUX 0.000000 10.000001 0.000000 FPGA_VCCINT -0.000000 0.000000 0.000000
180 6 FPGA_VCCAUX 0.000000 10.000001 0.000000 FPGA_VCCINT -0.000000 0.000000 0.000000
214 7 FPGA_VCCAUX 0.000000 10.000001 0.000000 FPGA_VCCINT -0.000000 0.000000 0.000000
248 8 FPGA_VCCAUX 0.000000 10.000001 0.000000 FPGA_VCCINT -0.000000 0.000000 0.000000
282 9 FPGA_VCCAUX 0.000000 10.000001 0.000000 FPGA_VCCINT -0.000000 0.000000 0.000000
316 10 FPGA_VCCAUX 0.000000 10.000001 0.000000 FPGA_VCCINT -0.000000 0.000000 0.000000
351 11 FPGA_VCCAUX 0.000000 10.000001 0.000000 FPGA_VCCINT -0.000000 0.000000 0.000000
385 12 FPGA_VCCAUX 0.000000 10.000001 0.000000 FPGA_VCCINT -0.000000 0.000000 0.000000
419 13 FPGA_VCCAUX 0.000000 10.000001 0.000000 FPGA_VCCINT -0.000000 0.000000 0.000000
454 14 FPGA_VCCAUX 0.000000 10.000001 0.000000 FPGA_VCCINT -0.000000 0.000000 0.000000
488 15 FPGA_VCCAUX 0.000000 10.000001 0.000000 FPGA_VCCINT -0.000000 0.000000 0.000000
523 16 FPGA_VCCAUX 0.000000 10.000001 0.000000 FPGA_VCCINT -0.000000 0.000000 0.000000
557 17 FPGA_VCCAUX 0.000000 10.000001 0.000000 FPGA_VCCINT -0.000000 0.000000 0.000000
591 18 FPGA_VCCAUX 0.000000 10.000001 0.000000 FPGA_VCCINT -0.000000 0.000000 0.000000
626 19 FPGA_VCCAUX 0.000000 10.000001 0.000000 FPGA_VCCINT -0.000000 0.000000 0.000000
660 20 FPGA_VCCAUX 0.000000 10.000001 0.000000 FPGA_VCCINT -0.000000 0.000000 0.000000
695 21 FPGA_VCCAUX 0.000000 10.000001 0.000000 FPGA_VCCINT -0.000000 0.000000 0.000000
729 22 FPGA_VCCAUX 0.000000 10.000001 0.000000 FPGA_VCCINT -0.000000 0.000000 0.000000
764 23 FPGA_VCCAUX 0.000000 10.000001 0.000000 FPGA_VCCINT -0.000000 0.000000 0.000000
798 24 FPGA_VCCAUX 0.000000 10.000001 0.000000 FPGA_VCCINT -0.000000 0.000000 0.000000
833 25 FPGA_VCCAUX 0.000000 10.000001 0.000000 FPGA_VCCINT -0.000000 0.000000 0.000000
867 26 FPGA_VCCAUX 0.000000 10.000001 0.000000 FPGA_VCCINT -0.000000 0.000000 0.000000
901 27 FPGA_VCCAUX 0.000000 10.000001 0.000000 FPGA_VCCINT -0.000000 0.000000 0.000000
936 28 FPGA_VCCAUX 0.000000 10.000001 0.000000 FPGA_VCCINT -0.000000 0.000000 0.000000
970 29 FPGA_VCCAUX 0.000000 10.000001 0.000000 FPGA_VCCINT -0.000000 0.000000 0.000000
1005 30 FPGA_VCCAUX 0.000000 10.000001 0.000000 FPGA_VCCINT -0.000000 0.000000 0.000000
1039 31 FPGA_VCCAUX 0.000000 10.000001 0.000000 FPGA_VCCINT -0.000000 0.000000 0.000000
1074 32 FPGA_VCCAUX 0.000000 10.000001 0.000000 FPGA_VCCINT -0.000000 0.000000 0.000000
1108 33 FPGA_VCCAUX 0.000000 10.000001 0.000000 FPGA_VCCINT -0.000000 0.000000 0.000000
1143 34 FPGA_VCCAUX 0.000000 10.000001 0.000000 FPGA_VCCINT -0.000000 0.000000 0.000000
1178 35 FPGA_VCCAUX 0.000000 10.000001 0.000000 FPGA_VCCINT -0.000000 0.000000 0.000000
1212 36 FPGA_VCCAUX 0.000000 10.000001 0.000000 FPGA_VCCINT -0.000000 0.000000 0.000000
1247 37 FPGA_VCCAUX 0.000000 10.000001 0.000000 FPGA_VCCINT -0.000000 0.000000 0.000000
1282 38 FPGA_VCCAUX 0.000000 10.000001 0.000000 FPGA_VCCINT -0.000000 0.000000 0.000000
1316 39 FPGA_VCCAUX 0.000000 10.000001 0.000000 FPGA_VCCINT -0.000000 0.000000 0.000000
1351 40 FPGA_VCCAUX 0.000000 10.000001 0.000000 FPGA_VCCINT -0.000000 0.000000 0.000000
1386 41 FPGA_VCCAUX 0.000000 10.000001 0.000000 FPGA_VCCINT -0.000000 0.000000 0.000000
1421 42 FPGA_VCCAUX 0.000000 10.000001 0.000000 FPGA_VCCINT -0.000000 0.000000 0.000000
1455 43 FPGA_VCCAUX 0.000000 10.000001 0.000000 FPGA_VCCINT -0.000000 0.000000 0.000000
1490 44 FPGA_VCCAUX 0.000000 10.000001 0.000000 FPGA_VCCINT -0.000000 0.000000 0.000000
1524 45 FPGA_VCCAUX 0.000000 10.000001 0.000000 FPGA_VCCINT -0.000000 0.000000 0.000000
1559 46 FPGA_VCCAUX 0.000000 10.000001 0.000000 FPGA_VCCINT -0.000000 0.000000 0.000000
1593 47 FPGA_VCCAUX 0.000000 10.000001 0.000000 FPGA_VCCINT -0.000000 0.000000 0.000000
1628 48 FPGA_VCCAUX 0.000000 10.000001 0.000000 FPGA_VCCINT -0.000000 0.000000 0.000000
1663 49 FPGA_VCCAUX 0.000000 10.000001 0.000000 FPGA_VCCINT -0.000000 0.000000 0.000000
1697 50 FPGA_VCCAUX 0.000000 10.000001 0.000000 FPGA_VCCINT -0.000000 0.000000 0.000000
1732 51 FPGA_VCCAUX 0.000000 10.000001 0.000000 FPGA_VCCINT -0.000000 0.000000 0.000000
1767 52 FPGA_VCCAUX 0.000000 10.000001 0.000000 FPGA_VCCINT -0.000000 0.000000 0.000000
1801 53 FPGA_VCCAUX 0.000000 10.000001 0.000000 FPGA_VCCINT -0.000000 0.000000 0.000000
1836 54 FPGA_VCCAUX 0.000000 10.000001 0.000000 FPGA_VCCINT -0.000000 0.000000 0.000000
1870 55 FPGA_VCCAUX 0.000000 10.000001 0.000000 FPGA_VCCINT -0.000000 0.000000 0.000000
1905 56 FPGA_VCCAUX 0.000000 10.000001 0.000000 FPGA_VCCINT -0.000000 0.000000 0.000000
1939 57 FPGA_VCCAUX 0.000000 10.000001 0.000000 FPGA_VCCINT -0.000000 0.000000 0.000000
1974 58 FPGA_VCCAUX 0.000000 10.000001 0.000000 FPGA_VCCINT -0.000000 0.000000 0.000000
2009 59 FPGA_VCCAUX 0.000000 10.000001 0.000000 FPGA_VCCINT -0.000000 0.000000 0.000000
2043 60 FPGA_VCCAUX 0.000000 10.000001 0.000000 FPGA_VCCINT -0.000000 0.000000 0.000000
2078 61 FPGA_VCCAUX 0.000000 10.000001 0.000000 FPGA_VCCINT -0.000000 0.000000 0.000000
2112 62 FPGA_VCCAUX 0.000000 10.000001 0.000000 FPGA_VCCINT -0.000000 0.000000 0.000000
2147 63 FPGA_VCCAUX 0.000000 10.000001 0.000000 FPGA_VCCINT -0.000000 0.000000 0.000000
2182 64 FPGA_VCCAUX 0.000000 10.000001 0.000000 FPGA_VCCINT -0.000000 0.000000 0.000000
2216 65 FPGA_VCCAUX 0.000000 10.000001 0.000000 FPGA_VCCINT -0.000000 0.000000 0.000000
2251 66 FPGA_VCCAUX 0.000000 10.000001 0.000000 FPGA_VCCINT -0.000000 0.000000 0.000000
2285 67 FPGA_VCCAUX 0.000000 10.000001 0.000000 FPGA_VCCINT -0.000000 0.000000 0.000000
2320 68 FPGA_VCCAUX 0.000000 10.000001 0.000000 FPGA_VCCINT -0.000000 0.000000 0.000000
2355 69 FPGA_VCCAUX 0.050794 10.000001 0.583658 FPGA_VCCINT -0.000000 0.000000 0.000000
2392 70 FPGA_VCCAUX 0.050794 10.000001 0.583658 FPGA_VCCINT -0.000000 0.000000 0.000000
2430 71 FPGA_VCCAUX 0.050794 10.000001 0.583658 FPGA_VCCINT -0.000000 0.000000 0.000000
2467 72 FPGA_VCCAUX 0.050794 10.000001 0.583658 FPGA_VCCINT -0.000000 0.000000 0.000000
2504 73 FPGA_VCCAUX 0.050794 10.000001 0.583658 FPGA_VCCINT -0.000000 0.000000 0.000000
2541 74 FPGA_VCCAUX 0.050794 10.000001 0.583658 FPGA_VCCINT -0.000000 0.000000 0.000000
2578 75 FPGA_VCCAUX 0.050794 10.000001 0.583658 FPGA_VCCINT -0.000000 0.000000 0.000000
2615 76 FPGA_VCCAUX 0.050794 10.000001 0.583658 FPGA_VCCINT -0.000000 0.000000 0.000000
2653 77 FPGA_VCCAUX 0.050794 10.000001 0.583658 FPGA_VCCINT -0.000000 0.000000 0.000000
2690 78 FPGA_VCCAUX 0.050794 10.000001 0.583658 FPGA_VCCINT -0.000000 0.000000 0.000000
2727 79 FPGA_VCCAUX 0.050794 10.000001 0.583658 FPGA_VCCINT -0.000000 0.000000 0.000000
2764 80 FPGA_VCCAUX 0.050794 10.000001 0.583658 FPGA_VCCINT -0.000000 0.000000 0.000000
2801 81 FPGA_VCCAUX 0.050794 10.000001 0.583658 FPGA_VCCINT -0.000000 0.000000 0.000000
2838 82 FPGA_VCCAUX 0.050794 10.000001 0.583658 FPGA_VCCINT -0.000000 0.000000 0.000000
2875 83 FPGA_VCCAUX 0.050794 10.000001 0.583658 FPGA_VCCINT -0.000000 0.000000 0.000000
2913 84 FPGA_VCCAUX 0.050794 10.000001 0.583658 FPGA_VCCINT -0.000000 0.000000 0.000000
2950 85 FPGA_VCCAUX 0.050794 10.000001 0.583658 FPGA_VCCINT -0.000000 0.000000 0.000000
2987 86 FPGA_VCCAUX 0.050794 10.000001 0.583658 FPGA_VCCINT -0.000000 0.000000 0.000000
3024 87 FPGA_VCCAUX 0.050794 10.000001 0.583658 FPGA_VCCINT -0.000000 0.000000 0.000000
3061 88 FPGA_VCCAUX 0.050794 10.000001 0.583658 FPGA_VCCINT -0.000000 0.000000 0.000000
3098 89 FPGA_VCCAUX 0.025397 10.000001 0.315175 FPGA_VCCINT -0.000000 0.000000 0.000000
3136 90 FPGA_VCCAUX 0.025397 10.000001 0.315175 FPGA_VCCINT -0.000000 0.000000 0.000000
3173 91 FPGA_VCCAUX 0.025397 10.000001 0.315175 FPGA_VCCINT -0.000000 0.000000 0.000000
3210 92 FPGA_VCCAUX 0.025397 10.000001 0.315175 FPGA_VCCINT -0.000000 0.000000 0.000000
3247 93 FPGA_VCCAUX 0.025397 10.000001 0.315175 FPGA_VCCINT -0.000000 0.000000 0.000000
3284 94 FPGA_VCCAUX 0.025397 10.000001 0.315175 FPGA_VCCINT -0.000000 0.000000 0.000000
3321 95 FPGA_VCCAUX 0.025397 10.000001 0.315175 FPGA_VCCINT -0.000000 0.000000 0.000000
3359 96 FPGA_VCCAUX 0.025397 10.000001 0.315175 FPGA_VCCINT -0.000000 0.000000 0.000000
3396 97 FPGA_VCCAUX 0.025397 10.000001 0.315175 FPGA_VCCINT -0.000000 0.000000 0.000000
3433 98 FPGA_VCCAUX 0.025397 10.000001 0.315175 FPGA_VCCINT -0.000000 0.000000 0.000000
3470 99 FPGA_VCCAUX 0.025397 10.000001 0.315175 FPGA_VCCINT -0.000000 0.000000 0.000000
3507 100 FPGA_VCCAUX 0.025397 10.000001 0.315175 FPGA_VCCINT -0.000000 0.000000 0.000000
3544 101 FPGA_VCCAUX 0.025397 10.000001 0.315175 FPGA_VCCINT -0.000000 0.000000 0.000000
3582 102 FPGA_VCCAUX 0.025397 10.000001 0.315175 FPGA_VCCINT -0.000000 0.000000 0.000000
3619 103 FPGA_VCCAUX 0.025397 10.000001 0.315175 FPGA_VCCINT -0.000000 0.000000 0.000000
3656 104 FPGA_VCCAUX 0.025397 10.000001 0.315175 FPGA_VCCINT -0.000000 0.000000 0.000000
3694 105 FPGA_VCCAUX 0.025397 10.000001 0.315175 FPGA_VCCINT -0.000000 0.000000 0.000000
3731 106 FPGA_VCCAUX 0.025397 10.000001 0.315175 FPGA_VCCINT -0.000000 0.000000 0.000000
3769 107 FPGA_VCCAUX 0.025397 10.000001 0.315175 FPGA_VCCINT -0.000000 0.000000 0.000000
3806 108 FPGA_VCCAUX 0.012698 10.000001 0.124514 FPGA_VCCINT -0.000000 0.000000 0.000000
3843 109 FPGA_VCCAUX 0.012698 10.000001 0.124514 FPGA_VCCINT -0.000000 0.000000 0.000000
3881 110 FPGA_VCCAUX 0.012698 10.000001 0.124514 FPGA_VCCINT -0.000000 0.000000 0.000000
3918 111 FPGA_VCCAUX 0.012698 10.000001 0.124514 FPGA_VCCINT -0.000000 0.000000 0.000000
3955 112 FPGA_VCCAUX 0.012698 10.000001 0.124514 FPGA_VCCINT -0.000000 0.000000 0.000000
3993 113 FPGA_VCCAUX 0.012698 10.000001 0.124514 FPGA_VCCINT -0.000000 0.000000 0.000000
4030 114 FPGA_VCCAUX 0.012698 10.000001 0.124514 FPGA_VCCINT -0.000000 0.000000 0.000000
4067 115 FPGA_VCCAUX 0.012698 10.000001 0.124514 FPGA_VCCINT -0.000000 0.000000 0.000000
4105 116 FPGA_VCCAUX 0.012698 10.000001 0.124514 FPGA_VCCINT -0.000000 0.000000 0.000000
4142 117 FPGA_VCCAUX 0.012698 10.000001 0.124514 FPGA_VCCINT -0.000000 0.000000 0.000000
4179 118 FPGA_VCCAUX 0.012698 10.000001 0.124514 FPGA_VCCINT -0.000000 0.000000 0.000000
4217 119 FPGA_VCCAUX 0.012698 10.000001 0.124514 FPGA_VCCINT -0.000000 0.000000 0.000000
4254 120 FPGA_VCCAUX 0.012698 10.000001 0.124514 FPGA_VCCINT -0.000000 0.000000 0.000000
4291 121 FPGA_VCCAUX 0.012698 10.000001 0.124514 FPGA_VCCINT -0.000000 0.000000 0.000000
4329 122 FPGA_VCCAUX 0.012698 10.000001 0.124514 FPGA_VCCINT -0.000000 0.000000 0.000000
4366 123 FPGA_VCCAUX 0.012698 10.000001 0.124514 FPGA_VCCINT -0.000000 0.000000 0.000000
4403 124 FPGA_VCCAUX 0.012698 10.000001 0.124514 FPGA_VCCINT -0.000000 0.000000 0.000000
4441 125 FPGA_VCCAUX 0.012698 10.000001 0.124514 FPGA_VCCINT -0.000000 0.000000 0.000000
4478 126 FPGA_VCCAUX 0.012698 10.000001 0.124514 FPGA_VCCINT -0.000000 0.000000 0.000000
4515 127 FPGA_VCCAUX 0.012698 10.000001 0.124514 FPGA_VCCINT -0.000000 0.000000 0.000000
4552 128 FPGA_VCCAUX 0.000000 10.000001 0.046693 FPGA_VCCINT -0.000000 0.000000 0.000000
4588 129 FPGA_VCCAUX 0.000000 10.000001 0.046693 FPGA_VCCINT -0.000000 0.000000 0.000000
4624 130 FPGA_VCCAUX 0.000000 10.000001 0.046693 FPGA_VCCINT -0.000000 0.000000 0.000000
4660 131 FPGA_VCCAUX 0.000000 10.000001 0.046693 FPGA_VCCINT -0.000000 0.000000 0.000000
4696 132 FPGA_VCCAUX 0.000000 10.000001 0.046693 FPGA_VCCINT -0.000000 0.000000 0.000000
4732 133 FPGA_VCCAUX 0.000000 10.000001 0.046693 FPGA_VCCINT -0.000000 0.000000 0.000000
4768 134 FPGA_VCCAUX 0.000000 10.000001 0.046693 FPGA_VCCINT -0.000000 0.000000 0.000000
4804 135 FPGA_VCCAUX 0.000000 10.000001 0.046693 FPGA_VCCINT -0.000000 0.000000 0.000000
4840 136 FPGA_VCCAUX 0.000000 10.000001 0.046693 FPGA_VCCINT -0.000000 0.000000 0.000000
4876 137 FPGA_VCCAUX 0.000000 10.000001 0.046693 FPGA_VCCINT -0.000000 0.000000 0.000000
4911 138 FPGA_VCCAUX 0.000000 10.000001 0.046693 FPGA_VCCINT -0.000000 0.000000 0.000000
4947 139 FPGA_VCCAUX 0.000000 10.000001 0.046693 FPGA_VCCINT -0.000000 0.000000 0.000000
4983 140 FPGA_VCCAUX 0.000000 10.000001 0.046693 FPGA_VCCINT -0.000000 0.000000 0.000000
5019 141 FPGA_VCCAUX 0.000000 10.000001 0.046693 FPGA_VCCINT -0.000000 0.000000 0.000000
5055 142 FPGA_VCCAUX 0.000000 10.000001 0.046693 FPGA_VCCINT -0.000000 0.000000 0.000000
5091 143 FPGA_VCCAUX 0.000000 10.000001 0.046693 FPGA_VCCINT -0.000000 0.000000 0.000000
5127 144 FPGA_VCCAUX 0.000000 10.000001 0.046693 FPGA_VCCINT -0.000000 0.000000 0.000000
5163 145 FPGA_VCCAUX 0.000000 10.000001 0.046693 FPGA_VCCINT -0.000000 0.000000 0.000000
5199 146 FPGA_VCCAUX 0.000000 10.000001 0.046693 FPGA_VCCINT -0.000000 0.000000 0.000000
5235 147 FPGA_VCCAUX 0.000000 10.000001 0.046693 FPGA_VCCINT -0.000000 0.000000 0.000000
5271 148 FPGA_VCCAUX 0.000000 10.000001 0.011673 FPGA_VCCINT -0.000000 0.000000 0.000000
5307 149 FPGA_VCCAUX 0.000000 10.000001 0.011673 FPGA_VCCINT -0.000000 0.000000 0.000000
5342 150 FPGA_VCCAUX 0.000000 10.000001 0.011673 FPGA_VCCINT -0.000000 0.000000 0.000000
5378 151 FPGA_VCCAUX 0.000000 10.000001 0.011673 FPGA_VCCINT -0.000000 0.000000 0.000000
5414 152 FPGA_VCCAUX 0.000000 10.000001 0.011673 FPGA_VCCINT -0.000000 0.000000 0.000000
5450 153 FPGA_VCCAUX 0.000000 10.000001 0.011673 FPGA_VCCINT -0.000000 0.000000 0.000000
5486 154 FPGA_VCCAUX 0.000000 10.000001 0.011673 FPGA_VCCINT -0.000000 0.000000 0.000000
5522 155 FPGA_VCCAUX 0.000000 10.000001 0.011673 FPGA_VCCINT -0.000000 0.000000 0.000000
5557 156 FPGA_VCCAUX 0.000000 10.000001 0.011673 FPGA_VCCINT -0.000000 0.000000 0.000000
5593 157 FPGA_VCCAUX 0.000000 10.000001 0.011673 FPGA_VCCINT -0.000000 0.000000 0.000000
5629 158 FPGA_VCCAUX 0.000000 10.000001 0.011673 FPGA_VCCINT -0.000000 0.000000 0.000000
5665 159 FPGA_VCCAUX 0.000000 10.000001 0.011673 FPGA_VCCINT -0.000000 0.000000 0.000000
5701 160 FPGA_VCCAUX 0.000000 10.000001 0.011673 FPGA_VCCINT -0.000000 0.000000 0.000000
5737 161 FPGA_VCCAUX 0.000000 10.000001 0.011673 FPGA_VCCINT -0.000000 0.000000 0.000000
5772 162 FPGA_VCCAUX 0.000000 10.000001 0.011673 FPGA_VCCINT -0.000000 0.000000 0.000000
5808 163 FPGA_VCCAUX 0.000000 10.000001 0.011673 FPGA_VCCINT -0.000000 0.000000 0.000000
5844 164 FPGA_VCCAUX 0.000000 10.000001 0.011673 FPGA_VCCINT -0.000000 0.000000 0.000000
5880 165 FPGA_VCCAUX 0.000000 10.000001 0.011673 FPGA_VCCINT -0.000000 0.000000 0.000000
5916 166 FPGA_VCCAUX 0.000000 10.000001 0.011673 FPGA_VCCINT -0.000000 0.000000 0.000000
5952 167 FPGA_VCCAUX 0.000000 10.000001 0.011673 FPGA_VCCINT -0.000000 0.000000 0.000000
5987 168 FPGA_VCCAUX 0.000000 10.000001 0.000000 FPGA_VCCINT -0.000000 0.000000 0.000000
6022 169 FPGA_VCCAUX 0.000000 10.000001 0.000000 FPGA_VCCINT -0.000000 0.000000 0.000000
6057 170 FPGA_VCCAUX 0.000000 10.000001 0.000000 FPGA_VCCINT -0.000000 0.000000 0.000000
6092 171 FPGA_VCCAUX 0.000000 10.000001 0.000000 FPGA_VCCINT -0.000000 0.000000 0.000000
6127 172 FPGA_VCCAUX 0.000000 10.000001 0.000000 FPGA_VCCINT -0.000000 0.000000 0.000000
6162 173 FPGA_VCCAUX 0.000000 10.000001 0.000000 FPGA_VCCINT -0.000000 0.000000 0.000000
6197 174 FPGA_VCCAUX 0.000000 10.000001 0.000000 FPGA_VCCINT -0.000000 0.000000 0.000000
6232 175 FPGA_VCCAUX 0.000000 10.000001 0.000000 FPGA_VCCINT -0.000000 0.000000 0.000000
6267 176 FPGA_VCCAUX 0.000000 10.000001 0.000000 FPGA_VCCINT -0.000000 0.000000 0.000000
6301 177 FPGA_VCCAUX 0.000000 10.000001 0.000000 FPGA_VCCINT -0.000000 0.000000 0.000000
6336 178 FPGA_VCCAUX 0.000000 10.000001 0.000000 FPGA_VCCINT -0.000000 0.000000 0.000000
6371 179 FPGA_VCCAUX 0.000000 10.000001 0.000000 FPGA_VCCINT -0.000000 0.000000 0.000000
6406 180 FPGA_VCCAUX 0.000000 10.000001 0.000000 FPGA_VCCINT -0.000000 0.000000 0.000000
6441 181 FPGA_VCCAUX 0.000000 10.000001 0.000000 FPGA_VCCINT -0.000000 0.000000 0.000000
6476 182 FPGA_VCCAUX 0.000000 10.000001 0.000000 FPGA_VCCINT -0.000000 0.000000 0.000000
6510 183 FPGA_VCCAUX 0.000000 10.000001 0.000000 FPGA_VCCINT -0.000000 0.000000 0.000000
6545 184 FPGA_VCCAUX 0.000000 10.000001 0.000000 FPGA_VCCINT -0.000000 0.000000 0.000000
6580 185 FPGA_VCCAUX 0.000000 10.000001 0.000000 FPGA_VCCINT -0.000000 0.000000 0.000000
6615 186 FPGA_VCCAUX 0.000000 10.000001 0.000000 FPGA_VCCINT -0.000000 0.000000 0.000000
6650 187 FPGA_VCCAUX 0.000000 10.000001 0.000000 FPGA_VCCINT -0.000000 0.000000 0.000000
6685 188 FPGA_VCCAUX 0.000000 10.000001 0.000000 FPGA_VCCINT -0.000000 0.000000 0.000000
6720 189 FPGA_VCCAUX 0.000000 10.000001 0.000000 FPGA_VCCINT -0.000000 0.000000 0.000000
6755 190 FPGA_VCCAUX 0.000000 10.000001 0.000000 FPGA_VCCINT -0.000000 0.000000 0.000000
6790 191 FPGA_VCCAUX 0.000000 10.000001 0.000000 FPGA_VCCINT -0.000000 0.000000 0.000000
6824 192 FPGA_VCCAUX 0.000000 10.000001 0.000000 FPGA_VCCINT -0.000000 0.000000 0.000000
6859 193 FPGA_VCCAUX 0.000000 10.000001 0.000000 FPGA_VCCINT -0.000000 0.000000 0.000000
6894 194 FPGA_VCCAUX 0.000000 10.000001 0.000000 FPGA_VCCINT -0.000000 0.000000 0.000000
6929 195 FPGA_VCCAUX 0.000000 10.000001 0.000000 FPGA_VCCINT -0.000000 0.000000 0.000000
6963 196 FPGA_VCCAUX 0.000000 10.000001 0.000000 FPGA_VCCINT -0.000000 0.000000 0.000000
6998 197 FPGA_VCCAUX 0.000000 10.000001 0.000000 FPGA_VCCINT -0.000000 0.000000 0.000000
7033 198 FPGA_VCCAUX 0.000000 10.000001 0.000000 FPGA_VCCINT -0.000000 0.000000 0.000000
7068 199 FPGA_VCCAUX 0.000000 10.000001 0.000000 FPGA_VCCINT -0.000000 0.000000 0.000000
7103 200 FPGA_VCCAUX 0.000000 10.000001 0.000000 FPGA_VCCINT -0.000000 0.000000 0.000000
7137 201 FPGA_VCCAUX 0.000000 10.000001 0.000000 FPGA_VCCINT -0.000000 0.000000 0.000000
7172 202 FPGA_VCCAUX 0.000000 10.000001 0.000000 FPGA_VCCINT -0.000000 0.000000 0.000000
7207 203 FPGA_VCCAUX 0.000000 10.000001 0.000000 FPGA_VCCINT -0.000000 0.000000 0.000000
7242 204 FPGA_VCCAUX 0.000000 10.000001 0.000000 FPGA_VCCINT -0.000000 0.000000 0.000000
7277 205 FPGA_VCCAUX 0.000000 10.000001 0.000000 FPGA_VCCINT -0.000000 0.000000 0.000000
7312 206 FPGA_VCCAUX 0.000000 10.000001 0.000000 FPGA_VCCINT -0.000000 0.000000 0.000000
7347 207 FPGA_VCCAUX 0.000000 10.000001 0.000000 FPGA_VCCINT -0.000000 0.000000 0.000000
7382 208 FPGA_VCCAUX 0.000000 10.000001 0.000000 FPGA_VCCINT -0.000000 0.000000 0.000000
7416 209 FPGA_VCCAUX 0.000000 10.000001 0.000000 FPGA_VCCINT -0.000000 0.000000 0.000000
7451 210 FPGA_VCCAUX 0.000000 10.000001 0.000000 FPGA_VCCINT -0.000000 0.000000 0.000000
7486 211 FPGA_VCCAUX 0.000000 10.000001 0.000000 FPGA_VCCINT -0.000000 0.000000 0.000000
7521 212 FPGA_VCCAUX 0.000000 10.000001 0.000000 FPGA_VCCINT -0.000000 0.000000 0.000000
7556 213 FPGA_VCCAUX 0.000000 10.000001 0.000000 FPGA_VCCINT -0.000000 0.000000 0.000000
7590 214 FPGA_VCCAUX 0.000000 10.000001 0.000000 FPGA_VCCINT -0.000000 0.000000 0.000000
7625 215 FPGA_VCCAUX 0.000000 10.000001 0.000000 FPGA_VCCINT -0.000000 0.000000 0.000000
7660 216 FPGA_VCCAUX 0.000000 10.000001 0.000000 FPGA_VCCINT -0.000000 0.000000 0.000000
7695 217 FPGA_VCCAUX 0.000000 10.000001 0.000000 FPGA_VCCINT -0.000000 0.000000 0.000000
7730 218 FPGA_VCCAUX 0.000000 10.000001 0.000000 FPGA_VCCINT -0.000000 0.000000 0.000000
7765 219 FPGA_VCCAUX 0.000000 10.000001 0.000000 FPGA_VCCINT -0.000000 0.000000 0.000000
