13 1 FPGA_VCCAUX 0.051358 3.320313 0.170103 FPGA_VCCINT 0.006873 1.191406 0.008154
47 2 FPGA_VCCAUX 0.051358 3.320313 0.170103 FPGA_VCCINT 0.006873 1.191406 0.008154
341 3 FPGA_VCCAUX 0.051358 3.300781 0.169092 FPGA_VCCINT 0.006873 1.191406 0.008154
664 4 FPGA_VCCAUX 0.051358 3.300781 0.169092 FPGA_VCCINT 0.006873 1.191406 0.008154
990 5 FPGA_VCCAUX 0.051358 3.300781 0.169092 FPGA_VCCINT 0.006873 1.191406 0.008154
1316 6 FPGA_VCCAUX 0.051358 3.300781 0.169092 FPGA_VCCINT 0.006873 1.191406 0.008154
1639 7 FPGA_VCCAUX 0.051358 3.300781 0.169092 FPGA_VCCINT 0.006873 1.191406 0.008154
1965 8 FPGA_VCCAUX 0.029020 3.339844 0.096658 FPGA_VCCINT 0.003818 1.191406 0.004523
2290 9 FPGA_VCCAUX 0.000000 3.339844 0.000000 FPGA_VCCINT 0.000000 1.191406 0.000000
2614 10 FPGA_VCCAUX 0.000000 3.339844 0.000000 FPGA_VCCINT 0.000000 1.191406 0.000000
2938 11 FPGA_VCCAUX 0.000000 3.339844 0.000000 FPGA_VCCINT 0.000000 1.191406 0.000000
3588 12 FPGA_VCCAUX 0.000000 3.339844 0.000000 FPGA_VCCINT 0.000000 1.191406 0.000000
3915 13 FPGA_VCCAUX 0.000000 3.320313 0.000000 FPGA_VCCINT 0.000000 1.191406 0.000000
4239 14 FPGA_VCCAUX 0.000000 3.320313 0.000000 FPGA_VCCINT 0.000000 1.191406 0.000000
4563 15 FPGA_VCCAUX 0.000000 3.320313 0.000000 FPGA_VCCINT 0.000000 1.191406 0.000000
5375 16 FPGA_VCCAUX 0.000000 3.320313 0.000000 FPGA_VCCINT 0.000000 1.171875 0.000000
5702 17 FPGA_VCCAUX 0.000000 3.320313 0.000000 FPGA_VCCINT 0.000000 1.171875 0.000000
6026 18 FPGA_VCCAUX 0.000000 3.320313 0.000000 FPGA_VCCINT 0.000000 1.191406 0.000000
6350 19 FPGA_VCCAUX 0.000000 3.320313 0.000000 FPGA_VCCINT 0.000000 1.191406 0.000000
6677 20 FPGA_VCCAUX 0.000000 3.320313 0.000000 FPGA_VCCINT 0.000000 1.191406 0.000000
7001 21 FPGA_VCCAUX 0.000000 3.320313 0.000000 FPGA_VCCINT 0.000000 1.191406 0.000000
7325 22 FPGA_VCCAUX 0.000000 3.320313 0.000000 FPGA_VCCINT 0.000000 1.191406 0.000000
7652 23 FPGA_VCCAUX 0.000000 3.320313 0.000000 FPGA_VCCINT 0.000000 1.191406 0.000000
7976 24 FPGA_VCCAUX 0.000000 3.320313 0.000000 FPGA_VCCINT 0.000000 1.191406 0.000000
8300 25 FPGA_VCCAUX 0.000000 3.320313 0.000000 FPGA_VCCINT 0.000000 1.191406 0.000000
8627 26 FPGA_VCCAUX 0.000000 3.320313 0.000000 FPGA_VCCINT 0.000000 1.191406 0.000000
8951 27 FPGA_VCCAUX 0.000000 3.320313 0.000000 FPGA_VCCINT 0.000000 1.191406 0.000000
9277 28 FPGA_VCCAUX 0.000000 3.320313 0.000000 FPGA_VCCINT 0.000000 1.191406 0.000000
9602 29 FPGA_VCCAUX 0.000000 3.320313 0.000000 FPGA_VCCINT 0.000000 1.191406 0.000000
9926 30 FPGA_VCCAUX 0.000000 3.339844 0.000000 FPGA_VCCINT 0.000000 1.191406 0.000000
10253 31 FPGA_VCCAUX 0.000000 3.339844 0.000000 FPGA_VCCINT 0.000000 1.191406 0.000000
10577 32 FPGA_VCCAUX 0.000000 3.339844 0.000000 FPGA_VCCINT 0.000000 1.191406 0.000000
10901 33 FPGA_VCCAUX 0.000000 3.339844 0.000000 FPGA_VCCINT 0.000000 1.191406 0.000000
11226 34 FPGA_VCCAUX 0.000000 3.339844 0.000000 FPGA_VCCINT 0.000000 1.191406 0.000000
11551 35 FPGA_VCCAUX 0.000000 3.339844 0.000000 FPGA_VCCINT 0.000000 1.191406 0.000000
11878 36 FPGA_VCCAUX 0.000000 3.339844 0.000000 FPGA_VCCINT 0.000000 1.191406 0.000000
12202 37 FPGA_VCCAUX 0.000000 3.339844 0.000000 FPGA_VCCINT 0.000000 1.191406 0.000000
12689 38 FPGA_VCCAUX 0.000000 3.339844 0.000000 FPGA_VCCINT 0.000000 1.191406 0.000000
13014 39 FPGA_VCCAUX 0.000000 3.320313 0.000000 FPGA_VCCINT 0.000000 1.191406 0.000000
13338 40 FPGA_VCCAUX 0.000000 3.320313 0.000000 FPGA_VCCINT 0.000000 1.191406 0.000000
13663 41 FPGA_VCCAUX 0.000000 3.339844 0.000000 FPGA_VCCINT 0.000000 1.191406 0.000000
13990 42 FPGA_VCCAUX 0.000000 3.339844 0.000000 FPGA_VCCINT 0.000000 1.191406 0.000000
14314 43 FPGA_VCCAUX 0.000000 3.339844 0.000000 FPGA_VCCINT 0.000000 1.191406 0.000000
14639 44 FPGA_VCCAUX 0.000000 3.339844 0.000000 FPGA_VCCINT 0.000000 1.191406 0.000000
14964 45 FPGA_VCCAUX 0.000000 3.339844 0.000000 FPGA_VCCINT 0.000000 1.191406 0.000000
15288 46 FPGA_VCCAUX 0.000000 3.320313 0.000000 FPGA_VCCINT 0.000000 1.191406 0.000000
15615 47 FPGA_VCCAUX 0.000000 3.320313 0.000000 FPGA_VCCINT 0.000000 1.191406 0.000000
