13 1 FPGA_VCCAUX 0.051378 3.300781 0.169389 FPGA_VCCINT 0.007149 1.171875 0.008333
1265 2 FPGA_VCCAUX 0.051330 3.300781 0.169211 FPGA_VCCINT 0.007101 1.171875 0.008273
2852 3 FPGA_VCCAUX 0.051378 3.300781 0.169389 FPGA_VCCINT 0.007149 1.171875 0.008333
3645 4 FPGA_VCCAUX 0.051330 3.300781 0.169211 FPGA_VCCINT 0.007149 1.171875 0.008333
4441 5 FPGA_VCCAUX 0.051378 3.300781 0.169389 FPGA_VCCINT 0.007149 1.171875 0.008333
5234 6 FPGA_VCCAUX 0.051378 3.300781 0.169389 FPGA_VCCINT 0.007149 1.171875 0.008333
6027 7 FPGA_VCCAUX 0.051330 3.300781 0.169211 FPGA_VCCINT 0.007149 1.171875 0.008333
6820 8 FPGA_VCCAUX 0.051330 3.300781 0.169211 FPGA_VCCINT 0.007149 1.171875 0.008333
7615 9 FPGA_VCCAUX 0.051330 3.300781 0.169211 FPGA_VCCINT 0.007149 1.171875 0.008333
9038 10 FPGA_VCCAUX 0.051378 3.300781 0.169389 FPGA_VCCINT 0.007149 1.171875 0.008333
9834 11 FPGA_VCCAUX 0.051330 3.300781 0.169211 FPGA_VCCINT 0.007149 1.171875 0.008333
10627 12 FPGA_VCCAUX 0.051330 3.300781 0.169211 FPGA_VCCINT 0.007149 1.171875 0.008333
11420 13 FPGA_VCCAUX 0.051378 3.300781 0.169389 FPGA_VCCINT 0.007149 1.171875 0.008333
12214 14 FPGA_VCCAUX 0.051330 3.300781 0.169211 FPGA_VCCINT 0.007149 1.171875 0.008333
13007 15 FPGA_VCCAUX 0.051378 3.300781 0.169389 FPGA_VCCINT 0.007149 1.171875 0.008333
13801 16 FPGA_VCCAUX 0.051378 3.300781 0.169389 FPGA_VCCINT 0.007149 1.171875 0.008333
14594 17 FPGA_VCCAUX 0.051330 3.300781 0.169211 FPGA_VCCINT 0.007149 1.171875 0.008333
15390 18 FPGA_VCCAUX 0.051378 3.300781 0.169389 FPGA_VCCINT 0.007149 1.171875 0.008333
