FPGA_VCCAUX 0.0113 1 FPGA_VCCAUX 0.013937 3.281250 0.044842 FPGA_VCCINT 0.006581 1.093750 0.007058
102 2 FPGA_VCCAUX 0.013937 3.281250 0.044842 FPGA_VCCINT 0.006581 1.093750 0.007058
152 3 FPGA_VCCAUX 0.013937 3.281250 0.044842 FPGA_VCCINT 0.006581 1.093750 0.007058
205 4 FPGA_VCCAUX 0.013937 3.281250 0.044842 FPGA_VCCINT 0.006581 1.093750 0.007058
257 5 FPGA_VCCAUX 0.013937 3.281250 0.044842 FPGA_VCCINT 0.006775 1.093750 0.007266
310 6 FPGA_VCCAUX 0.013937 3.281250 0.044842 FPGA_VCCINT 0.006581 1.093750 0.007058
362 7 FPGA_VCCAUX 0.013937 3.281250 0.044842 FPGA_VCCINT 0.006775 1.093750 0.007266
415 8 FPGA_VCCAUX 0.013937 3.281250 0.044842 FPGA_VCCINT 0.006581 1.093750 0.007058
494 9 FPGA_VCCAUX 0.013937 3.281250 0.044842 FPGA_VCCINT 0.006581 1.093750 0.007058
546 10 FPGA_VCCAUX 0.013937 3.281250 0.044842 FPGA_VCCINT 0.006775 1.093750 0.007266
599 11 FPGA_VCCAUX 0.013937 3.281250 0.044842 FPGA_VCCINT 0.006581 1.093750 0.007058
652 12 FPGA_VCCAUX 0.013937 3.281250 0.044842 FPGA_VCCINT 0.006581 1.093750 0.007058
704 13 FPGA_VCCAUX 0.013937 3.281250 0.044842 FPGA_VCCINT 0.006581 1.093750 0.007058
757 14 FPGA_VCCAUX 0.013937 3.281250 0.044842 FPGA_VCCINT 0.006581 1.093750 0.007058
807 15 FPGA_VCCAUX 0.013937 3.281250 0.044842 FPGA_VCCINT 0.006581 1.093750 0.007058
860 16 FPGA_VCCAUX 0.013937 3.281250 0.044842 FPGA_VCCINT 0.006581 1.093750 0.007058
913 17 FPGA_VCCAUX 0.013937 3.281250 0.044842 FPGA_VCCINT 0.006581 1.093750 0.007058
966 18 FPGA_VCCAUX 0.013937 3.281250 0.044842 FPGA_VCCINT 0.006581 1.093750 0.007058
1019 19 FPGA_VCCAUX 0.013937 3.281250 0.044842 FPGA_VCCINT 0.006581 1.093750 0.007058
1069 20 FPGA_VCCAUX 0.013937 3.281250 0.044842 FPGA_VCCINT 0.006581 1.093750 0.007058
1122 21 FPGA_VCCAUX 0.013937 3.281250 0.044842 FPGA_VCCINT 0.006581 1.093750 0.007058
1175 22 FPGA_VCCAUX 0.013937 3.281250 0.044842 FPGA_VCCINT 0.006775 1.093750 0.007266
1229 23 FPGA_VCCAUX 0.013937 3.281250 0.044842 FPGA_VCCINT 0.006581 1.093750 0.007058
1279 24 FPGA_VCCAUX 0.013937 3.281250 0.044842 FPGA_VCCINT 0.006775 1.093750 0.007266
1332 25 FPGA_VCCAUX 0.013937 3.281250 0.044842 FPGA_VCCINT 0.006581 1.093750 0.007058
1385 26 FPGA_VCCAUX 0.013937 3.281250 0.044842 FPGA_VCCINT 0.006581 1.093750 0.007058
1491 27 FPGA_VCCAUX 0.013937 3.281250 0.044842 FPGA_VCCINT 0.006775 1.093750 0.007266
1541 28 FPGA_VCCAUX 0.013937 3.281250 0.044842 FPGA_VCCINT 0.006581 1.093750 0.007058
1595 29 FPGA_VCCAUX 0.013937 3.281250 0.044842 FPGA_VCCINT 0.006581 1.093750 0.007058
1648 30 FPGA_VCCAUX 0.013937 3.281250 0.044842 FPGA_VCCINT 0.006581 1.093750 0.007058
1698 31 FPGA_VCCAUX 0.013937 3.281250 0.044842 FPGA_VCCINT 0.006581 1.093750 0.007058
1751 32 FPGA_VCCAUX 0.010066 3.281250 0.032386 FPGA_VCCINT 0.006001 1.093750 0.006436
1804 33 FPGA_VCCAUX 0.009292 3.281250 0.029895 FPGA_VCCINT 0.005807 1.093750 0.006228
1858 34 FPGA_VCCAUX 0.009292 3.281250 0.029895 FPGA_VCCINT 0.005807 1.093750 0.006228
1908 35 FPGA_VCCAUX 0.009292 3.281250 0.029895 FPGA_VCCINT 0.005807 1.093750 0.006228
1962 36 FPGA_VCCAUX 0.009292 3.281250 0.029895 FPGA_VCCINT 0.005807 1.093750 0.006228
2015 37 FPGA_VCCAUX 0.009292 3.281250 0.029895 FPGA_VCCINT 0.005807 1.093750 0.006228
2065 38 FPGA_VCCAUX 0.009292 3.281250 0.029895 FPGA_VCCINT 0.005807 1.093750 0.006228
2119 39 FPGA_VCCAUX 0.009292 3.281250 0.029895 FPGA_VCCINT 0.005807 1.093750 0.006228
2172 40 FPGA_VCCAUX 0.009292 3.281250 0.029895 FPGA_VCCINT 0.005807 1.093750 0.006228
2223 41 FPGA_VCCAUX 0.009292 3.281250 0.029895 FPGA_VCCINT 0.005807 1.093750 0.006228
2276 42 FPGA_VCCAUX 0.009292 3.281250 0.029895 FPGA_VCCINT 0.005807 1.093750 0.006228
2329 43 FPGA_VCCAUX 0.009292 3.281250 0.029895 FPGA_VCCINT 0.005807 1.093750 0.006228
2382 44 FPGA_VCCAUX 0.009292 3.281250 0.029895 FPGA_VCCINT 0.005807 1.093750 0.006228
2433 45 FPGA_VCCAUX 0.009292 3.281250 0.029895 FPGA_VCCINT 0.005807 1.093750 0.006228
2486 46 FPGA_VCCAUX 0.009292 3.281250 0.029895 FPGA_VCCINT 0.005807 1.093750 0.006228
2537 47 FPGA_VCCAUX 0.009292 3.281250 0.029895 FPGA_VCCINT 0.005807 1.093750 0.006228
2590 48 FPGA_VCCAUX 0.009292 3.281250 0.029895 FPGA_VCCINT 0.005807 1.093750 0.006228
2643 49 FPGA_VCCAUX 0.009292 3.281250 0.029895 FPGA_VCCINT 0.005807 1.093750 0.006228
2694 50 FPGA_VCCAUX 0.009292 3.281250 0.029895 FPGA_VCCINT 0.005807 1.093750 0.006228
2747 51 FPGA_VCCAUX 0.009292 3.281250 0.029895 FPGA_VCCINT 0.005807 1.093750 0.006228
2801 52 FPGA_VCCAUX 0.009292 3.281250 0.029895 FPGA_VCCINT 0.005807 1.093750 0.006228
2851 53 FPGA_VCCAUX 0.009292 3.281250 0.029895 FPGA_VCCINT 0.005807 1.093750 0.006228
2905 54 FPGA_VCCAUX 0.009292 3.281250 0.029895 FPGA_VCCINT 0.005807 1.093750 0.006228
2958 55 FPGA_VCCAUX 0.009292 3.281250 0.029895 FPGA_VCCINT 0.005807 1.093750 0.006228
3008 56 FPGA_VCCAUX 0.009292 3.281250 0.029895 FPGA_VCCINT 0.005807 1.093750 0.006228
3062 57 FPGA_VCCAUX 0.009292 3.281250 0.029895 FPGA_VCCINT 0.005807 1.093750 0.006228
3115 58 FPGA_VCCAUX 0.009292 3.281250 0.029895 FPGA_VCCINT 0.005807 1.093750 0.006228
3273 59 FPGA_VCCAUX 0.009292 3.281250 0.029895 FPGA_VCCINT 0.005807 1.093750 0.006228
3324 60 FPGA_VCCAUX 0.009292 3.281250 0.029895 FPGA_VCCINT 0.005807 1.093750 0.006228
3377 61 FPGA_VCCAUX 0.009292 3.281250 0.029895 FPGA_VCCINT 0.005807 1.093750 0.006228
3428 62 FPGA_VCCAUX 0.009292 3.281250 0.029895 FPGA_VCCINT 0.005807 1.093750 0.006228
3481 63 FPGA_VCCAUX 0.009292 3.281250 0.029895 FPGA_VCCINT 0.005807 1.093750 0.006228
3534 64 FPGA_VCCAUX 0.009292 3.281250 0.029895 FPGA_VCCINT 0.005807 1.093750 0.006228
3585 65 FPGA_VCCAUX 0.009292 3.281250 0.029895 FPGA_VCCINT 0.005807 1.093750 0.006228
3638 66 FPGA_VCCAUX 0.009292 3.281250 0.029895 FPGA_VCCINT 0.005807 1.093750 0.006228
3692 67 FPGA_VCCAUX 0.009292 3.281250 0.029895 FPGA_VCCINT 0.005807 1.093750 0.006228
3745 68 FPGA_VCCAUX 0.009292 3.281250 0.029895 FPGA_VCCINT 0.005807 1.093750 0.006228
3795 69 FPGA_VCCAUX 0.009292 3.281250 0.029895 FPGA_VCCINT 0.005807 1.093750 0.006228
3849 70 FPGA_VCCAUX 0.009292 3.281250 0.029895 FPGA_VCCINT 0.005807 1.093750 0.006228
3902 71 FPGA_VCCAUX 0.009292 3.281250 0.029895 FPGA_VCCINT 0.005807 1.093750 0.006228
3952 72 FPGA_VCCAUX 0.009292 3.281250 0.029895 FPGA_VCCINT 0.005807 1.093750 0.006228
4006 73 FPGA_VCCAUX 0.009292 3.281250 0.029895 FPGA_VCCINT 0.005807 1.093750 0.006228
4060 74 FPGA_VCCAUX 0.009292 3.281250 0.029895 FPGA_VCCINT 0.005807 1.093750 0.006228
4110 75 FPGA_VCCAUX 0.009292 3.281250 0.029895 FPGA_VCCINT 0.005807 1.093750 0.006228
4164 76 FPGA_VCCAUX 0.009292 3.281250 0.029895 FPGA_VCCINT 0.005807 1.093750 0.006228
4214 77 FPGA_VCCAUX 0.009292 3.281250 0.029895 FPGA_VCCINT 0.005807 1.093750 0.006228
4268 78 FPGA_VCCAUX 0.009292 3.281250 0.029895 FPGA_VCCINT 0.005807 1.093750 0.006228
4321 79 FPGA_VCCAUX 0.009292 3.281250 0.029895 FPGA_VCCINT 0.005807 1.093750 0.006228
4529 80 FPGA_VCCAUX 0.009292 3.281250 0.029895 FPGA_VCCINT 0.005807 1.093750 0.006228
4582 81 FPGA_VCCAUX 0.009292 3.281250 0.029895 FPGA_VCCINT 0.005807 1.093750 0.006228
4635 82 FPGA_VCCAUX 0.009292 3.281250 0.029895 FPGA_VCCINT 0.005807 1.093750 0.006228
4741 83 FPGA_VCCAUX 0.009292 3.281250 0.029895 FPGA_VCCINT 0.005807 1.093750 0.006228
4792 84 FPGA_VCCAUX 0.009292 3.281250 0.029895 FPGA_VCCINT 0.005807 1.093750 0.006228
4845 85 FPGA_VCCAUX 0.009292 3.281250 0.029895 FPGA_VCCINT 0.005807 1.093750 0.006228
4896 86 FPGA_VCCAUX 0.009292 3.281250 0.029895 FPGA_VCCINT 0.005807 1.093750 0.006228
4949 87 FPGA_VCCAUX 0.009292 3.281250 0.029895 FPGA_VCCINT 0.005807 1.093750 0.006228
5003 88 FPGA_VCCAUX 0.009292 3.281250 0.029895 FPGA_VCCINT 0.005807 1.093750 0.006228
5053 89 FPGA_VCCAUX 0.009292 3.281250 0.029895 FPGA_VCCINT 0.005807 1.093750 0.006228
5107 90 FPGA_VCCAUX 0.009292 3.281250 0.029895 FPGA_VCCINT 0.005807 1.093750 0.006228
5160 91 FPGA_VCCAUX 0.009292 3.281250 0.029895 FPGA_VCCINT 0.005807 1.093750 0.006228
5210 92 FPGA_VCCAUX 0.009292 3.281250 0.029895 FPGA_VCCINT 0.005807 1.093750 0.006228
5264 93 FPGA_VCCAUX 0.009292 3.281250 0.029895 FPGA_VCCINT 0.005807 1.093750 0.006228
5317 94 FPGA_VCCAUX 0.009292 3.281250 0.029895 FPGA_VCCINT 0.005807 1.093750 0.006228
5368 95 FPGA_VCCAUX 0.009292 3.281250 0.029895 FPGA_VCCINT 0.005807 1.093750 0.006228
5421 96 FPGA_VCCAUX 0.009292 3.281250 0.029895 FPGA_VCCINT 0.005807 1.093750 0.006228
5474 97 FPGA_VCCAUX 0.009292 3.281250 0.029895 FPGA_VCCINT 0.005807 1.093750 0.006228
5527 98 FPGA_VCCAUX 0.009292 3.281250 0.029895 FPGA_VCCINT 0.005807 1.093750 0.006228
5578 99 FPGA_VCCAUX 0.009292 3.281250 0.029895 FPGA_VCCINT 0.005807 1.093750 0.006228
5631 100 FPGA_VCCAUX 0.009292 3.281250 0.029895 FPGA_VCCINT 0.005807 1.093750 0.006228
5683 101 FPGA_VCCAUX 0.009292 3.281250 0.029895 FPGA_VCCINT 0.005807 1.093750 0.006228
5736 102 FPGA_VCCAUX 0.009292 3.281250 0.029895 FPGA_VCCINT 0.005807 1.093750 0.006228
5839 103 FPGA_VCCAUX 0.009292 3.281250 0.029895 FPGA_VCCINT 0.005807 1.093750 0.006228
5893 104 FPGA_VCCAUX 0.009292 3.281250 0.029895 FPGA_VCCINT 0.005807 1.093750 0.006228
5946 105 FPGA_VCCAUX 0.009292 3.281250 0.029895 FPGA_VCCINT 0.005807 1.093750 0.006228
5997 106 FPGA_VCCAUX 0.009292 3.281250 0.029895 FPGA_VCCINT 0.005807 1.093750 0.006228
6051 107 FPGA_VCCAUX 0.009292 3.281250 0.029895 FPGA_VCCINT 0.005807 1.093750 0.006228
6102 108 FPGA_VCCAUX 0.009292 3.281250 0.029895 FPGA_VCCINT 0.005807 1.093750 0.006228
6155 109 FPGA_VCCAUX 0.009292 3.281250 0.029895 FPGA_VCCINT 0.005807 1.093750 0.006228
6207 110 FPGA_VCCAUX 0.009292 3.281250 0.029895 FPGA_VCCINT 0.005807 1.093750 0.006228
6260 111 FPGA_VCCAUX 0.009292 3.281250 0.029895 FPGA_VCCINT 0.005807 1.093750 0.006228
6314 112 FPGA_VCCAUX 0.009292 3.281250 0.029895 FPGA_VCCINT 0.005807 1.093750 0.006228
6364 113 FPGA_VCCAUX 0.009292 3.281250 0.029895 FPGA_VCCINT 0.005807 1.093750 0.006228
6418 114 FPGA_VCCAUX 0.009292 3.281250 0.029895 FPGA_VCCINT 0.005807 1.093750 0.006228
6469 115 FPGA_VCCAUX 0.009292 3.281250 0.029895 FPGA_VCCINT 0.005807 1.093750 0.006228
6523 116 FPGA_VCCAUX 0.009292 3.281250 0.029895 FPGA_VCCINT 0.005807 1.093750 0.006228
6574 117 FPGA_VCCAUX 0.009292 3.281250 0.029895 FPGA_VCCINT 0.005807 1.093750 0.006228
6627 118 FPGA_VCCAUX 0.009292 3.281250 0.029895 FPGA_VCCINT 0.005807 1.093750 0.006228
6681 119 FPGA_VCCAUX 0.009292 3.281250 0.029895 FPGA_VCCINT 0.005807 1.093750 0.006228
6732 120 FPGA_VCCAUX 0.009292 3.281250 0.029895 FPGA_VCCINT 0.005807 1.093750 0.006228
6785 121 FPGA_VCCAUX 0.009292 3.281250 0.029895 FPGA_VCCINT 0.005807 1.093750 0.006228
6836 122 FPGA_VCCAUX 0.009292 3.281250 0.029895 FPGA_VCCINT 0.005807 1.093750 0.006228
6890 123 FPGA_VCCAUX 0.009292 3.281250 0.029895 FPGA_VCCINT 0.005807 1.093750 0.006228
6941 124 FPGA_VCCAUX 0.009292 3.281250 0.029895 FPGA_VCCINT 0.005807 1.093750 0.006228
6995 125 FPGA_VCCAUX 0.009292 3.281250 0.029895 FPGA_VCCINT 0.005807 1.093750 0.006228
7045 126 FPGA_VCCAUX 0.009292 3.281250 0.029895 FPGA_VCCINT 0.005807 1.093750 0.006228
7099 127 FPGA_VCCAUX 0.009292 3.281250 0.029895 FPGA_VCCINT 0.005807 1.093750 0.006228
7150 128 FPGA_VCCAUX 0.009292 3.281250 0.029895 FPGA_VCCINT 0.005807 1.093750 0.006228
7204 129 FPGA_VCCAUX 0.009292 3.281250 0.029895 FPGA_VCCINT 0.005807 1.093750 0.006228
7258 130 FPGA_VCCAUX 0.009292 3.281250 0.029895 FPGA_VCCINT 0.005807 1.093750 0.006228
7308 131 FPGA_VCCAUX 0.009292 3.281250 0.029895 FPGA_VCCINT 0.005807 1.093750 0.006228
7362 132 FPGA_VCCAUX 0.009292 3.281250 0.029895 FPGA_VCCINT 0.005807 1.093750 0.006228
7413 133 FPGA_VCCAUX 0.009292 3.281250 0.029895 FPGA_VCCINT 0.005807 1.093750 0.006228
7466 134 FPGA_VCCAUX 0.009292 3.281250 0.029895 FPGA_VCCINT 0.005807 1.093750 0.006228
7517 135 FPGA_VCCAUX 0.009292 3.281250 0.029895 FPGA_VCCINT 0.005807 1.093750 0.006228
7571 136 FPGA_VCCAUX 0.009292 3.281250 0.029895 FPGA_VCCINT 0.005807 1.093750 0.006228
7622 137 FPGA_VCCAUX 0.009292 3.281250 0.029895 FPGA_VCCINT 0.005807 1.093750 0.006228
7676 138 FPGA_VCCAUX 0.009292 3.281250 0.029895 FPGA_VCCINT 0.005807 1.093750 0.006228
7729 139 FPGA_VCCAUX 0.009292 3.281250 0.029895 FPGA_VCCINT 0.005807 1.093750 0.006228
7780 140 FPGA_VCCAUX 0.009292 3.281250 0.029895 FPGA_VCCINT 0.005807 1.093750 0.006228
7834 141 FPGA_VCCAUX 0.009292 3.281250 0.029895 FPGA_VCCINT 0.005807 1.093750 0.006228
7885 142 FPGA_VCCAUX 0.009292 3.281250 0.029895 FPGA_VCCINT 0.005807 1.093750 0.006228
7938 143 FPGA_VCCAUX 0.009292 3.281250 0.029895 FPGA_VCCINT 0.005807 1.093750 0.006228
7989 144 FPGA_VCCAUX 0.009292 3.281250 0.029895 FPGA_VCCINT 0.005807 1.093750 0.006228
8043 145 FPGA_VCCAUX 0.009292 3.281250 0.029895 FPGA_VCCINT 0.005807 1.093750 0.006228
8094 146 FPGA_VCCAUX 0.009292 3.281250 0.029895 FPGA_VCCINT 0.005807 1.093750 0.006228
8174 147 FPGA_VCCAUX 0.009292 3.281250 0.029895 FPGA_VCCINT 0.005807 1.093750 0.006228
8227 148 FPGA_VCCAUX 0.009292 3.281250 0.029895 FPGA_VCCINT 0.005807 1.093750 0.006228
8278 149 FPGA_VCCAUX 0.009292 3.281250 0.029895 FPGA_VCCINT 0.005807 1.093750 0.006228
8332 150 FPGA_VCCAUX 0.009292 3.281250 0.029895 FPGA_VCCINT 0.005807 1.093750 0.006228
8383 151 FPGA_VCCAUX 0.009292 3.281250 0.029895 FPGA_VCCINT 0.005807 1.093750 0.006228
8437 152 FPGA_VCCAUX 0.009292 3.281250 0.029895 FPGA_VCCINT 0.005807 1.093750 0.006228
8488 153 FPGA_VCCAUX 0.009292 3.281250 0.029895 FPGA_VCCINT 0.005807 1.093750 0.006228
8541 154 FPGA_VCCAUX 0.009292 3.281250 0.029895 FPGA_VCCINT 0.005807 1.093750 0.006228
8592 155 FPGA_VCCAUX 0.009292 3.281250 0.029895 FPGA_VCCINT 0.005807 1.093750 0.006228
8646 156 FPGA_VCCAUX 0.009292 3.281250 0.029895 FPGA_VCCINT 0.005807 1.093750 0.006228
8697 157 FPGA_VCCAUX 0.009292 3.281250 0.029895 FPGA_VCCINT 0.005807 1.093750 0.006228
8751 158 FPGA_VCCAUX 0.009292 3.281250 0.029895 FPGA_VCCINT 0.005807 1.093750 0.006228
8802 159 FPGA_VCCAUX 0.009292 3.281250 0.029895 FPGA_VCCINT 0.005807 1.093750 0.006228
8855 160 FPGA_VCCAUX 0.009292 3.281250 0.029895 FPGA_VCCINT 0.005807 1.093750 0.006228
8906 161 FPGA_VCCAUX 0.009292 3.281250 0.029895 FPGA_VCCINT 0.005807 1.093750 0.006228
8960 162 FPGA_VCCAUX 0.009292 3.281250 0.029895 FPGA_VCCINT 0.005807 1.093750 0.006228
9013 163 FPGA_VCCAUX 0.009292 3.281250 0.029895 FPGA_VCCINT 0.005807 1.093750 0.006228
9064 164 FPGA_VCCAUX 0.009292 3.281250 0.029895 FPGA_VCCINT 0.005807 1.093750 0.006228
9118 165 FPGA_VCCAUX 0.009292 3.281250 0.029895 FPGA_VCCINT 0.005807 1.093750 0.006228
9169 166 FPGA_VCCAUX 0.009292 3.281250 0.029895 FPGA_VCCINT 0.005807 1.093750 0.006228
9222 167 FPGA_VCCAUX 0.009292 3.281250 0.029895 FPGA_VCCINT 0.005807 1.093750 0.006228
9273 168 FPGA_VCCAUX 0.009292 3.281250 0.029895 FPGA_VCCINT 0.005807 1.093750 0.006228
9327 169 FPGA_VCCAUX 0.009292 3.281250 0.029895 FPGA_VCCINT 0.005807 1.093750 0.006228
9378 170 FPGA_VCCAUX 0.009292 3.281250 0.029895 FPGA_VCCINT 0.005807 1.093750 0.006228
9432 171 FPGA_VCCAUX 0.009292 3.281250 0.029895 FPGA_VCCINT 0.005807 1.093750 0.006228
9483 172 FPGA_VCCAUX 0.009292 3.281250 0.029895 FPGA_VCCINT 0.005807 1.093750 0.006228
9537 173 FPGA_VCCAUX 0.009292 3.281250 0.029895 FPGA_VCCINT 0.005807 1.093750 0.006228
9588 174 FPGA_VCCAUX 0.009292 3.281250 0.029895 FPGA_VCCINT 0.005807 1.093750 0.006228
9641 175 FPGA_VCCAUX 0.009292 3.281250 0.029895 FPGA_VCCINT 0.005807 1.093750 0.006228
9695 176 FPGA_VCCAUX 0.009292 3.281250 0.029895 FPGA_VCCINT 0.005807 1.093750 0.006228
9746 177 FPGA_VCCAUX 0.009292 3.281250 0.029895 FPGA_VCCINT 0.005807 1.093750 0.006228
9799 178 FPGA_VCCAUX 0.009292 3.281250 0.029895 FPGA_VCCINT 0.005807 1.093750 0.006228
9850 179 FPGA_VCCAUX 0.009292 3.281250 0.029895 FPGA_VCCINT 0.005807 1.093750 0.006228
9904 180 FPGA_VCCAUX 0.009292 3.281250 0.029895 FPGA_VCCINT 0.005807 1.093750 0.006228
9955 181 FPGA_VCCAUX 0.009292 3.281250 0.029895 FPGA_VCCINT 0.005807 1.093750 0.006228
10008 182 FPGA_VCCAUX 0.009292 3.281250 0.029895 FPGA_VCCINT 0.005807 1.093750 0.006228
10059 183 FPGA_VCCAUX 0.009292 3.281250 0.029895 FPGA_VCCINT 0.005807 1.093750 0.006228
10113 184 FPGA_VCCAUX 0.009292 3.281250 0.029895 FPGA_VCCINT 0.005807 1.093750 0.006228
10165 185 FPGA_VCCAUX 0.009292 3.281250 0.029895 FPGA_VCCINT 0.005807 1.093750 0.006228
10218 186 FPGA_VCCAUX 0.009292 3.281250 0.029895 FPGA_VCCINT 0.005807 1.093750 0.006228
10270 187 FPGA_VCCAUX 0.009292 3.281250 0.029895 FPGA_VCCINT 0.005807 1.093750 0.006228
10324 188 FPGA_VCCAUX 0.009292 3.281250 0.029895 FPGA_VCCINT 0.005807 1.093750 0.006228
10375 189 FPGA_VCCAUX 0.009292 3.281250 0.029895 FPGA_VCCINT 0.005807 1.093750 0.006228
10429 190 FPGA_VCCAUX 0.009292 3.281250 0.029895 FPGA_VCCINT 0.005807 1.093750 0.006228
10480 191 FPGA_VCCAUX 0.009292 3.281250 0.029895 FPGA_VCCINT 0.005807 1.093750 0.006228
10531 192 FPGA_VCCAUX 0.009292 3.281250 0.029895 FPGA_VCCINT 0.005807 1.093750 0.006228
10585 193 FPGA_VCCAUX 0.009292 3.281250 0.029895 FPGA_VCCINT 0.005807 1.093750 0.006228
10636 194 FPGA_VCCAUX 0.009292 3.281250 0.029895 FPGA_VCCINT 0.005807 1.093750 0.006228
10690 195 FPGA_VCCAUX 0.009292 3.281250 0.029895 FPGA_VCCINT 0.005807 1.093750 0.006228
10741 196 FPGA_VCCAUX 0.009292 3.281250 0.029895 FPGA_VCCINT 0.005807 1.093750 0.006228
10795 197 FPGA_VCCAUX 0.009292 3.281250 0.029895 FPGA_VCCINT 0.005807 1.093750 0.006228
10847 198 FPGA_VCCAUX 0.009292 3.281250 0.029895 FPGA_VCCINT 0.005807 1.093750 0.006228
10900 199 FPGA_VCCAUX 0.009292 3.281250 0.029895 FPGA_VCCINT 0.005807 1.093750 0.006228
10952 200 FPGA_VCCAUX 0.009292 3.281250 0.029895 FPGA_VCCINT 0.005807 1.093750 0.006228
11055 201 FPGA_VCCAUX 0.009292 3.281250 0.029895 FPGA_VCCINT 0.005807 1.093750 0.006228
11109 202 FPGA_VCCAUX 0.009292 3.281250 0.029895 FPGA_VCCINT 0.005807 1.093750 0.006228
11160 203 FPGA_VCCAUX 0.009292 3.281250 0.029895 FPGA_VCCINT 0.005807 1.093750 0.006228
11214 204 FPGA_VCCAUX 0.009292 3.281250 0.029895 FPGA_VCCINT 0.005807 1.093750 0.006228
11265 205 FPGA_VCCAUX 0.009292 3.281250 0.029895 FPGA_VCCINT 0.005807 1.093750 0.006228
11319 206 FPGA_VCCAUX 0.009292 3.281250 0.029895 FPGA_VCCINT 0.005807 1.093750 0.006228
11371 207 FPGA_VCCAUX 0.009292 3.281250 0.029895 FPGA_VCCINT 0.005807 1.093750 0.006228
11424 208 FPGA_VCCAUX 0.009292 3.281250 0.029895 FPGA_VCCINT 0.005807 1.093750 0.006228
11476 209 FPGA_VCCAUX 0.009292 3.281250 0.029895 FPGA_VCCINT 0.005807 1.093750 0.006228
11529 210 FPGA_VCCAUX 0.009292 3.281250 0.029895 FPGA_VCCINT 0.005807 1.093750 0.006228
11581 211 FPGA_VCCAUX 0.009292 3.281250 0.029895 FPGA_VCCINT 0.005807 1.093750 0.006228
11632 212 FPGA_VCCAUX 0.009292 3.281250 0.029895 FPGA_VCCINT 0.005807 1.093750 0.006228
11686 213 FPGA_VCCAUX 0.009292 3.281250 0.029895 FPGA_VCCINT 0.005807 1.093750 0.006228
11737 214 FPGA_VCCAUX 0.009292 3.281250 0.029895 FPGA_VCCINT 0.005807 1.093750 0.006228
11791 215 FPGA_VCCAUX 0.009292 3.281250 0.029895 FPGA_VCCINT 0.005807 1.093750 0.006228
11842 216 FPGA_VCCAUX 0.009292 3.281250 0.029895 FPGA_VCCINT 0.005807 1.093750 0.006228
11896 217 FPGA_VCCAUX 0.009292 3.281250 0.029895 FPGA_VCCINT 0.005807 1.093750 0.006228
11947 218 FPGA_VCCAUX 0.009292 3.281250 0.029895 FPGA_VCCINT 0.005807 1.093750 0.006228
12001 219 FPGA_VCCAUX 0.009292 3.281250 0.029895 FPGA_VCCINT 0.005807 1.093750 0.006228
12052 220 FPGA_VCCAUX 0.009292 3.281250 0.029895 FPGA_VCCINT 0.005807 1.093750 0.006228
12103 221 FPGA_VCCAUX 0.009292 3.281250 0.029895 FPGA_VCCINT 0.005807 1.093750 0.006228
12157 222 FPGA_VCCAUX 0.009292 3.281250 0.029895 FPGA_VCCINT 0.005807 1.093750 0.006228
12209 223 FPGA_VCCAUX 0.009292 3.281250 0.029895 FPGA_VCCINT 0.005807 1.093750 0.006228
12262 224 FPGA_VCCAUX 0.009292 3.281250 0.029895 FPGA_VCCINT 0.005807 1.093750 0.006228
12313 225 FPGA_VCCAUX 0.009292 3.281250 0.029895 FPGA_VCCINT 0.005807 1.093750 0.006228
12367 226 FPGA_VCCAUX 0.009292 3.281250 0.029895 FPGA_VCCINT 0.005807 1.093750 0.006228
12418 227 FPGA_VCCAUX 0.009292 3.281250 0.029895 FPGA_VCCINT 0.005807 1.093750 0.006228
12472 228 FPGA_VCCAUX 0.009292 3.281250 0.029895 FPGA_VCCINT 0.005807 1.093750 0.006228
12523 229 FPGA_VCCAUX 0.009292 3.281250 0.029895 FPGA_VCCINT 0.005807 1.093750 0.006228
12577 230 FPGA_VCCAUX 0.009292 3.281250 0.029895 FPGA_VCCINT 0.005807 1.093750 0.006228
12628 231 FPGA_VCCAUX 0.009292 3.281250 0.029895 FPGA_VCCINT 0.005807 1.093750 0.006228
12682 232 FPGA_VCCAUX 0.009292 3.281250 0.029895 FPGA_VCCINT 0.005807 1.093750 0.006228
12733 233 FPGA_VCCAUX 0.009292 3.281250 0.029895 FPGA_VCCINT 0.005807 1.093750 0.006228
12787 234 FPGA_VCCAUX 0.009292 3.281250 0.029895 FPGA_VCCINT 0.005807 1.093750 0.006228
12839 235 FPGA_VCCAUX 0.009292 3.281250 0.029895 FPGA_VCCINT 0.005807 1.093750 0.006228
12890 236 FPGA_VCCAUX 0.009292 3.281250 0.029895 FPGA_VCCINT 0.005807 1.093750 0.006228
12944 237 FPGA_VCCAUX 0.009292 3.281250 0.029895 FPGA_VCCINT 0.005807 1.093750 0.006228
12995 238 FPGA_VCCAUX 0.009292 3.281250 0.029895 FPGA_VCCINT 0.005807 1.093750 0.006228
13049 239 FPGA_VCCAUX 0.009292 3.281250 0.029895 FPGA_VCCINT 0.005807 1.093750 0.006228
13100 240 FPGA_VCCAUX 0.009292 3.281250 0.029895 FPGA_VCCINT 0.005807 1.093750 0.006228
13154 241 FPGA_VCCAUX 0.009292 3.281250 0.029895 FPGA_VCCINT 0.005807 1.093750 0.006228
13205 242 FPGA_VCCAUX 0.009292 3.281250 0.029895 FPGA_VCCINT 0.005807 1.093750 0.006228
13259 243 FPGA_VCCAUX 0.009292 3.281250 0.029895 FPGA_VCCINT 0.005807 1.093750 0.006228
13310 244 FPGA_VCCAUX 0.009292 3.281250 0.029895 FPGA_VCCINT 0.005807 1.093750 0.006228
13361 245 FPGA_VCCAUX 0.009292 3.281250 0.029895 FPGA_VCCINT 0.005807 1.093750 0.006228
13415 246 FPGA_VCCAUX 0.009292 3.281250 0.029895 FPGA_VCCINT 0.005807 1.093750 0.006228
13466 247 FPGA_VCCAUX 0.009292 3.281250 0.029895 FPGA_VCCINT 0.005807 1.093750 0.006228
13520 248 FPGA_VCCAUX 0.009292 3.281250 0.029895 FPGA_VCCINT 0.005807 1.093750 0.006228
13571 249 FPGA_VCCAUX 0.009292 3.281250 0.029895 FPGA_VCCINT 0.005807 1.093750 0.006228
13625 250 FPGA_VCCAUX 0.009292 3.281250 0.029895 FPGA_VCCINT 0.005807 1.093750 0.006228
13676 251 FPGA_VCCAUX 0.009292 3.281250 0.029895 FPGA_VCCINT 0.005807 1.093750 0.006228
13730 252 FPGA_VCCAUX 0.009292 3.281250 0.029895 FPGA_VCCINT 0.005807 1.093750 0.006228
13781 253 FPGA_VCCAUX 0.009292 3.281250 0.029895 FPGA_VCCINT 0.005807 1.093750 0.006228
13835 254 FPGA_VCCAUX 0.009292 3.281250 0.029895 FPGA_VCCINT 0.005807 1.093750 0.006228
13886 255 FPGA_VCCAUX 0.009292 3.281250 0.029895 FPGA_VCCINT 0.005807 1.093750 0.006228
13940 256 FPGA_VCCAUX 0.009292 3.281250 0.029895 FPGA_VCCINT 0.005807 1.093750 0.006228
13991 257 FPGA_VCCAUX 0.009292 3.281250 0.029895 FPGA_VCCINT 0.005807 1.093750 0.006228
14045 258 FPGA_VCCAUX 0.009292 3.281250 0.029895 FPGA_VCCINT 0.005807 1.093750 0.006228
14096 259 FPGA_VCCAUX 0.009292 3.281250 0.029895 FPGA_VCCINT 0.005807 1.093750 0.006228
14148 260 FPGA_VCCAUX 0.009292 3.281250 0.029895 FPGA_VCCINT 0.005807 1.093750 0.006228
14201 261 FPGA_VCCAUX 0.009292 3.281250 0.029895 FPGA_VCCINT 0.005807 1.093750 0.006228
14253 262 FPGA_VCCAUX 0.009292 3.281250 0.029895 FPGA_VCCINT 0.005807 1.093750 0.006228
14306 263 FPGA_VCCAUX 0.009292 3.281250 0.029895 FPGA_VCCINT 0.005807 1.093750 0.006228
14358 264 FPGA_VCCAUX 0.009292 3.281250 0.029895 FPGA_VCCINT 0.005807 1.093750 0.006228
14412 265 FPGA_VCCAUX 0.009292 3.281250 0.029895 FPGA_VCCINT 0.005807 1.093750 0.006228
14463 266 FPGA_VCCAUX 0.009292 3.281250 0.029895 FPGA_VCCINT 0.005807 1.093750 0.006228
14517 267 FPGA_VCCAUX 0.009292 3.281250 0.029895 FPGA_VCCINT 0.005807 1.093750 0.006228
14568 268 FPGA_VCCAUX 0.009292 3.281250 0.029895 FPGA_VCCINT 0.005807 1.093750 0.006228
14622 269 FPGA_VCCAUX 0.009292 3.281250 0.029895 FPGA_VCCINT 0.005807 1.093750 0.006228
14673 270 FPGA_VCCAUX 0.009292 3.281250 0.029895 FPGA_VCCINT 0.005807 1.093750 0.006228
14777 271 FPGA_VCCAUX 0.009292 3.281250 0.029895 FPGA_VCCINT 0.005807 1.093750 0.006228
14830 272 FPGA_VCCAUX 0.009292 3.281250 0.029895 FPGA_VCCINT 0.005807 1.093750 0.006228
14882 273 FPGA_VCCAUX 0.009292 3.281250 0.029895 FPGA_VCCINT 0.005807 1.093750 0.006228
14936 274 FPGA_VCCAUX 0.009292 3.281250 0.029895 FPGA_VCCINT 0.005807 1.093750 0.006228
14987 275 FPGA_VCCAUX 0.009292 3.281250 0.029895 FPGA_VCCINT 0.005807 1.093750 0.006228
15041 276 FPGA_VCCAUX 0.009292 3.281250 0.029895 FPGA_VCCINT 0.005807 1.093750 0.006228
15092 277 FPGA_VCCAUX 0.009292 3.281250 0.029895 FPGA_VCCINT 0.005807 1.093750 0.006228
15146 278 FPGA_VCCAUX 0.009292 3.281250 0.029895 FPGA_VCCINT 0.005807 1.093750 0.006228
15197 279 FPGA_VCCAUX 0.009292 3.281250 0.029895 FPGA_VCCINT 0.005807 1.093750 0.006228
15248 280 FPGA_VCCAUX 0.009292 3.281250 0.029895 FPGA_VCCINT 0.005807 1.093750 0.006228
15302 281 FPGA_VCCAUX 0.009292 3.281250 0.029895 FPGA_VCCINT 0.005807 1.093750 0.006228
15353 282 FPGA_VCCAUX 0.009292 3.281250 0.029895 FPGA_VCCINT 0.005807 1.093750 0.006228
15407 283 FPGA_VCCAUX 0.009292 3.281250 0.029895 FPGA_VCCINT 0.005807 1.093750 0.006228
15458 284 FPGA_VCCAUX 0.009292 3.281250 0.029895 FPGA_VCCINT 0.005807 1.093750 0.006228
15512 285 FPGA_VCCAUX 0.009292 3.281250 0.029895 FPGA_VCCINT 0.005807 1.093750 0.006228
15563 286 FPGA_VCCAUX 0.009292 3.281250 0.029895 FPGA_VCCINT 0.005807 1.093750 0.006228
15617 287 FPGA_VCCAUX 0.009292 3.281250 0.029895 FPGA_VCCINT 0.005807 1.093750 0.006228
15668 288 FPGA_VCCAUX 0.009292 3.281250 0.029895 FPGA_VCCINT 0.005807 1.093750 0.006228
