13 1 FPGA_VCCAUX 0.051358 3.300781 0.169092 FPGA_VCCINT 0.006682 1.191406 0.007916
176 2 FPGA_VCCAUX 0.051358 3.300781 0.169092 FPGA_VCCINT 0.006682 1.191406 0.007916
501 3 FPGA_VCCAUX 0.051358 3.300781 0.169092 FPGA_VCCINT 0.006682 1.191406 0.007916
987 4 FPGA_VCCAUX 0.051358 3.300781 0.169092 FPGA_VCCINT 0.006682 1.191406 0.007916
1313 5 FPGA_VCCAUX 0.051549 3.300781 0.169687 FPGA_VCCINT 0.006682 1.191406 0.007916
1639 6 FPGA_VCCAUX 0.051549 3.300781 0.169687 FPGA_VCCINT 0.006682 1.191406 0.007916
1962 7 FPGA_VCCAUX 0.035702 3.320313 0.118203 FPGA_VCCINT 0.006491 1.191406 0.007678
2288 8 FPGA_VCCAUX 0.009546 3.320313 0.031604 FPGA_VCCINT 0.005919 1.191406 0.007023
2613 9 FPGA_VCCAUX 0.009546 3.320313 0.031604 FPGA_VCCINT 0.005919 1.191406 0.007023
2939 10 FPGA_VCCAUX 0.009355 3.320313 0.030950 FPGA_VCCINT 0.005919 1.191406 0.007023
3262 11 FPGA_VCCAUX 0.009546 3.320313 0.031604 FPGA_VCCINT 0.005919 1.191406 0.007023
3588 12 FPGA_VCCAUX 0.009546 3.320313 0.031604 FPGA_VCCINT 0.005919 1.191406 0.007023
3914 13 FPGA_VCCAUX 0.009355 3.320313 0.030950 FPGA_VCCINT 0.005919 1.191406 0.007023
4237 14 FPGA_VCCAUX 0.009546 3.320313 0.031604 FPGA_VCCINT 0.005728 1.191406 0.006785
4563 15 FPGA_VCCAUX 0.009355 3.320313 0.030950 FPGA_VCCINT 0.005919 1.191406 0.007023
4887 16 FPGA_VCCAUX 0.009355 3.320313 0.030950 FPGA_VCCINT 0.005728 1.191406 0.006785
5212 17 FPGA_VCCAUX 0.009355 3.320313 0.030950 FPGA_VCCINT 0.005919 1.191406 0.007023
5538 18 FPGA_VCCAUX 0.009546 3.320313 0.031604 FPGA_VCCINT 0.005728 1.191406 0.006785
5864 19 FPGA_VCCAUX 0.009546 3.320313 0.031604 FPGA_VCCINT 0.005728 1.191406 0.006785
6187 20 FPGA_VCCAUX 0.009546 3.320313 0.031604 FPGA_VCCINT 0.005919 1.191406 0.007023
6513 21 FPGA_VCCAUX 0.009546 3.320313 0.031604 FPGA_VCCINT 0.005728 1.191406 0.006785
6839 22 FPGA_VCCAUX 0.009546 3.320313 0.031604 FPGA_VCCINT 0.005919 1.191406 0.007023
7487 23 FPGA_VCCAUX 0.009546 3.320313 0.031604 FPGA_VCCINT 0.005728 1.191406 0.006785
7813 24 FPGA_VCCAUX 0.009546 3.320313 0.031604 FPGA_VCCINT 0.005728 1.191406 0.006785
8139 25 FPGA_VCCAUX 0.009355 3.320313 0.030950 FPGA_VCCINT 0.005728 1.191406 0.006785
8625 26 FPGA_VCCAUX 0.009355 3.320313 0.030950 FPGA_VCCINT 0.005728 1.191406 0.006785
8951 27 FPGA_VCCAUX 0.009546 3.320313 0.031604 FPGA_VCCINT 0.005728 1.191406 0.006785
9277 28 FPGA_VCCAUX 0.009355 3.320313 0.030950 FPGA_VCCINT 0.005728 1.191406 0.006785
9601 29 FPGA_VCCAUX 0.009355 3.320313 0.030950 FPGA_VCCINT 0.005728 1.191406 0.006785
9927 30 FPGA_VCCAUX 0.009546 3.320313 0.031604 FPGA_VCCINT 0.005728 1.191406 0.006785
10252 31 FPGA_VCCAUX 0.009546 3.320313 0.031604 FPGA_VCCINT 0.005728 1.191406 0.006785
10576 32 FPGA_VCCAUX 0.009546 3.320313 0.031604 FPGA_VCCINT 0.005728 1.191406 0.006785
10902 33 FPGA_VCCAUX 0.009355 3.320313 0.030950 FPGA_VCCINT 0.005728 1.191406 0.006785
11226 34 FPGA_VCCAUX 0.009546 3.320313 0.031604 FPGA_VCCINT 0.005728 1.191406 0.006785
11552 35 FPGA_VCCAUX 0.009355 3.320313 0.030950 FPGA_VCCINT 0.005728 1.191406 0.006785
11878 36 FPGA_VCCAUX 0.009355 3.320313 0.030950 FPGA_VCCINT 0.005728 1.191406 0.006785
12201 37 FPGA_VCCAUX 0.009355 3.320313 0.030950 FPGA_VCCINT 0.005728 1.191406 0.006785
12528 38 FPGA_VCCAUX 0.009546 3.320313 0.031604 FPGA_VCCINT 0.005728 1.191406 0.006785
12851 39 FPGA_VCCAUX 0.009355 3.320313 0.030950 FPGA_VCCINT 0.005728 1.191406 0.006785
13177 40 FPGA_VCCAUX 0.009355 3.320313 0.030950 FPGA_VCCINT 0.005728 1.191406 0.006785
13501 41 FPGA_VCCAUX 0.009546 3.320313 0.031604 FPGA_VCCINT 0.005728 1.191406 0.006785
13827 42 FPGA_VCCAUX 0.009546 3.320313 0.031604 FPGA_VCCINT 0.005728 1.191406 0.006785
14153 43 FPGA_VCCAUX 0.009546 3.320313 0.031604 FPGA_VCCINT 0.005728 1.191406 0.006785
14477 44 FPGA_VCCAUX 0.009546 3.320313 0.031604 FPGA_VCCINT 0.005728 1.191406 0.006785
14803 45 FPGA_VCCAUX 0.009546 3.320313 0.031604 FPGA_VCCINT 0.005728 1.191406 0.006785
15126 46 FPGA_VCCAUX 0.009355 3.320313 0.030950 FPGA_VCCINT 0.005728 1.191406 0.006785
15453 47 FPGA_VCCAUX 0.009546 3.320313 0.031604 FPGA_VCCINT 0.005537 1.191406 0.006547
