13 1 FPGA_VCCAUX 0.009679 3.281250 0.031140 FPGA_VCCINT 0.004646 1.093750 0.004982
47 2 FPGA_VCCAUX 0.009679 3.281250 0.031140 FPGA_VCCINT 0.004646 1.093750 0.004982
144 3 FPGA_VCCAUX 0.009679 3.281250 0.031140 FPGA_VCCINT 0.004646 1.093750 0.004982
247 4 FPGA_VCCAUX 0.009679 3.281250 0.031140 FPGA_VCCINT 0.004646 1.093750 0.004982
302 5 FPGA_VCCAUX 0.009679 3.281250 0.031140 FPGA_VCCINT 0.004646 1.093750 0.004982
354 6 FPGA_VCCAUX 0.009679 3.281250 0.031140 FPGA_VCCINT 0.004646 1.093750 0.004982
404 7 FPGA_VCCAUX 0.009679 3.281250 0.031140 FPGA_VCCINT 0.004646 1.093750 0.004982
457 8 FPGA_VCCAUX 0.009679 3.281250 0.031140 FPGA_VCCINT 0.004646 1.093750 0.004982
509 9 FPGA_VCCAUX 0.009679 3.281250 0.031140 FPGA_VCCINT 0.004646 1.093750 0.004982
562 10 FPGA_VCCAUX 0.009679 3.281250 0.031140 FPGA_VCCINT 0.004646 1.093750 0.004982
614 11 FPGA_VCCAUX 0.009679 3.281250 0.031140 FPGA_VCCINT 0.004646 1.093750 0.004982
667 12 FPGA_VCCAUX 0.009679 3.281250 0.031140 FPGA_VCCINT 0.004646 1.093750 0.004982
720 13 FPGA_VCCAUX 0.009679 3.281250 0.031140 FPGA_VCCINT 0.004646 1.093750 0.004982
773 14 FPGA_VCCAUX 0.009679 3.281250 0.031140 FPGA_VCCINT 0.004646 1.093750 0.004982
825 15 FPGA_VCCAUX 0.009679 3.281250 0.031140 FPGA_VCCINT 0.004646 1.093750 0.004982
878 16 FPGA_VCCAUX 0.009679 3.281250 0.031140 FPGA_VCCINT 0.004646 1.093750 0.004982
931 17 FPGA_VCCAUX 0.009679 3.281250 0.031140 FPGA_VCCINT 0.004646 1.093750 0.004982
984 18 FPGA_VCCAUX 0.009679 3.281250 0.031140 FPGA_VCCINT 0.004646 1.093750 0.004982
1089 19 FPGA_VCCAUX 0.009679 3.281250 0.031140 FPGA_VCCINT 0.004646 1.093750 0.004982
1139 20 FPGA_VCCAUX 0.009679 3.281250 0.031140 FPGA_VCCINT 0.004646 1.093750 0.004982
1192 21 FPGA_VCCAUX 0.009679 3.281250 0.031140 FPGA_VCCINT 0.004646 1.093750 0.004982
1245 22 FPGA_VCCAUX 0.009679 3.281250 0.031140 FPGA_VCCINT 0.004646 1.093750 0.004982
1299 23 FPGA_VCCAUX 0.009679 3.281250 0.031140 FPGA_VCCINT 0.004646 1.093750 0.004982
1349 24 FPGA_VCCAUX 0.009679 3.281250 0.031140 FPGA_VCCINT 0.004646 1.093750 0.004982
1402 25 FPGA_VCCAUX 0.009679 3.281250 0.031140 FPGA_VCCINT 0.004646 1.093750 0.004982
1455 26 FPGA_VCCAUX 0.009679 3.281250 0.031140 FPGA_VCCINT 0.004646 1.093750 0.004982
1508 27 FPGA_VCCAUX 0.009679 3.281250 0.031140 FPGA_VCCINT 0.004646 1.093750 0.004982
1561 28 FPGA_VCCAUX 0.009679 3.281250 0.031140 FPGA_VCCINT 0.004646 1.093750 0.004982
1612 29 FPGA_VCCAUX 0.009679 3.281250 0.031140 FPGA_VCCINT 0.004646 1.093750 0.004982
1665 30 FPGA_VCCAUX 0.009679 3.281250 0.031140 FPGA_VCCINT 0.004646 1.093750 0.004982
1718 31 FPGA_VCCAUX 0.009679 3.281250 0.031140 FPGA_VCCINT 0.004646 1.093750 0.004982
1771 32 FPGA_VCCAUX 0.009679 3.281250 0.031140 FPGA_VCCINT 0.004646 1.093750 0.004982
1822 33 FPGA_VCCAUX 0.009679 3.281250 0.031140 FPGA_VCCINT 0.004646 1.093750 0.004982
1875 34 FPGA_VCCAUX 0.009679 3.281250 0.031140 FPGA_VCCINT 0.004646 1.093750 0.004982
1928 35 FPGA_VCCAUX 0.009679 3.281250 0.031140 FPGA_VCCINT 0.004646 1.093750 0.004982
1979 36 FPGA_VCCAUX 0.009679 3.281250 0.031140 FPGA_VCCINT 0.004646 1.093750 0.004982
2032 37 FPGA_VCCAUX 0.009679 3.281250 0.031140 FPGA_VCCINT 0.004646 1.093750 0.004982
2085 38 FPGA_VCCAUX 0.009679 3.281250 0.031140 FPGA_VCCINT 0.004646 1.093750 0.004982
2138 39 FPGA_VCCAUX 0.009679 3.281250 0.031140 FPGA_VCCINT 0.004646 1.093750 0.004982
2189 40 FPGA_VCCAUX 0.009679 3.281250 0.031140 FPGA_VCCINT 0.004646 1.093750 0.004982
2242 41 FPGA_VCCAUX 0.009679 3.281250 0.031140 FPGA_VCCINT 0.004646 1.093750 0.004982
2295 42 FPGA_VCCAUX 0.009679 3.281250 0.031140 FPGA_VCCINT 0.004646 1.093750 0.004982
2346 43 FPGA_VCCAUX 0.009679 3.281250 0.031140 FPGA_VCCINT 0.004646 1.093750 0.004982
2399 44 FPGA_VCCAUX 0.009679 3.281250 0.031140 FPGA_VCCINT 0.004646 1.093750 0.004982
2452 45 FPGA_VCCAUX 0.009679 3.281250 0.031140 FPGA_VCCINT 0.004646 1.093750 0.004982
2505 46 FPGA_VCCAUX 0.009679 3.281250 0.031140 FPGA_VCCINT 0.004646 1.093750 0.004982
2608 47 FPGA_VCCAUX 0.009679 3.281250 0.031140 FPGA_VCCINT 0.004646 1.093750 0.004982
2662 48 FPGA_VCCAUX 0.009679 3.281250 0.031140 FPGA_VCCINT 0.004646 1.093750 0.004982
2715 49 FPGA_VCCAUX 0.009679 3.281250 0.031140 FPGA_VCCINT 0.004646 1.093750 0.004982
2768 50 FPGA_VCCAUX 0.009679 3.281250 0.031140 FPGA_VCCINT 0.004646 1.093750 0.004982
2821 51 FPGA_VCCAUX 0.009679 3.281250 0.031140 FPGA_VCCINT 0.004646 1.093750 0.004982
2871 52 FPGA_VCCAUX 0.009679 3.281250 0.031140 FPGA_VCCINT 0.004646 1.250000 0.005694
2924 53 FPGA_VCCAUX 0.009679 3.281250 0.031140 FPGA_VCCINT 0.004646 1.250000 0.005694
2977 54 FPGA_VCCAUX 0.009679 3.281250 0.031140 FPGA_VCCINT 0.004646 1.250000 0.005694
3030 55 FPGA_VCCAUX 0.009679 3.281250 0.031140 FPGA_VCCINT 0.004646 1.250000 0.005694
3083 56 FPGA_VCCAUX 0.009679 3.281250 0.031140 FPGA_VCCINT 0.004646 1.250000 0.005694
3136 57 FPGA_VCCAUX 0.009679 3.281250 0.031140 FPGA_VCCINT 0.004646 1.093750 0.004982
3186 58 FPGA_VCCAUX 0.009679 3.281250 0.031140 FPGA_VCCINT 0.004646 1.093750 0.004982
3240 59 FPGA_VCCAUX 0.009679 3.281250 0.031140 FPGA_VCCINT 0.004646 1.093750 0.004982
3293 60 FPGA_VCCAUX 0.009679 3.281250 0.031140 FPGA_VCCINT 0.004646 1.093750 0.004982
3343 61 FPGA_VCCAUX 0.009679 3.281250 0.031140 FPGA_VCCINT 0.004646 1.093750 0.004982
3397 62 FPGA_VCCAUX 0.009679 3.281250 0.031140 FPGA_VCCINT 0.004646 1.093750 0.004982
3450 63 FPGA_VCCAUX 0.009679 3.281250 0.031140 FPGA_VCCINT 0.004646 1.093750 0.004982
3503 64 FPGA_VCCAUX 0.009679 3.281250 0.031140 FPGA_VCCINT 0.004646 1.250000 0.005694
3553 65 FPGA_VCCAUX 0.009679 3.281250 0.031140 FPGA_VCCINT 0.004646 1.250000 0.005694
3607 66 FPGA_VCCAUX 0.009679 3.281250 0.031140 FPGA_VCCINT 0.004646 1.250000 0.005694
3660 67 FPGA_VCCAUX 0.009679 3.281250 0.031140 FPGA_VCCINT 0.004646 1.250000 0.005694
3712 68 FPGA_VCCAUX 0.009679 3.281250 0.031140 FPGA_VCCINT 0.004646 1.250000 0.005694
3765 69 FPGA_VCCAUX 0.009679 3.281250 0.031140 FPGA_VCCINT 0.004646 1.250000 0.005694
3816 70 FPGA_VCCAUX 0.009679 3.281250 0.031140 FPGA_VCCINT 0.004646 1.250000 0.005694
3869 71 FPGA_VCCAUX 0.009679 3.281250 0.031140 FPGA_VCCINT 0.004646 1.093750 0.004982
3922 72 FPGA_VCCAUX 0.009679 3.281250 0.031140 FPGA_VCCINT 0.004646 1.250000 0.005694
3975 73 FPGA_VCCAUX 0.009679 3.281250 0.031140 FPGA_VCCINT 0.004646 1.250000 0.005694
4028 74 FPGA_VCCAUX 0.009679 3.281250 0.031140 FPGA_VCCINT 0.004646 1.250000 0.005694
4081 75 FPGA_VCCAUX 0.009679 3.281250 0.031140 FPGA_VCCINT 0.004646 1.250000 0.005694
4131 76 FPGA_VCCAUX 0.009679 3.281250 0.031140 FPGA_VCCINT 0.004646 1.250000 0.005694
4184 77 FPGA_VCCAUX 0.009679 3.281250 0.031140 FPGA_VCCINT 0.004646 1.250000 0.005694
4237 78 FPGA_VCCAUX 0.009679 3.281250 0.031140 FPGA_VCCINT 0.004646 1.250000 0.005694
4289 79 FPGA_VCCAUX 0.009679 3.281250 0.031140 FPGA_VCCINT 0.004646 1.250000 0.005694
4343 80 FPGA_VCCAUX 0.009679 3.281250 0.031140 FPGA_VCCINT 0.004646 1.250000 0.005694
4395 81 FPGA_VCCAUX 0.009679 3.281250 0.031140 FPGA_VCCINT 0.004646 1.250000 0.005694
4446 82 FPGA_VCCAUX 0.009679 3.281250 0.031140 FPGA_VCCINT 0.004646 1.250000 0.005694
4499 83 FPGA_VCCAUX 0.009679 3.281250 0.031140 FPGA_VCCINT 0.004646 1.250000 0.005694
4552 84 FPGA_VCCAUX 0.009679 3.281250 0.031140 FPGA_VCCINT 0.004646 1.250000 0.005694
4605 85 FPGA_VCCAUX 0.009679 3.281250 0.031140 FPGA_VCCINT 0.004646 1.250000 0.005694
4658 86 FPGA_VCCAUX 0.009679 3.281250 0.031140 FPGA_VCCINT 0.004646 1.250000 0.005694
4710 87 FPGA_VCCAUX 0.009679 3.281250 0.031140 FPGA_VCCINT 0.004646 1.250000 0.005694
4761 88 FPGA_VCCAUX 0.009679 3.281250 0.031140 FPGA_VCCINT 0.004646 1.250000 0.005694
4814 89 FPGA_VCCAUX 0.009679 3.281250 0.031140 FPGA_VCCINT 0.004646 1.250000 0.005694
4867 90 FPGA_VCCAUX 0.009679 3.281250 0.031140 FPGA_VCCINT 0.004646 1.250000 0.005694
4920 91 FPGA_VCCAUX 0.009679 3.281250 0.031140 FPGA_VCCINT 0.004646 1.250000 0.005694
4971 92 FPGA_VCCAUX 0.009679 3.281250 0.031140 FPGA_VCCINT 0.004646 1.250000 0.005694
5024 93 FPGA_VCCAUX 0.009679 3.281250 0.031140 FPGA_VCCINT 0.004646 1.250000 0.005694
5077 94 FPGA_VCCAUX 0.009679 3.281250 0.031140 FPGA_VCCINT 0.004646 1.250000 0.005694
5130 95 FPGA_VCCAUX 0.009679 3.281250 0.031140 FPGA_VCCINT 0.004646 1.093750 0.004982
5180 96 FPGA_VCCAUX 0.009679 3.281250 0.031140 FPGA_VCCINT 0.004646 1.250000 0.005694
5233 97 FPGA_VCCAUX 0.009679 3.281250 0.031140 FPGA_VCCINT 0.004646 1.250000 0.005694
5286 98 FPGA_VCCAUX 0.009679 3.281250 0.031140 FPGA_VCCINT 0.004646 1.093750 0.004982
5339 99 FPGA_VCCAUX 0.009679 3.281250 0.031140 FPGA_VCCINT 0.004646 1.093750 0.004982
5392 100 FPGA_VCCAUX 0.009679 3.281250 0.031140 FPGA_VCCINT 0.004646 1.093750 0.004982
5443 101 FPGA_VCCAUX 0.009679 3.281250 0.031140 FPGA_VCCINT 0.004646 1.093750 0.004982
5496 102 FPGA_VCCAUX 0.009679 3.281250 0.031140 FPGA_VCCINT 0.004646 1.093750 0.004982
5550 103 FPGA_VCCAUX 0.009679 3.281250 0.031140 FPGA_VCCINT 0.004646 1.093750 0.004982
5601 104 FPGA_VCCAUX 0.009679 3.281250 0.031140 FPGA_VCCINT 0.004646 1.093750 0.004982
5654 105 FPGA_VCCAUX 0.009679 3.281250 0.031140 FPGA_VCCINT 0.004646 1.093750 0.004982
5707 106 FPGA_VCCAUX 0.009679 3.281250 0.031140 FPGA_VCCINT 0.004646 1.093750 0.004982
5758 107 FPGA_VCCAUX 0.009679 3.281250 0.031140 FPGA_VCCINT 0.004646 1.093750 0.004982
5812 108 FPGA_VCCAUX 0.009679 3.281250 0.031140 FPGA_VCCINT 0.004646 1.093750 0.004982
5915 109 FPGA_VCCAUX 0.009679 3.281250 0.031140 FPGA_VCCINT 0.004646 1.093750 0.004982
5968 110 FPGA_VCCAUX 0.009679 3.281250 0.031140 FPGA_VCCINT 0.004646 1.093750 0.004982
6022 111 FPGA_VCCAUX 0.009679 3.281250 0.031140 FPGA_VCCINT 0.004646 1.093750 0.004982
6073 112 FPGA_VCCAUX 0.009679 3.281250 0.031140 FPGA_VCCINT 0.004646 1.093750 0.004982
6126 113 FPGA_VCCAUX 0.009679 3.281250 0.031140 FPGA_VCCINT 0.004646 1.093750 0.004982
6179 114 FPGA_VCCAUX 0.009679 3.281250 0.031140 FPGA_VCCINT 0.004646 1.093750 0.004982
6230 115 FPGA_VCCAUX 0.009679 3.281250 0.031140 FPGA_VCCINT 0.004646 1.093750 0.004982
6283 116 FPGA_VCCAUX 0.009679 3.281250 0.031140 FPGA_VCCINT 0.004646 1.093750 0.004982
6337 117 FPGA_VCCAUX 0.009679 3.281250 0.031140 FPGA_VCCINT 0.004646 1.093750 0.004982
6388 118 FPGA_VCCAUX 0.009679 3.281250 0.031140 FPGA_VCCINT 0.004646 1.093750 0.004982
6441 119 FPGA_VCCAUX 0.009679 3.281250 0.031140 FPGA_VCCINT 0.004646 1.093750 0.004982
6494 120 FPGA_VCCAUX 0.009679 3.281250 0.031140 FPGA_VCCINT 0.004646 1.093750 0.004982
6545 121 FPGA_VCCAUX 0.009679 3.281250 0.031140 FPGA_VCCINT 0.004646 1.093750 0.004982
6598 122 FPGA_VCCAUX 0.009679 3.281250 0.031140 FPGA_VCCINT 0.004646 1.093750 0.004982
6652 123 FPGA_VCCAUX 0.009679 3.281250 0.031140 FPGA_VCCINT 0.004646 1.093750 0.004982
6703 124 FPGA_VCCAUX 0.009679 3.281250 0.031140 FPGA_VCCINT 0.004646 1.093750 0.004982
6756 125 FPGA_VCCAUX 0.009679 3.281250 0.031140 FPGA_VCCINT 0.004646 1.093750 0.004982
6809 126 FPGA_VCCAUX 0.009679 3.281250 0.031140 FPGA_VCCINT 0.004646 1.093750 0.004982
6860 127 FPGA_VCCAUX 0.009679 3.281250 0.031140 FPGA_VCCINT 0.004646 1.093750 0.004982
6914 128 FPGA_VCCAUX 0.009679 3.281250 0.031140 FPGA_VCCINT 0.004646 1.093750 0.004982
6967 129 FPGA_VCCAUX 0.009679 3.281250 0.031140 FPGA_VCCINT 0.004646 1.093750 0.004982
7018 130 FPGA_VCCAUX 0.009679 3.281250 0.031140 FPGA_VCCINT 0.004646 1.093750 0.004982
7097 131 FPGA_VCCAUX 0.009679 3.281250 0.031140 FPGA_VCCINT 0.004646 1.093750 0.004982
7201 132 FPGA_VCCAUX 0.009679 3.281250 0.031140 FPGA_VCCINT 0.004646 1.093750 0.004982
7254 133 FPGA_VCCAUX 0.009679 3.281250 0.031140 FPGA_VCCINT 0.004646 1.093750 0.004982
7307 134 FPGA_VCCAUX 0.009679 3.281250 0.031140 FPGA_VCCINT 0.004646 1.093750 0.004982
7358 135 FPGA_VCCAUX 0.009679 3.281250 0.031140 FPGA_VCCINT 0.004646 1.093750 0.004982
7412 136 FPGA_VCCAUX 0.009679 3.281250 0.031140 FPGA_VCCINT 0.004646 1.093750 0.004982
7465 137 FPGA_VCCAUX 0.009679 3.281250 0.031140 FPGA_VCCINT 0.004646 1.093750 0.004982
7516 138 FPGA_VCCAUX 0.009679 3.281250 0.031140 FPGA_VCCINT 0.004646 1.093750 0.004982
7569 139 FPGA_VCCAUX 0.009679 3.281250 0.031140 FPGA_VCCINT 0.004646 1.093750 0.004982
7623 140 FPGA_VCCAUX 0.009679 3.281250 0.031140 FPGA_VCCINT 0.004646 1.093750 0.004982
7674 141 FPGA_VCCAUX 0.009679 3.281250 0.031140 FPGA_VCCINT 0.004646 1.093750 0.004982
7727 142 FPGA_VCCAUX 0.009679 3.281250 0.031140 FPGA_VCCINT 0.004646 1.093750 0.004982
7830 143 FPGA_VCCAUX 0.009679 3.281250 0.031140 FPGA_VCCINT 0.004646 1.093750 0.004982
7884 144 FPGA_VCCAUX 0.009679 3.281250 0.031140 FPGA_VCCINT 0.004646 1.093750 0.004982
7937 145 FPGA_VCCAUX 0.009679 3.281250 0.031140 FPGA_VCCINT 0.004646 1.093750 0.004982
7988 146 FPGA_VCCAUX 0.009679 3.281250 0.031140 FPGA_VCCINT 0.004646 1.093750 0.004982
8041 147 FPGA_VCCAUX 0.009679 3.281250 0.031140 FPGA_VCCINT 0.004646 1.093750 0.004982
8095 148 FPGA_VCCAUX 0.009679 3.281250 0.031140 FPGA_VCCINT 0.004646 1.093750 0.004982
8146 149 FPGA_VCCAUX 0.009679 3.281250 0.031140 FPGA_VCCINT 0.004646 1.093750 0.004982
8199 150 FPGA_VCCAUX 0.009679 3.281250 0.031140 FPGA_VCCINT 0.004646 1.093750 0.004982
8252 151 FPGA_VCCAUX 0.009679 3.281250 0.031140 FPGA_VCCINT 0.004646 1.093750 0.004982
8303 152 FPGA_VCCAUX 0.009679 3.281250 0.031140 FPGA_VCCINT 0.004646 1.093750 0.004982
8357 153 FPGA_VCCAUX 0.009679 3.281250 0.031140 FPGA_VCCINT 0.004646 1.093750 0.004982
8410 154 FPGA_VCCAUX 0.009679 3.281250 0.031140 FPGA_VCCINT 0.004646 1.093750 0.004982
8461 155 FPGA_VCCAUX 0.009679 3.281250 0.031140 FPGA_VCCINT 0.004646 1.093750 0.004982
8515 156 FPGA_VCCAUX 0.009679 3.281250 0.031140 FPGA_VCCINT 0.004646 1.093750 0.004982
8565 157 FPGA_VCCAUX 0.009679 3.281250 0.031140 FPGA_VCCINT 0.004646 1.093750 0.004982
8619 158 FPGA_VCCAUX 0.009679 3.281250 0.031140 FPGA_VCCINT 0.004646 1.093750 0.004982
8672 159 FPGA_VCCAUX 0.009679 3.281250 0.031140 FPGA_VCCINT 0.004646 1.093750 0.004982
8723 160 FPGA_VCCAUX 0.009679 3.281250 0.031140 FPGA_VCCINT 0.004646 1.093750 0.004982
8776 161 FPGA_VCCAUX 0.009679 3.281250 0.031140 FPGA_VCCINT 0.004646 1.093750 0.004982
8829 162 FPGA_VCCAUX 0.009679 3.281250 0.031140 FPGA_VCCINT 0.004646 1.093750 0.004982
8880 163 FPGA_VCCAUX 0.009679 3.281250 0.031140 FPGA_VCCINT 0.004646 1.093750 0.004982
8933 164 FPGA_VCCAUX 0.009679 3.281250 0.031140 FPGA_VCCINT 0.004646 1.093750 0.004982
8987 165 FPGA_VCCAUX 0.009679 3.281250 0.031140 FPGA_VCCINT 0.004646 1.093750 0.004982
9038 166 FPGA_VCCAUX 0.009679 3.281250 0.031140 FPGA_VCCINT 0.004646 1.093750 0.004982
9091 167 FPGA_VCCAUX 0.009679 3.281250 0.031140 FPGA_VCCINT 0.004646 1.093750 0.004982
9145 168 FPGA_VCCAUX 0.009679 3.281250 0.031140 FPGA_VCCINT 0.004646 1.093750 0.004982
9195 169 FPGA_VCCAUX 0.009679 3.281250 0.031140 FPGA_VCCINT 0.004646 1.093750 0.004982
9249 170 FPGA_VCCAUX 0.009679 3.281250 0.031140 FPGA_VCCINT 0.004646 1.093750 0.004982
9355 171 FPGA_VCCAUX 0.009679 3.281250 0.031140 FPGA_VCCINT 0.004646 1.093750 0.004982
9406 172 FPGA_VCCAUX 0.009679 3.281250 0.031140 FPGA_VCCINT 0.004646 1.093750 0.004982
9459 173 FPGA_VCCAUX 0.009679 3.281250 0.031140 FPGA_VCCINT 0.004646 1.093750 0.004982
9510 174 FPGA_VCCAUX 0.009679 3.281250 0.031140 FPGA_VCCINT 0.004646 1.093750 0.004982
9563 175 FPGA_VCCAUX 0.009679 3.281250 0.031140 FPGA_VCCINT 0.004646 1.093750 0.004982
9616 176 FPGA_VCCAUX 0.009679 3.281250 0.031140 FPGA_VCCINT 0.004646 1.093750 0.004982
9668 177 FPGA_VCCAUX 0.009679 3.281250 0.031140 FPGA_VCCINT 0.004646 1.093750 0.004982
9721 178 FPGA_VCCAUX 0.009679 3.281250 0.031140 FPGA_VCCINT 0.004646 1.093750 0.004982
9774 179 FPGA_VCCAUX 0.009679 3.281250 0.031140 FPGA_VCCINT 0.004646 1.093750 0.004982
9825 180 FPGA_VCCAUX 0.009679 3.281250 0.031140 FPGA_VCCINT 0.004646 1.093750 0.004982
9878 181 FPGA_VCCAUX 0.009679 3.281250 0.031140 FPGA_VCCINT 0.004646 1.093750 0.004982
9932 182 FPGA_VCCAUX 0.009679 3.281250 0.031140 FPGA_VCCINT 0.004646 1.093750 0.004982
9983 183 FPGA_VCCAUX 0.009679 3.281250 0.031140 FPGA_VCCINT 0.004646 1.093750 0.004982
10036 184 FPGA_VCCAUX 0.009679 3.281250 0.031140 FPGA_VCCINT 0.004646 1.093750 0.004982
10142 185 FPGA_VCCAUX 0.009679 3.281250 0.031140 FPGA_VCCINT 0.004646 1.093750 0.004982
10193 186 FPGA_VCCAUX 0.009679 3.281250 0.031140 FPGA_VCCINT 0.004646 1.093750 0.004982
10247 187 FPGA_VCCAUX 0.009679 3.281250 0.031140 FPGA_VCCINT 0.006194 1.093750 0.006643
10298 188 FPGA_VCCAUX 0.009679 3.281250 0.031140 FPGA_VCCINT 0.004646 1.093750 0.004982
10351 189 FPGA_VCCAUX 0.009679 3.281250 0.031140 FPGA_VCCINT 0.004646 1.093750 0.004982
10402 190 FPGA_VCCAUX 0.009679 3.281250 0.031140 FPGA_VCCINT 0.004646 1.093750 0.004982
10456 191 FPGA_VCCAUX 0.009679 3.281250 0.031140 FPGA_VCCINT 0.004646 1.093750 0.004982
10507 192 FPGA_VCCAUX 0.009679 3.281250 0.031140 FPGA_VCCINT 0.004646 1.093750 0.004982
10561 193 FPGA_VCCAUX 0.009679 3.281250 0.031140 FPGA_VCCINT 0.004646 1.093750 0.004982
10664 194 FPGA_VCCAUX 0.009679 3.281250 0.031140 FPGA_VCCINT 0.004646 1.093750 0.004982
10718 195 FPGA_VCCAUX 0.009679 3.281250 0.031140 FPGA_VCCINT 0.004646 1.093750 0.004982
10772 196 FPGA_VCCAUX 0.009679 3.281250 0.031140 FPGA_VCCINT 0.004646 1.093750 0.004982
10823 197 FPGA_VCCAUX 0.009679 3.281250 0.031140 FPGA_VCCINT 0.004646 1.093750 0.004982
10877 198 FPGA_VCCAUX 0.009679 3.281250 0.031140 FPGA_VCCINT 0.004646 1.093750 0.004982
10928 199 FPGA_VCCAUX 0.009679 3.281250 0.031140 FPGA_VCCINT 0.004646 1.093750 0.004982
10981 200 FPGA_VCCAUX 0.009679 3.281250 0.031140 FPGA_VCCINT 0.004646 1.093750 0.004982
11032 201 FPGA_VCCAUX 0.009679 3.281250 0.031140 FPGA_VCCINT 0.004646 1.093750 0.004982
11086 202 FPGA_VCCAUX 0.009679 3.281250 0.031140 FPGA_VCCINT 0.004646 1.093750 0.004982
11189 203 FPGA_VCCAUX 0.009679 3.281250 0.031140 FPGA_VCCINT 0.004646 1.093750 0.004982
11243 204 FPGA_VCCAUX 0.009679 3.281250 0.031140 FPGA_VCCINT 0.004646 1.093750 0.004982
11297 205 FPGA_VCCAUX 0.009679 3.281250 0.031140 FPGA_VCCINT 0.004646 1.093750 0.004982
11348 206 FPGA_VCCAUX 0.009679 3.281250 0.031140 FPGA_VCCINT 0.004646 1.093750 0.004982
11401 207 FPGA_VCCAUX 0.009679 3.281250 0.031140 FPGA_VCCINT 0.004646 1.093750 0.004982
11452 208 FPGA_VCCAUX 0.009679 3.281250 0.031140 FPGA_VCCINT 0.004646 1.093750 0.004982
11506 209 FPGA_VCCAUX 0.009679 3.281250 0.031140 FPGA_VCCINT 0.004646 1.093750 0.004982
11557 210 FPGA_VCCAUX 0.009679 3.281250 0.031140 FPGA_VCCINT 0.004646 1.093750 0.004982
11611 211 FPGA_VCCAUX 0.009679 3.281250 0.031140 FPGA_VCCINT 0.004646 1.093750 0.004982
11662 212 FPGA_VCCAUX 0.009679 3.281250 0.031140 FPGA_VCCINT 0.004646 1.093750 0.004982
11716 213 FPGA_VCCAUX 0.009679 3.281250 0.031140 FPGA_VCCINT 0.004646 1.093750 0.004982
11769 214 FPGA_VCCAUX 0.009679 3.281250 0.031140 FPGA_VCCINT 0.004646 1.093750 0.004982
11820 215 FPGA_VCCAUX 0.009679 3.281250 0.031140 FPGA_VCCINT 0.004646 1.250000 0.005694
11874 216 FPGA_VCCAUX 0.009679 3.281250 0.031140 FPGA_VCCINT 0.004646 1.250000 0.005694
11924 217 FPGA_VCCAUX 0.009679 3.281250 0.031140 FPGA_VCCINT 0.004646 1.250000 0.005694
11978 218 FPGA_VCCAUX 0.009679 3.281250 0.031140 FPGA_VCCINT 0.004646 1.250000 0.005694
12031 219 FPGA_VCCAUX 0.009679 3.281250 0.031140 FPGA_VCCINT 0.004646 1.250000 0.005694
12082 220 FPGA_VCCAUX 0.009679 3.281250 0.031140 FPGA_VCCINT 0.004646 1.250000 0.005694
12135 221 FPGA_VCCAUX 0.009679 3.281250 0.031140 FPGA_VCCINT 0.004646 1.250000 0.005694
12189 222 FPGA_VCCAUX 0.009679 3.281250 0.031140 FPGA_VCCINT 0.004646 1.093750 0.004982
12240 223 FPGA_VCCAUX 0.009679 3.281250 0.031140 FPGA_VCCINT 0.004646 1.093750 0.004982
12294 224 FPGA_VCCAUX 0.009679 3.281250 0.031140 FPGA_VCCINT 0.004646 1.093750 0.004982
12345 225 FPGA_VCCAUX 0.009679 3.281250 0.031140 FPGA_VCCINT 0.004646 1.093750 0.004982
12398 226 FPGA_VCCAUX 0.009679 3.281250 0.031140 FPGA_VCCINT 0.004646 1.250000 0.005694
12452 227 FPGA_VCCAUX 0.009679 3.281250 0.031140 FPGA_VCCINT 0.004646 1.250000 0.005694
12503 228 FPGA_VCCAUX 0.009679 3.281250 0.031140 FPGA_VCCINT 0.004646 1.250000 0.005694
12556 229 FPGA_VCCAUX 0.009679 3.281250 0.031140 FPGA_VCCINT 0.004646 1.250000 0.005694
12607 230 FPGA_VCCAUX 0.009679 3.281250 0.031140 FPGA_VCCINT 0.004646 1.250000 0.005694
12660 231 FPGA_VCCAUX 0.009679 3.281250 0.031140 FPGA_VCCINT 0.004646 1.250000 0.005694
12714 232 FPGA_VCCAUX 0.009679 3.281250 0.031140 FPGA_VCCINT 0.004646 1.250000 0.005694
12764 233 FPGA_VCCAUX 0.009679 3.281250 0.031140 FPGA_VCCINT 0.004646 1.250000 0.005694
12818 234 FPGA_VCCAUX 0.009679 3.281250 0.031140 FPGA_VCCINT 0.004646 1.093750 0.004982
12872 235 FPGA_VCCAUX 0.009679 3.281250 0.031140 FPGA_VCCINT 0.004646 1.093750 0.004982
12923 236 FPGA_VCCAUX 0.009679 3.281250 0.031140 FPGA_VCCINT 0.004646 1.093750 0.004982
12976 237 FPGA_VCCAUX 0.009679 3.281250 0.031140 FPGA_VCCINT 0.004646 1.093750 0.004982
13027 238 FPGA_VCCAUX 0.009679 3.281250 0.031140 FPGA_VCCINT 0.004646 1.093750 0.004982
13081 239 FPGA_VCCAUX 0.009679 3.281250 0.031140 FPGA_VCCINT 0.004646 1.093750 0.004982
13132 240 FPGA_VCCAUX 0.009679 3.281250 0.031140 FPGA_VCCINT 0.004646 1.093750 0.004982
13186 241 FPGA_VCCAUX 0.009679 3.281250 0.031140 FPGA_VCCINT 0.004646 1.093750 0.004982
13237 242 FPGA_VCCAUX 0.009679 3.281250 0.031140 FPGA_VCCINT 0.004646 1.250000 0.005694
13290 243 FPGA_VCCAUX 0.009679 3.281250 0.031140 FPGA_VCCINT 0.004646 1.250000 0.005694
13344 244 FPGA_VCCAUX 0.009679 3.281250 0.031140 FPGA_VCCINT 0.004646 1.250000 0.005694
13395 245 FPGA_VCCAUX 0.009679 3.281250 0.031140 FPGA_VCCINT 0.004646 1.250000 0.005694
13448 246 FPGA_VCCAUX 0.009679 3.281250 0.031140 FPGA_VCCINT 0.004646 1.250000 0.005694
13501 247 FPGA_VCCAUX 0.009679 3.281250 0.031140 FPGA_VCCINT 0.004646 1.093750 0.004982
13552 248 FPGA_VCCAUX 0.009679 3.281250 0.031140 FPGA_VCCINT 0.004646 1.250000 0.005694
13606 249 FPGA_VCCAUX 0.009679 3.281250 0.031140 FPGA_VCCINT 0.004646 1.250000 0.005694
13657 250 FPGA_VCCAUX 0.009679 3.281250 0.031140 FPGA_VCCINT 0.004646 1.250000 0.005694
13710 251 FPGA_VCCAUX 0.009679 3.281250 0.031140 FPGA_VCCINT 0.004646 1.250000 0.005694
13764 252 FPGA_VCCAUX 0.009679 3.281250 0.031140 FPGA_VCCINT 0.004646 1.250000 0.005694
13814 253 FPGA_VCCAUX 0.009679 3.281250 0.031140 FPGA_VCCINT 0.004646 1.250000 0.005694
13868 254 FPGA_VCCAUX 0.009679 3.281250 0.031140 FPGA_VCCINT 0.004646 1.250000 0.005694
13921 255 FPGA_VCCAUX 0.009679 3.281250 0.031140 FPGA_VCCINT 0.004646 1.250000 0.005694
13972 256 FPGA_VCCAUX 0.009679 3.281250 0.031140 FPGA_VCCINT 0.004646 1.250000 0.005694
14025 257 FPGA_VCCAUX 0.009679 3.281250 0.031140 FPGA_VCCINT 0.004646 1.250000 0.005694
14079 258 FPGA_VCCAUX 0.009679 3.281250 0.031140 FPGA_VCCINT 0.004646 1.093750 0.004982
14130 259 FPGA_VCCAUX 0.009679 3.281250 0.031140 FPGA_VCCINT 0.004646 1.093750 0.004982
14184 260 FPGA_VCCAUX 0.009679 3.281250 0.031140 FPGA_VCCINT 0.004646 1.093750 0.004982
14235 261 FPGA_VCCAUX 0.009679 3.281250 0.031140 FPGA_VCCINT 0.004646 1.093750 0.004982
14288 262 FPGA_VCCAUX 0.009679 3.281250 0.031140 FPGA_VCCINT 0.004646 1.093750 0.004982
14339 263 FPGA_VCCAUX 0.009679 3.281250 0.031140 FPGA_VCCINT 0.004646 1.093750 0.004982
14393 264 FPGA_VCCAUX 0.009679 3.281250 0.031140 FPGA_VCCINT 0.004646 1.093750 0.004982
14446 265 FPGA_VCCAUX 0.009679 3.281250 0.031140 FPGA_VCCINT 0.004646 1.093750 0.004982
14498 266 FPGA_VCCAUX 0.009679 3.281250 0.031140 FPGA_VCCINT 0.004646 1.093750 0.004982
14551 267 FPGA_VCCAUX 0.009679 3.281250 0.031140 FPGA_VCCINT 0.004646 1.093750 0.004982
14602 268 FPGA_VCCAUX 0.009679 3.281250 0.031140 FPGA_VCCINT 0.004646 1.093750 0.004982
14656 269 FPGA_VCCAUX 0.009679 3.281250 0.031140 FPGA_VCCINT 0.004646 1.093750 0.004982
14733 270 FPGA_VCCAUX 0.009679 3.281250 0.031140 FPGA_VCCINT 0.004646 1.093750 0.004982
14787 271 FPGA_VCCAUX 0.009679 3.281250 0.031140 FPGA_VCCINT 0.004646 1.093750 0.004982
14838 272 FPGA_VCCAUX 0.009679 3.281250 0.031140 FPGA_VCCINT 0.004646 1.093750 0.004982
14892 273 FPGA_VCCAUX 0.009679 3.281250 0.031140 FPGA_VCCINT 0.004646 1.093750 0.004982
14943 274 FPGA_VCCAUX 0.009679 3.281250 0.031140 FPGA_VCCINT 0.004646 1.093750 0.004982
14997 275 FPGA_VCCAUX 0.009679 3.281250 0.031140 FPGA_VCCINT 0.004646 1.093750 0.004982
15048 276 FPGA_VCCAUX 0.009679 3.281250 0.031140 FPGA_VCCINT 0.004646 1.093750 0.004982
15101 277 FPGA_VCCAUX 0.009679 3.281250 0.031140 FPGA_VCCINT 0.004646 1.093750 0.004982
15155 278 FPGA_VCCAUX 0.009679 3.281250 0.031140 FPGA_VCCINT 0.004646 1.093750 0.004982
15206 279 FPGA_VCCAUX 0.009679 3.281250 0.031140 FPGA_VCCINT 0.004646 1.093750 0.004982
15260 280 FPGA_VCCAUX 0.009679 3.281250 0.031140 FPGA_VCCINT 0.004646 1.093750 0.004982
15311 281 FPGA_VCCAUX 0.009679 3.281250 0.031140 FPGA_VCCINT 0.004646 1.093750 0.004982
15364 282 FPGA_VCCAUX 0.009679 3.281250 0.031140 FPGA_VCCINT 0.004646 1.250000 0.005694
15415 283 FPGA_VCCAUX 0.009679 3.281250 0.031140 FPGA_VCCINT 0.004646 1.250000 0.005694
15469 284 FPGA_VCCAUX 0.009679 3.281250 0.031140 FPGA_VCCINT 0.004646 1.250000 0.005694
15522 285 FPGA_VCCAUX 0.009679 3.281250 0.031140 FPGA_VCCINT 0.004646 1.250000 0.005694
15573 286 FPGA_VCCAUX 0.009679 3.281250 0.031140 FPGA_VCCINT 0.004646 1.250000 0.005694
