10 1 FPGA_VCCAUX 0.000000 0.312500 0.000000 FPGA_VCCINT -0.001549 0.000000 0.000000
45 2 FPGA_VCCAUX 0.000000 0.312500 0.000000 FPGA_VCCINT -0.001549 0.000000 0.000000
80 3 FPGA_VCCAUX 0.000000 0.312500 0.000000 FPGA_VCCINT -0.001549 0.000000 0.000000
115 4 FPGA_VCCAUX 0.000000 0.312500 0.000000 FPGA_VCCINT -0.001549 0.000000 0.000000
150 5 FPGA_VCCAUX 0.000000 0.312500 0.000000 FPGA_VCCINT -0.001549 0.000000 0.000000
186 6 FPGA_VCCAUX 0.000000 0.312500 0.000000 FPGA_VCCINT -0.001549 0.000000 0.000000
221 7 FPGA_VCCAUX 0.000000 0.312500 0.000000 FPGA_VCCINT -0.001549 0.000000 0.000000
256 8 FPGA_VCCAUX 0.000000 0.312500 0.000000 FPGA_VCCINT -0.001549 0.000000 0.000000
291 9 FPGA_VCCAUX 0.000000 0.312500 0.000000 FPGA_VCCINT -0.001549 0.000000 0.000000
326 10 FPGA_VCCAUX 0.000000 0.312500 0.000000 FPGA_VCCINT -0.001549 0.000000 0.000000
362 11 FPGA_VCCAUX 0.000000 0.312500 0.000000 FPGA_VCCINT -0.001549 0.000000 0.000000
397 12 FPGA_VCCAUX 0.000000 0.312500 0.000000 FPGA_VCCINT -0.001549 0.000000 0.000000
433 13 FPGA_VCCAUX 0.000000 0.312500 0.000000 FPGA_VCCINT -0.001549 0.000000 0.000000
468 14 FPGA_VCCAUX 0.000000 0.312500 0.000000 FPGA_VCCINT -0.001549 0.000000 0.000000
504 15 FPGA_VCCAUX 0.000000 0.312500 0.000000 FPGA_VCCINT -0.001549 0.000000 0.000000
539 16 FPGA_VCCAUX 0.000000 0.312500 0.000000 FPGA_VCCINT -0.001549 0.000000 0.000000
575 17 FPGA_VCCAUX 0.000000 0.312500 0.000000 FPGA_VCCINT -0.001549 0.000000 0.000000
610 18 FPGA_VCCAUX 0.000000 0.312500 0.000000 FPGA_VCCINT -0.001549 0.000000 0.000000
646 19 FPGA_VCCAUX 0.000000 0.312500 0.000000 FPGA_VCCINT -0.001549 0.000000 0.000000
681 20 FPGA_VCCAUX 0.000000 0.312500 0.000000 FPGA_VCCINT -0.001549 0.000000 0.000000
717 21 FPGA_VCCAUX 0.000000 0.312500 0.000000 FPGA_VCCINT -0.001549 0.000000 0.000000
752 22 FPGA_VCCAUX 0.000000 0.312500 0.000000 FPGA_VCCINT -0.001549 0.000000 0.000000
788 23 FPGA_VCCAUX 0.000000 0.312500 0.000000 FPGA_VCCINT -0.001549 0.000000 0.000000
823 24 FPGA_VCCAUX 0.000000 0.312500 0.000000 FPGA_VCCINT -0.001549 0.000000 0.000000
859 25 FPGA_VCCAUX 0.000000 0.312500 0.000000 FPGA_VCCINT -0.001549 0.000000 0.000000
895 26 FPGA_VCCAUX 0.000000 0.312500 0.000000 FPGA_VCCINT -0.001549 0.000000 0.000000
930 27 FPGA_VCCAUX 0.000000 0.312500 0.000000 FPGA_VCCINT -0.001549 0.000000 0.000000
966 28 FPGA_VCCAUX 0.000000 0.312500 0.000000 FPGA_VCCINT -0.001549 0.000000 0.000000
1001 29 FPGA_VCCAUX 0.000000 0.312500 0.000000 FPGA_VCCINT -0.001549 0.000000 0.000000
1037 30 FPGA_VCCAUX 0.000000 0.312500 0.000000 FPGA_VCCINT -0.001549 0.000000 0.000000
1073 31 FPGA_VCCAUX 0.000000 0.312500 0.000000 FPGA_VCCINT -0.001549 0.000000 0.000000
1108 32 FPGA_VCCAUX 0.000000 0.312500 0.000000 FPGA_VCCINT -0.001549 0.000000 0.000000
1144 33 FPGA_VCCAUX 0.000000 0.312500 0.000000 FPGA_VCCINT -0.001549 0.000000 0.000000
1180 34 FPGA_VCCAUX 0.000000 0.312500 0.000000 FPGA_VCCINT -0.001549 0.000000 0.000000
1216 35 FPGA_VCCAUX 0.000000 0.312500 0.000000 FPGA_VCCINT -0.001549 0.000000 0.000000
1252 36 FPGA_VCCAUX 0.000000 0.312500 0.000000 FPGA_VCCINT -0.001549 0.000000 0.000000
1287 37 FPGA_VCCAUX 0.000000 0.312500 0.000000 FPGA_VCCINT -0.001549 0.000000 0.000000
1323 38 FPGA_VCCAUX 0.000000 0.312500 0.000000 FPGA_VCCINT -0.001549 0.000000 0.000000
1359 39 FPGA_VCCAUX 0.000000 0.312500 0.000000 FPGA_VCCINT -0.001549 0.000000 0.000000
1395 40 FPGA_VCCAUX 0.000000 0.312500 0.000000 FPGA_VCCINT -0.001549 0.000000 0.000000
1431 41 FPGA_VCCAUX 0.000000 0.312500 0.000000 FPGA_VCCINT -0.001549 0.000000 0.000000
1466 42 FPGA_VCCAUX 0.000000 0.312500 0.000000 FPGA_VCCINT -0.001549 0.000000 0.000000
1502 43 FPGA_VCCAUX 0.000000 0.312500 0.000000 FPGA_VCCINT -0.001549 0.000000 0.000000
1538 44 FPGA_VCCAUX 0.000000 0.312500 0.000000 FPGA_VCCINT -0.001549 0.000000 0.000000
1574 45 FPGA_VCCAUX 0.000000 0.312500 0.000000 FPGA_VCCINT -0.001549 0.000000 0.000000
1610 46 FPGA_VCCAUX 0.000000 0.312500 0.000000 FPGA_VCCINT -0.001549 0.000000 0.000000
1645 47 FPGA_VCCAUX 0.000000 0.312500 0.000000 FPGA_VCCINT -0.001549 0.000000 0.000000
1681 48 FPGA_VCCAUX 0.000000 0.312500 0.000000 FPGA_VCCINT -0.001549 0.000000 0.000000
1717 49 FPGA_VCCAUX 0.000000 0.312500 0.000000 FPGA_VCCINT -0.001549 0.000000 0.000000
1753 50 FPGA_VCCAUX 0.000000 0.312500 0.000000 FPGA_VCCINT -0.001549 0.000000 0.000000
1789 51 FPGA_VCCAUX 0.000000 0.312500 0.000000 FPGA_VCCINT -0.001549 0.000000 0.000000
1825 52 FPGA_VCCAUX 0.000000 0.312500 0.000000 FPGA_VCCINT -0.001549 0.000000 0.000000
1860 53 FPGA_VCCAUX 0.000000 0.312500 0.000000 FPGA_VCCINT -0.001549 0.000000 0.000000
1896 54 FPGA_VCCAUX 0.000000 0.312500 0.000000 FPGA_VCCINT -0.001549 0.000000 0.000000
1932 55 FPGA_VCCAUX 0.000000 0.312500 0.000000 FPGA_VCCINT -0.001549 0.000000 0.000000
1968 56 FPGA_VCCAUX 0.000000 0.312500 0.000000 FPGA_VCCINT -0.001549 0.000000 0.000000
2004 57 FPGA_VCCAUX 0.000000 0.312500 0.000000 FPGA_VCCINT -0.001549 0.000000 0.000000
2040 58 FPGA_VCCAUX 0.000000 0.312500 0.000000 FPGA_VCCINT -0.001549 0.000000 0.000000
2075 59 FPGA_VCCAUX 0.000000 0.312500 0.000000 FPGA_VCCINT -0.001549 0.000000 0.000000
2111 60 FPGA_VCCAUX 0.000000 0.312500 0.000000 FPGA_VCCINT -0.001549 0.000000 0.000000
2147 61 FPGA_VCCAUX 0.000000 0.312500 0.000000 FPGA_VCCINT -0.001549 0.000000 0.000000
2183 62 FPGA_VCCAUX 0.000000 0.312500 0.000000 FPGA_VCCINT -0.001549 0.000000 0.000000
2219 63 FPGA_VCCAUX 0.000000 0.312500 0.000000 FPGA_VCCINT -0.001549 0.000000 0.000000
2254 64 FPGA_VCCAUX 0.000000 0.312500 0.000000 FPGA_VCCINT -0.001549 0.000000 0.000000
2290 65 FPGA_VCCAUX 0.000000 0.312500 0.000000 FPGA_VCCINT -0.001549 0.000000 0.000000
2326 66 FPGA_VCCAUX 0.000000 0.312500 0.000000 FPGA_VCCINT -0.001549 0.000000 0.000000
2362 67 FPGA_VCCAUX 0.000000 0.312500 0.000000 FPGA_VCCINT -0.001549 0.000000 0.000000
2398 68 FPGA_VCCAUX 0.000000 0.312500 0.000000 FPGA_VCCINT -0.001549 0.000000 0.000000
2433 69 FPGA_VCCAUX 0.000000 0.312500 0.000000 FPGA_VCCINT -0.001549 0.000000 0.000000
2469 70 FPGA_VCCAUX 0.000000 0.312500 0.000000 FPGA_VCCINT -0.001549 0.000000 0.000000
2505 71 FPGA_VCCAUX 0.000000 0.312500 0.000000 FPGA_VCCINT -0.001549 0.000000 0.000000
2541 72 FPGA_VCCAUX 0.000000 0.312500 0.000000 FPGA_VCCINT -0.001549 0.000000 0.000000
2577 73 FPGA_VCCAUX 0.000000 0.312500 0.000000 FPGA_VCCINT -0.001549 0.000000 0.000000
2612 74 FPGA_VCCAUX 0.000000 0.312500 0.000000 FPGA_VCCINT -0.001549 0.000000 0.000000
2648 75 FPGA_VCCAUX 0.000000 0.312500 0.000000 FPGA_VCCINT -0.001549 0.000000 0.000000
2684 76 FPGA_VCCAUX 0.000000 0.312500 0.000000 FPGA_VCCINT -0.001549 0.000000 0.000000
2720 77 FPGA_VCCAUX 0.000000 0.312500 0.000000 FPGA_VCCINT -0.001549 0.000000 0.000000
2756 78 FPGA_VCCAUX 0.000000 0.312500 0.000000 FPGA_VCCINT -0.001549 0.000000 0.000000
2791 79 FPGA_VCCAUX 0.000000 0.312500 0.000000 FPGA_VCCINT -0.001549 0.000000 0.000000
2827 80 FPGA_VCCAUX 0.000000 0.312500 0.000000 FPGA_VCCINT -0.001549 0.000000 0.000000
2863 81 FPGA_VCCAUX 0.000000 0.312500 0.000000 FPGA_VCCINT -0.001549 0.000000 0.000000
2899 82 FPGA_VCCAUX 0.000000 0.312500 0.000000 FPGA_VCCINT -0.001549 0.000000 0.000000
2935 83 FPGA_VCCAUX 0.000000 0.312500 0.000000 FPGA_VCCINT -0.001549 0.000000 0.000000
2971 84 FPGA_VCCAUX 0.000000 0.312500 0.000000 FPGA_VCCINT -0.001549 0.000000 0.000000
3006 85 FPGA_VCCAUX 0.000000 0.312500 0.000000 FPGA_VCCINT -0.001549 0.000000 0.000000
3042 86 FPGA_VCCAUX 0.000000 0.312500 0.000000 FPGA_VCCINT -0.001549 0.000000 0.000000
3078 87 FPGA_VCCAUX 0.000000 0.312500 0.000000 FPGA_VCCINT -0.001549 0.000000 0.000000
3114 88 FPGA_VCCAUX 0.000000 0.312500 0.000000 FPGA_VCCINT -0.001549 0.000000 0.000000
3149 89 FPGA_VCCAUX 0.000000 0.312500 0.000000 FPGA_VCCINT -0.001549 0.000000 0.000000
3185 90 FPGA_VCCAUX 0.000000 0.312500 0.000000 FPGA_VCCINT -0.001549 0.000000 0.000000
3221 91 FPGA_VCCAUX 0.000000 0.312500 0.000000 FPGA_VCCINT -0.001549 0.000000 0.000000
3257 92 FPGA_VCCAUX 0.000000 0.312500 0.000000 FPGA_VCCINT -0.001549 0.000000 0.000000
3293 93 FPGA_VCCAUX 0.000000 0.312500 0.000000 FPGA_VCCINT -0.001549 0.000000 0.000000
3328 94 FPGA_VCCAUX 0.000000 0.312500 0.000000 FPGA_VCCINT -0.001549 0.000000 0.000000
3364 95 FPGA_VCCAUX 0.000000 0.312500 0.000000 FPGA_VCCINT -0.001549 0.000000 0.000000
3400 96 FPGA_VCCAUX 0.000000 0.312500 0.000000 FPGA_VCCINT -0.001549 0.000000 0.000000
3436 97 FPGA_VCCAUX 0.000000 0.312500 0.000000 FPGA_VCCINT -0.001549 0.000000 0.000000
3472 98 FPGA_VCCAUX 0.000000 0.312500 0.000000 FPGA_VCCINT -0.001549 0.000000 0.000000
3508 99 FPGA_VCCAUX 0.000000 0.312500 0.000000 FPGA_VCCINT -0.001549 0.000000 0.000000
3543 100 FPGA_VCCAUX 0.000000 0.312500 0.000000 FPGA_VCCINT -0.001549 0.000000 0.000000
3580 101 FPGA_VCCAUX 0.000000 0.312500 0.000000 FPGA_VCCINT -0.001549 0.000000 0.000000
3616 102 FPGA_VCCAUX 0.000000 0.312500 0.000000 FPGA_VCCINT -0.001549 0.000000 0.000000
3652 103 FPGA_VCCAUX 0.000000 0.312500 0.000000 FPGA_VCCINT -0.001549 0.000000 0.000000
3688 104 FPGA_VCCAUX 0.000000 0.312500 0.000000 FPGA_VCCINT -0.001549 0.000000 0.000000
3724 105 FPGA_VCCAUX 0.000000 0.312500 0.000000 FPGA_VCCINT -0.001549 0.000000 0.000000
3760 106 FPGA_VCCAUX 0.000000 0.312500 0.000000 FPGA_VCCINT -0.001549 0.000000 0.000000
3796 107 FPGA_VCCAUX 0.000000 0.312500 0.000000 FPGA_VCCINT -0.001549 0.000000 0.000000
3832 108 FPGA_VCCAUX 0.000000 0.312500 0.000000 FPGA_VCCINT -0.001549 0.000000 0.000000
3868 109 FPGA_VCCAUX 0.000000 0.312500 0.000000 FPGA_VCCINT -0.001549 0.000000 0.000000
3904 110 FPGA_VCCAUX 0.000000 0.312500 0.000000 FPGA_VCCINT -0.001549 0.000000 0.000000
3940 111 FPGA_VCCAUX 0.000000 0.312500 0.000000 FPGA_VCCINT -0.001549 0.000000 0.000000
3976 112 FPGA_VCCAUX 0.000000 0.468750 0.000000 FPGA_VCCINT -0.001549 0.000000 0.000000
4012 113 FPGA_VCCAUX 0.000000 0.468750 0.000000 FPGA_VCCINT -0.001549 0.000000 0.000000
4048 114 FPGA_VCCAUX 0.000000 0.312500 0.000000 FPGA_VCCINT -0.001549 0.000000 0.000000
4084 115 FPGA_VCCAUX 0.000000 0.468750 0.000000 FPGA_VCCINT -0.001549 0.000000 0.000000
4121 116 FPGA_VCCAUX 0.000000 0.468750 0.000000 FPGA_VCCINT -0.001549 0.000000 0.000000
4157 117 FPGA_VCCAUX 0.000000 0.312500 0.000000 FPGA_VCCINT -0.001549 0.000000 0.000000
4193 118 FPGA_VCCAUX 0.000000 0.468750 0.000000 FPGA_VCCINT -0.001549 0.000000 0.000000
4230 119 FPGA_VCCAUX 0.000000 0.468750 0.000000 FPGA_VCCINT -0.001549 0.000000 0.000000
4266 120 FPGA_VCCAUX 0.000000 0.468750 0.000000 FPGA_VCCINT -0.001549 0.000000 0.000000
4302 121 FPGA_VCCAUX 0.000000 0.468750 0.000000 FPGA_VCCINT -0.001549 0.000000 0.000000
4338 122 FPGA_VCCAUX 0.000000 0.468750 0.000000 FPGA_VCCINT -0.001549 0.000000 0.000000
4375 123 FPGA_VCCAUX 0.000000 0.468750 0.000000 FPGA_VCCINT -0.001549 0.000000 0.000000
4411 124 FPGA_VCCAUX 0.000000 0.468750 0.000000 FPGA_VCCINT -0.001549 0.000000 0.000000
4447 125 FPGA_VCCAUX 0.000000 0.468750 0.000000 FPGA_VCCINT -0.001549 0.000000 0.000000
4483 126 FPGA_VCCAUX 0.000000 0.468750 0.000000 FPGA_VCCINT -0.001549 0.000000 0.000000
4519 127 FPGA_VCCAUX 0.000000 0.312500 0.000000 FPGA_VCCINT -0.001549 0.000000 0.000000
4555 128 FPGA_VCCAUX 0.000000 0.468750 0.000000 FPGA_VCCINT -0.001549 0.000000 0.000000
4592 129 FPGA_VCCAUX 0.000000 0.468750 0.000000 FPGA_VCCINT -0.001549 0.000000 0.000000
4628 130 FPGA_VCCAUX 0.000000 0.468750 0.000000 FPGA_VCCINT -0.001549 0.000000 0.000000
4664 131 FPGA_VCCAUX 0.000000 0.468750 0.000000 FPGA_VCCINT -0.001549 0.000000 0.000000
4700 132 FPGA_VCCAUX 0.000000 0.468750 0.000000 FPGA_VCCINT -0.001549 0.000000 0.000000
4737 133 FPGA_VCCAUX 0.000000 0.468750 0.000000 FPGA_VCCINT -0.001549 0.000000 0.000000
4773 134 FPGA_VCCAUX 0.000000 0.468750 0.000000 FPGA_VCCINT -0.001549 0.000000 0.000000
4809 135 FPGA_VCCAUX 0.000000 0.468750 0.000000 FPGA_VCCINT -0.001549 0.000000 0.000000
4845 136 FPGA_VCCAUX 0.000000 0.468750 0.000000 FPGA_VCCINT -0.001549 0.000000 0.000000
4882 137 FPGA_VCCAUX 0.000000 0.468750 0.000000 FPGA_VCCINT -0.001549 0.000000 0.000000
4918 138 FPGA_VCCAUX 0.000000 0.468750 0.000000 FPGA_VCCINT -0.001549 0.000000 0.000000
4954 139 FPGA_VCCAUX 0.000000 0.468750 0.000000 FPGA_VCCINT -0.001549 0.000000 0.000000
4990 140 FPGA_VCCAUX 0.000000 0.468750 0.000000 FPGA_VCCINT -0.001549 0.000000 0.000000
5026 141 FPGA_VCCAUX 0.000000 0.468750 0.000000 FPGA_VCCINT -0.001549 0.000000 0.000000
5063 142 FPGA_VCCAUX 0.000000 0.468750 0.000000 FPGA_VCCINT -0.001549 0.000000 0.000000
5099 143 FPGA_VCCAUX 0.000000 0.468750 0.000000 FPGA_VCCINT -0.001549 0.000000 0.000000
5135 144 FPGA_VCCAUX 0.000000 0.468750 0.000000 FPGA_VCCINT -0.001549 0.000000 0.000000
5171 145 FPGA_VCCAUX 0.000000 0.468750 0.000000 FPGA_VCCINT -0.001549 0.000000 0.000000
5208 146 FPGA_VCCAUX 0.000000 0.468750 0.000000 FPGA_VCCINT -0.001549 0.000000 0.000000
5244 147 FPGA_VCCAUX 0.000000 1.250000 0.000000 FPGA_VCCINT -0.001549 0.000000 0.000000
5280 148 FPGA_VCCAUX 0.000000 1.250000 0.000000 FPGA_VCCINT -0.001549 0.000000 0.000000
5316 149 FPGA_VCCAUX 0.000000 2.343750 0.000000 FPGA_VCCINT -0.001549 0.000000 0.000000
5353 150 FPGA_VCCAUX 0.025397 2.343750 0.058366 FPGA_VCCINT -0.001549 0.000000 0.000000
5392 151 FPGA_VCCAUX 0.038095 2.343750 0.087549 FPGA_VCCINT -0.001549 0.000000 0.000000
5431 152 FPGA_VCCAUX 0.038095 3.281250 0.122568 FPGA_VCCINT -0.001549 0.000000 0.000000
5469 153 FPGA_VCCAUX 0.038095 3.281250 0.122568 FPGA_VCCINT -0.001549 0.000000 0.000000
5508 154 FPGA_VCCAUX 0.038095 3.281250 0.122568 FPGA_VCCINT -0.001549 0.000000 0.000000
5547 155 FPGA_VCCAUX 0.038095 3.281250 0.122568 FPGA_VCCINT -0.001549 0.000000 0.000000
5585 156 FPGA_VCCAUX 0.038095 3.281250 0.122568 FPGA_VCCINT -0.001549 0.000000 0.000000
5624 157 FPGA_VCCAUX 0.038095 3.281250 0.122568 FPGA_VCCINT -0.001549 0.000000 0.000000
5663 158 FPGA_VCCAUX 0.038095 3.281250 0.122568 FPGA_VCCINT -0.001549 0.000000 0.000000
5701 159 FPGA_VCCAUX 0.038095 3.281250 0.122568 FPGA_VCCINT -0.001549 0.000000 0.000000
5740 160 FPGA_VCCAUX 0.038095 3.281250 0.122568 FPGA_VCCINT -0.001549 0.000000 0.000000
5779 161 FPGA_VCCAUX 0.038095 3.281250 0.122568 FPGA_VCCINT -0.001549 0.000000 0.000000
5817 162 FPGA_VCCAUX 0.038095 3.281250 0.122568 FPGA_VCCINT -0.001549 0.000000 0.000000
5856 163 FPGA_VCCAUX 0.038095 3.281250 0.122568 FPGA_VCCINT -0.001549 0.000000 0.000000
5895 164 FPGA_VCCAUX 0.038095 3.281250 0.122568 FPGA_VCCINT -0.001549 0.000000 0.000000
5934 165 FPGA_VCCAUX 0.050794 3.281250 0.163424 FPGA_VCCINT -0.001549 0.000000 0.000000
5973 166 FPGA_VCCAUX 0.050794 3.281250 0.163424 FPGA_VCCINT -0.001549 0.000000 0.000000
6012 167 FPGA_VCCAUX 0.050794 3.281250 0.163424 FPGA_VCCINT -0.001549 0.000000 0.000000
6051 168 FPGA_VCCAUX 0.050794 3.281250 0.163424 FPGA_VCCINT -0.001549 0.000000 0.000000
6090 169 FPGA_VCCAUX 0.050794 3.281250 0.163424 FPGA_VCCINT -0.001549 0.000000 0.000000
6129 170 FPGA_VCCAUX 0.050794 3.281250 0.163424 FPGA_VCCINT -0.001549 0.000000 0.000000
6168 171 FPGA_VCCAUX 0.050794 3.281250 0.163424 FPGA_VCCINT -0.001549 0.000000 0.000000
6207 172 FPGA_VCCAUX 0.050794 3.281250 0.163424 FPGA_VCCINT -0.001549 0.000000 0.000000
6246 173 FPGA_VCCAUX 0.050794 3.281250 0.163424 FPGA_VCCINT -0.001549 0.000000 0.000000
6286 174 FPGA_VCCAUX 0.050794 3.281250 0.163424 FPGA_VCCINT -0.001549 0.000000 0.000000
6325 175 FPGA_VCCAUX 0.050794 3.281250 0.163424 FPGA_VCCINT -0.001549 0.000000 0.000000
6364 176 FPGA_VCCAUX 0.050794 3.281250 0.163424 FPGA_VCCINT -0.001549 0.000000 0.000000
6403 177 FPGA_VCCAUX 0.050794 3.281250 0.163424 FPGA_VCCINT -0.001549 0.000000 0.000000
6442 178 FPGA_VCCAUX 0.050794 3.281250 0.163424 FPGA_VCCINT -0.001549 0.000000 0.000000
6481 179 FPGA_VCCAUX 0.050794 3.281250 0.163424 FPGA_VCCINT -0.001549 0.000000 0.000000
6520 180 FPGA_VCCAUX 0.050794 3.281250 0.163424 FPGA_VCCINT -0.001549 0.000000 0.000000
6559 181 FPGA_VCCAUX 0.050794 3.281250 0.163424 FPGA_VCCINT -0.001549 0.000000 0.000000
6598 182 FPGA_VCCAUX 0.050794 3.281250 0.163424 FPGA_VCCINT -0.001549 0.000000 0.000000
6637 183 FPGA_VCCAUX 0.050794 3.281250 0.163424 FPGA_VCCINT -0.001549 0.000000 0.000000
6676 184 FPGA_VCCAUX 0.050794 3.281250 0.163424 FPGA_VCCINT -0.001549 0.000000 0.000000
6715 185 FPGA_VCCAUX 0.050794 3.281250 0.163424 FPGA_VCCINT -0.001549 0.000000 0.000000
6754 186 FPGA_VCCAUX 0.050794 3.281250 0.163424 FPGA_VCCINT -0.001549 0.000000 0.000000
6793 187 FPGA_VCCAUX 0.050794 3.281250 0.163424 FPGA_VCCINT -0.001549 0.000000 0.000000
6832 188 FPGA_VCCAUX 0.050794 3.281250 0.163424 FPGA_VCCINT -0.001549 0.000000 0.000000
6871 189 FPGA_VCCAUX 0.050794 3.281250 0.163424 FPGA_VCCINT -0.001549 0.000000 0.000000
6911 190 FPGA_VCCAUX 0.050794 3.281250 0.163424 FPGA_VCCINT -0.001549 0.000000 0.000000
6950 191 FPGA_VCCAUX 0.050794 3.281250 0.163424 FPGA_VCCINT -0.001549 0.000000 0.000000
6989 192 FPGA_VCCAUX 0.050794 3.281250 0.163424 FPGA_VCCINT -0.001549 0.000000 0.000000
7028 193 FPGA_VCCAUX 0.050794 3.281250 0.163424 FPGA_VCCINT -0.001549 0.000000 0.000000
7067 194 FPGA_VCCAUX 0.050794 3.281250 0.163424 FPGA_VCCINT -0.001549 0.000000 0.000000
7106 195 FPGA_VCCAUX 0.050794 3.281250 0.163424 FPGA_VCCINT -0.001549 0.000000 0.000000
7145 196 FPGA_VCCAUX 0.050794 3.281250 0.163424 FPGA_VCCINT -0.001549 0.000000 0.000000
7184 197 FPGA_VCCAUX 0.050794 3.281250 0.163424 FPGA_VCCINT -0.001549 0.000000 0.000000
7223 198 FPGA_VCCAUX 0.050794 3.281250 0.163424 FPGA_VCCINT -0.001549 0.000000 0.000000
7262 199 FPGA_VCCAUX 0.050794 3.281250 0.163424 FPGA_VCCINT -0.001549 0.000000 0.000000
7301 200 FPGA_VCCAUX 0.050794 3.281250 0.163424 FPGA_VCCINT -0.001549 0.000000 0.000000
7340 201 FPGA_VCCAUX 0.050794 3.281250 0.163424 FPGA_VCCINT -0.001549 0.000000 0.000000
7379 202 FPGA_VCCAUX 0.050794 3.281250 0.163424 FPGA_VCCINT -0.001549 0.000000 0.000000
7418 203 FPGA_VCCAUX 0.050794 3.281250 0.163424 FPGA_VCCINT -0.001549 0.000000 0.000000
7457 204 FPGA_VCCAUX 0.050794 3.281250 0.163424 FPGA_VCCINT -0.001549 0.000000 0.000000
7496 205 FPGA_VCCAUX 0.050794 3.281250 0.163424 FPGA_VCCINT -0.001549 0.000000 0.000000
7536 206 FPGA_VCCAUX 0.050794 3.281250 0.163424 FPGA_VCCINT -0.001549 0.000000 0.000000
7575 207 FPGA_VCCAUX 0.050794 3.281250 0.163424 FPGA_VCCINT -0.001549 0.000000 0.000000
7614 208 FPGA_VCCAUX 0.050794 3.281250 0.163424 FPGA_VCCINT -0.001549 0.000000 0.000000
7653 209 FPGA_VCCAUX 0.050794 3.281250 0.163424 FPGA_VCCINT -0.001549 0.000000 0.000000
7692 210 FPGA_VCCAUX 0.050794 3.281250 0.163424 FPGA_VCCINT -0.001549 0.000000 0.000000
7731 211 FPGA_VCCAUX 0.050794 3.281250 0.163424 FPGA_VCCINT -0.001549 0.000000 0.000000
7770 212 FPGA_VCCAUX 0.050794 3.281250 0.163424 FPGA_VCCINT -0.001549 0.000000 0.000000
7809 213 FPGA_VCCAUX 0.050794 3.281250 0.163424 FPGA_VCCINT -0.001549 0.000000 0.000000
7848 214 FPGA_VCCAUX 0.050794 3.281250 0.163424 FPGA_VCCINT -0.001549 0.000000 0.000000
7887 215 FPGA_VCCAUX 0.050794 3.281250 0.163424 FPGA_VCCINT -0.001549 0.000000 0.000000
7926 216 FPGA_VCCAUX 0.050794 3.281250 0.163424 FPGA_VCCINT -0.001549 0.000000 0.000000
7965 217 FPGA_VCCAUX 0.050794 3.281250 0.163424 FPGA_VCCINT -0.001549 0.000000 0.000000
8004 218 FPGA_VCCAUX 0.050794 3.281250 0.163424 FPGA_VCCINT -0.001549 0.000000 0.000000
8043 219 FPGA_VCCAUX 0.050794 3.281250 0.163424 FPGA_VCCINT -0.001549 0.000000 0.000000
8082 220 FPGA_VCCAUX 0.050794 3.281250 0.163424 FPGA_VCCINT -0.001549 0.000000 0.000000
8121 221 FPGA_VCCAUX 0.050794 3.281250 0.163424 FPGA_VCCINT -0.001549 0.000000 0.000000
8161 222 FPGA_VCCAUX 0.050794 3.281250 0.163424 FPGA_VCCINT -0.001549 0.000000 0.000000
8200 223 FPGA_VCCAUX 0.050794 3.281250 0.163424 FPGA_VCCINT -0.001549 0.000000 0.000000
8239 224 FPGA_VCCAUX 0.050794 3.281250 0.163424 FPGA_VCCINT -0.001549 0.000000 0.000000
8278 225 FPGA_VCCAUX 0.050794 3.281250 0.163424 FPGA_VCCINT -0.001549 0.000000 0.000000
8317 226 FPGA_VCCAUX 0.050794 3.281250 0.163424 FPGA_VCCINT -0.001549 0.000000 0.000000
8356 227 FPGA_VCCAUX 0.050794 3.281250 0.163424 FPGA_VCCINT -0.001549 0.000000 0.000000
8395 228 FPGA_VCCAUX 0.050794 3.281250 0.163424 FPGA_VCCINT -0.001549 0.000000 0.000000
8434 229 FPGA_VCCAUX 0.050794 3.281250 0.163424 FPGA_VCCINT -0.001549 0.000000 0.000000
8473 230 FPGA_VCCAUX 0.050794 3.281250 0.163424 FPGA_VCCINT -0.001549 0.000000 0.000000
8512 231 FPGA_VCCAUX 0.050794 3.281250 0.163424 FPGA_VCCINT -0.001549 0.000000 0.000000
8551 232 FPGA_VCCAUX 0.050794 3.281250 0.163424 FPGA_VCCINT -0.001549 0.000000 0.000000
8590 233 FPGA_VCCAUX 0.050794 3.281250 0.163424 FPGA_VCCINT -0.001549 0.000000 0.000000
8629 234 FPGA_VCCAUX 0.050794 3.281250 0.163424 FPGA_VCCINT -0.001549 0.000000 0.000000
8668 235 FPGA_VCCAUX 0.050794 3.281250 0.163424 FPGA_VCCINT -0.001549 0.000000 0.000000
8707 236 FPGA_VCCAUX 0.050794 3.281250 0.163424 FPGA_VCCINT -0.001549 0.000000 0.000000
8746 237 FPGA_VCCAUX 0.050794 3.281250 0.163424 FPGA_VCCINT -0.001549 0.000000 0.000000
8785 238 FPGA_VCCAUX 0.050794 3.281250 0.163424 FPGA_VCCINT -0.001549 0.000000 0.000000
8825 239 FPGA_VCCAUX 0.050794 3.281250 0.163424 FPGA_VCCINT -0.001549 0.000000 0.000000
8864 240 FPGA_VCCAUX 0.050794 3.281250 0.163424 FPGA_VCCINT -0.001549 0.000000 0.000000
8903 241 FPGA_VCCAUX 0.050794 3.281250 0.163424 FPGA_VCCINT -0.001549 0.000000 0.000000
8942 242 FPGA_VCCAUX 0.050794 3.281250 0.163424 FPGA_VCCINT -0.001549 0.000000 0.000000
8981 243 FPGA_VCCAUX 0.050794 3.281250 0.163424 FPGA_VCCINT -0.001549 0.000000 0.000000
9020 244 FPGA_VCCAUX 0.050794 3.281250 0.163424 FPGA_VCCINT -0.001549 0.000000 0.000000
9059 245 FPGA_VCCAUX 0.050794 3.281250 0.163424 FPGA_VCCINT -0.001549 0.000000 0.000000
9098 246 FPGA_VCCAUX 0.050794 3.281250 0.163424 FPGA_VCCINT -0.001549 0.000000 0.000000
9137 247 FPGA_VCCAUX 0.050794 3.281250 0.163424 FPGA_VCCINT -0.001549 0.000000 0.000000
9176 248 FPGA_VCCAUX 0.050794 3.281250 0.163424 FPGA_VCCINT -0.001549 0.000000 0.000000
9215 249 FPGA_VCCAUX 0.050794 3.281250 0.163424 FPGA_VCCINT -0.001549 0.000000 0.000000
9254 250 FPGA_VCCAUX 0.050794 3.281250 0.163424 FPGA_VCCINT -0.001549 0.000000 0.000000
9293 251 FPGA_VCCAUX 0.050794 3.281250 0.163424 FPGA_VCCINT -0.001549 0.000000 0.000000
9332 252 FPGA_VCCAUX 0.050794 3.281250 0.163424 FPGA_VCCINT -0.001549 0.000000 0.000000
9371 253 FPGA_VCCAUX 0.050794 3.281250 0.163424 FPGA_VCCINT -0.001549 0.000000 0.000000
9410 254 FPGA_VCCAUX 0.050794 3.281250 0.163424 FPGA_VCCINT -0.001549 0.000000 0.000000
9450 255 FPGA_VCCAUX 0.050794 3.281250 0.163424 FPGA_VCCINT -0.001549 0.000000 0.000000
9489 256 FPGA_VCCAUX 0.050794 3.281250 0.163424 FPGA_VCCINT -0.001549 0.000000 0.000000
9528 257 FPGA_VCCAUX 0.050794 3.281250 0.163424 FPGA_VCCINT -0.001549 0.000000 0.000000
9567 258 FPGA_VCCAUX 0.050794 3.281250 0.163424 FPGA_VCCINT -0.001549 0.000000 0.000000
9606 259 FPGA_VCCAUX 0.050794 3.281250 0.163424 FPGA_VCCINT -0.001549 0.000000 0.000000
9645 260 FPGA_VCCAUX 0.050794 3.281250 0.163424 FPGA_VCCINT -0.001549 0.000000 0.000000
9684 261 FPGA_VCCAUX 0.050794 3.281250 0.163424 FPGA_VCCINT -0.001549 0.000000 0.000000
9723 262 FPGA_VCCAUX 0.050794 3.281250 0.163424 FPGA_VCCINT -0.001549 0.000000 0.000000
9762 263 FPGA_VCCAUX 0.050794 3.281250 0.163424 FPGA_VCCINT -0.001549 0.000000 0.000000
9801 264 FPGA_VCCAUX 0.050794 3.281250 0.163424 FPGA_VCCINT -0.001549 0.000000 0.000000
9840 265 FPGA_VCCAUX 0.050794 3.281250 0.163424 FPGA_VCCINT -0.001549 0.000000 0.000000
9879 266 FPGA_VCCAUX 0.050794 3.281250 0.163424 FPGA_VCCINT -0.001549 0.000000 0.000000
9918 267 FPGA_VCCAUX 0.050794 3.281250 0.163424 FPGA_VCCINT -0.001549 0.000000 0.000000
9957 268 FPGA_VCCAUX 0.050794 3.281250 0.163424 FPGA_VCCINT -0.001549 0.000000 0.000000
9996 269 FPGA_VCCAUX 0.050794 3.281250 0.163424 FPGA_VCCINT -0.001549 0.000000 0.000000
10035 270 FPGA_VCCAUX 0.050794 3.281250 0.163424 FPGA_VCCINT -0.001549 0.000000 0.000000
10075 271 FPGA_VCCAUX 0.050794 3.281250 0.163424 FPGA_VCCINT -0.001549 0.000000 0.000000
10114 272 FPGA_VCCAUX 0.050794 3.281250 0.163424 FPGA_VCCINT -0.001549 0.000000 0.000000
10153 273 FPGA_VCCAUX 0.050794 3.281250 0.163424 FPGA_VCCINT -0.001549 0.000000 0.000000
10192 274 FPGA_VCCAUX 0.050794 3.281250 0.163424 FPGA_VCCINT -0.001549 0.000000 0.000000
10231 275 FPGA_VCCAUX 0.050794 3.281250 0.163424 FPGA_VCCINT -0.001549 0.000000 0.000000
10270 276 FPGA_VCCAUX 0.050794 3.281250 0.163424 FPGA_VCCINT -0.001549 0.000000 0.000000
10309 277 FPGA_VCCAUX 0.050794 3.281250 0.163424 FPGA_VCCINT -0.001549 0.000000 0.000000
10348 278 FPGA_VCCAUX 0.050794 3.281250 0.163424 FPGA_VCCINT -0.001549 0.000000 0.000000
10387 279 FPGA_VCCAUX 0.050794 3.281250 0.163424 FPGA_VCCINT -0.001549 0.000000 0.000000
10426 280 FPGA_VCCAUX 0.050794 3.281250 0.163424 FPGA_VCCINT -0.001549 0.000000 0.000000
10465 281 FPGA_VCCAUX 0.050794 3.281250 0.163424 FPGA_VCCINT -0.001549 0.000000 0.000000
10504 282 FPGA_VCCAUX 0.050794 3.281250 0.163424 FPGA_VCCINT -0.001549 0.000000 0.000000
10543 283 FPGA_VCCAUX 0.050794 3.281250 0.163424 FPGA_VCCINT -0.001549 0.000000 0.000000
10582 284 FPGA_VCCAUX 0.050794 3.281250 0.163424 FPGA_VCCINT -0.001549 0.000000 0.000000
10621 285 FPGA_VCCAUX 0.050794 3.281250 0.163424 FPGA_VCCINT -0.001549 0.000000 0.000000
10660 286 FPGA_VCCAUX 0.050794 3.281250 0.163424 FPGA_VCCINT -0.001549 0.000000 0.000000
10699 287 FPGA_VCCAUX 0.050794 3.281250 0.163424 FPGA_VCCINT -0.001549 0.000000 0.000000
10739 288 FPGA_VCCAUX 0.050794 3.281250 0.163424 FPGA_VCCINT -0.001549 0.000000 0.000000
10778 289 FPGA_VCCAUX 0.050794 3.281250 0.163424 FPGA_VCCINT -0.001549 0.000000 0.000000
10817 290 FPGA_VCCAUX 0.050794 3.281250 0.163424 FPGA_VCCINT -0.001549 0.000000 0.000000
10856 291 FPGA_VCCAUX 0.050794 3.281250 0.163424 FPGA_VCCINT -0.001549 0.000000 0.000000
10895 292 FPGA_VCCAUX 0.050794 3.281250 0.163424 FPGA_VCCINT -0.001549 0.000000 0.000000
10934 293 FPGA_VCCAUX 0.050794 3.281250 0.163424 FPGA_VCCINT -0.001549 0.000000 0.000000
10973 294 FPGA_VCCAUX 0.050794 3.281250 0.163424 FPGA_VCCINT -0.001549 0.000000 0.000000
11012 295 FPGA_VCCAUX 0.050794 3.281250 0.163424 FPGA_VCCINT -0.001549 0.000000 0.000000
11051 296 FPGA_VCCAUX 0.050794 3.281250 0.163424 FPGA_VCCINT -0.001549 0.000000 0.000000
11090 297 FPGA_VCCAUX 0.050794 3.281250 0.163424 FPGA_VCCINT -0.001549 0.000000 0.000000
11129 298 FPGA_VCCAUX 0.050794 3.281250 0.163424 FPGA_VCCINT -0.001549 0.000000 0.000000
11168 299 FPGA_VCCAUX 0.050794 3.281250 0.163424 FPGA_VCCINT -0.001549 0.000000 0.000000
11207 300 FPGA_VCCAUX 0.050794 3.281250 0.163424 FPGA_VCCINT -0.001549 0.000000 0.000000
11246 301 FPGA_VCCAUX 0.050794 3.281250 0.163424 FPGA_VCCINT -0.001549 0.000000 0.000000
11285 302 FPGA_VCCAUX 0.050794 3.281250 0.163424 FPGA_VCCINT -0.001549 0.000000 0.000000
11325 303 FPGA_VCCAUX 0.050794 3.281250 0.163424 FPGA_VCCINT -0.001549 0.000000 0.000000
11364 304 FPGA_VCCAUX 0.050794 3.281250 0.163424 FPGA_VCCINT -0.001549 0.000000 0.000000
11403 305 FPGA_VCCAUX 0.050794 3.281250 0.163424 FPGA_VCCINT -0.001549 0.000000 0.000000
11442 306 FPGA_VCCAUX 0.050794 3.281250 0.163424 FPGA_VCCINT -0.001549 0.000000 0.000000
11481 307 FPGA_VCCAUX 0.050794 3.281250 0.163424 FPGA_VCCINT -0.001549 0.000000 0.000000
11520 308 FPGA_VCCAUX 0.050794 3.281250 0.163424 FPGA_VCCINT -0.001549 0.000000 0.000000
11559 309 FPGA_VCCAUX 0.050794 3.281250 0.163424 FPGA_VCCINT -0.001549 0.000000 0.000000
11598 310 FPGA_VCCAUX 0.050794 3.281250 0.163424 FPGA_VCCINT -0.001549 0.000000 0.000000
11637 311 FPGA_VCCAUX 0.050794 3.281250 0.163424 FPGA_VCCINT -0.001549 0.000000 0.000000
11676 312 FPGA_VCCAUX 0.050794 3.281250 0.163424 FPGA_VCCINT -0.001549 0.000000 0.000000
11715 313 FPGA_VCCAUX 0.050794 3.281250 0.163424 FPGA_VCCINT -0.001549 0.000000 0.000000
11754 314 FPGA_VCCAUX 0.050794 3.281250 0.163424 FPGA_VCCINT -0.001549 0.000000 0.000000
11793 315 FPGA_VCCAUX 0.050794 3.281250 0.163424 FPGA_VCCINT -0.001549 0.000000 0.000000
11832 316 FPGA_VCCAUX 0.050794 3.281250 0.163424 FPGA_VCCINT -0.001549 0.000000 0.000000
11871 317 FPGA_VCCAUX 0.050794 3.281250 0.163424 FPGA_VCCINT -0.001549 0.000000 0.000000
11910 318 FPGA_VCCAUX 0.050794 3.281250 0.163424 FPGA_VCCINT -0.001549 0.000000 0.000000
11949 319 FPGA_VCCAUX 0.050794 3.281250 0.163424 FPGA_VCCINT -0.001549 0.000000 0.000000
11989 320 FPGA_VCCAUX 0.050794 3.281250 0.163424 FPGA_VCCINT -0.001549 0.000000 0.000000
12028 321 FPGA_VCCAUX 0.050794 3.281250 0.163424 FPGA_VCCINT -0.001549 0.000000 0.000000
12067 322 FPGA_VCCAUX 0.050794 3.281250 0.163424 FPGA_VCCINT -0.001549 0.000000 0.000000
12106 323 FPGA_VCCAUX 0.050794 3.281250 0.163424 FPGA_VCCINT -0.001549 0.000000 0.000000
12145 324 FPGA_VCCAUX 0.050794 3.281250 0.163424 FPGA_VCCINT -0.001549 0.000000 0.000000
12184 325 FPGA_VCCAUX 0.050794 3.281250 0.163424 FPGA_VCCINT -0.001549 0.000000 0.000000
12223 326 FPGA_VCCAUX 0.050794 3.281250 0.163424 FPGA_VCCINT -0.001549 0.000000 0.000000
12262 327 FPGA_VCCAUX 0.050794 3.281250 0.163424 FPGA_VCCINT -0.001549 0.000000 0.000000
12301 328 FPGA_VCCAUX 0.050794 3.281250 0.163424 FPGA_VCCINT -0.001549 0.000000 0.000000
12340 329 FPGA_VCCAUX 0.050794 3.281250 0.163424 FPGA_VCCINT -0.001549 0.000000 0.000000
12379 330 FPGA_VCCAUX 0.050794 3.281250 0.163424 FPGA_VCCINT -0.001549 0.000000 0.000000
12418 331 FPGA_VCCAUX 0.050794 3.281250 0.163424 FPGA_VCCINT -0.001549 0.000000 0.000000
12457 332 FPGA_VCCAUX 0.050794 3.281250 0.163424 FPGA_VCCINT -0.001549 0.000000 0.000000
12496 333 FPGA_VCCAUX 0.050794 3.281250 0.163424 FPGA_VCCINT -0.001549 0.000000 0.000000
12535 334 FPGA_VCCAUX 0.050794 3.281250 0.163424 FPGA_VCCINT -0.001549 0.000000 0.000000
12574 335 FPGA_VCCAUX 0.050794 3.281250 0.163424 FPGA_VCCINT -0.001549 0.000000 0.000000
12614 336 FPGA_VCCAUX 0.050794 3.281250 0.163424 FPGA_VCCINT -0.001549 0.000000 0.000000
12653 337 FPGA_VCCAUX 0.050794 3.281250 0.163424 FPGA_VCCINT -0.001549 0.000000 0.000000
12692 338 FPGA_VCCAUX 0.050794 3.281250 0.163424 FPGA_VCCINT -0.001549 0.000000 0.000000
12731 339 FPGA_VCCAUX 0.050794 3.281250 0.163424 FPGA_VCCINT -0.001549 0.000000 0.000000
12770 340 FPGA_VCCAUX 0.050794 3.281250 0.163424 FPGA_VCCINT -0.001549 0.000000 0.000000
12809 341 FPGA_VCCAUX 0.050794 3.281250 0.163424 FPGA_VCCINT -0.001549 0.000000 0.000000
12848 342 FPGA_VCCAUX 0.050794 3.281250 0.163424 FPGA_VCCINT -0.001549 0.000000 0.000000
12887 343 FPGA_VCCAUX 0.050794 3.281250 0.163424 FPGA_VCCINT -0.001549 0.000000 0.000000
12926 344 FPGA_VCCAUX 0.050794 3.281250 0.163424 FPGA_VCCINT -0.001549 0.000000 0.000000
12965 345 FPGA_VCCAUX 0.050794 3.281250 0.163424 FPGA_VCCINT -0.001549 0.000000 0.000000
13004 346 FPGA_VCCAUX 0.050794 3.281250 0.163424 FPGA_VCCINT -0.001549 0.000000 0.000000
13043 347 FPGA_VCCAUX 0.050794 3.281250 0.163424 FPGA_VCCINT -0.001549 0.000000 0.000000
13082 348 FPGA_VCCAUX 0.050794 3.281250 0.163424 FPGA_VCCINT -0.001549 0.000000 0.000000
13121 349 FPGA_VCCAUX 0.050794 3.281250 0.163424 FPGA_VCCINT -0.001549 0.000000 0.000000
13160 350 FPGA_VCCAUX 0.050794 3.281250 0.163424 FPGA_VCCINT -0.001549 0.000000 0.000000
13199 351 FPGA_VCCAUX 0.050794 3.281250 0.163424 FPGA_VCCINT -0.001549 0.000000 0.000000
13239 352 FPGA_VCCAUX 0.050794 3.281250 0.163424 FPGA_VCCINT -0.001549 0.000000 0.000000
13278 353 FPGA_VCCAUX 0.050794 3.281250 0.163424 FPGA_VCCINT -0.001549 0.000000 0.000000
13317 354 FPGA_VCCAUX 0.050794 3.281250 0.163424 FPGA_VCCINT -0.001549 0.000000 0.000000
13356 355 FPGA_VCCAUX 0.050794 3.281250 0.163424 FPGA_VCCINT -0.001549 0.000000 0.000000
13395 356 FPGA_VCCAUX 0.050794 3.281250 0.163424 FPGA_VCCINT -0.001549 0.000000 0.000000
13434 357 FPGA_VCCAUX 0.050794 3.281250 0.163424 FPGA_VCCINT -0.001549 0.000000 0.000000
13473 358 FPGA_VCCAUX 0.050794 3.281250 0.163424 FPGA_VCCINT -0.001549 0.000000 0.000000
13512 359 FPGA_VCCAUX 0.050794 3.281250 0.163424 FPGA_VCCINT -0.001549 0.000000 0.000000
13551 360 FPGA_VCCAUX 0.050794 3.281250 0.163424 FPGA_VCCINT -0.001549 0.000000 0.000000
13590 361 FPGA_VCCAUX 0.050794 3.281250 0.163424 FPGA_VCCINT -0.001549 0.000000 0.000000
13629 362 FPGA_VCCAUX 0.050794 3.281250 0.163424 FPGA_VCCINT -0.001549 0.000000 0.000000
13668 363 FPGA_VCCAUX 0.050794 3.281250 0.163424 FPGA_VCCINT -0.001549 0.000000 0.000000
13707 364 FPGA_VCCAUX 0.050794 3.281250 0.163424 FPGA_VCCINT -0.001549 0.000000 0.000000
13746 365 FPGA_VCCAUX 0.050794 3.281250 0.163424 FPGA_VCCINT -0.001549 0.000000 0.000000
13785 366 FPGA_VCCAUX 0.050794 3.281250 0.163424 FPGA_VCCINT -0.001549 0.000000 0.000000
13824 367 FPGA_VCCAUX 0.050794 3.281250 0.163424 FPGA_VCCINT -0.001549 0.000000 0.000000
13864 368 FPGA_VCCAUX 0.050794 3.281250 0.163424 FPGA_VCCINT -0.001549 0.000000 0.000000
13903 369 FPGA_VCCAUX 0.050794 3.281250 0.163424 FPGA_VCCINT -0.001549 0.000000 0.000000
13942 370 FPGA_VCCAUX 0.050794 3.281250 0.163424 FPGA_VCCINT -0.001549 0.000000 0.000000
13981 371 FPGA_VCCAUX 0.050794 3.281250 0.163424 FPGA_VCCINT -0.001549 0.000000 0.000000
14020 372 FPGA_VCCAUX 0.050794 3.281250 0.163424 FPGA_VCCINT -0.001549 0.000000 0.000000
14059 373 FPGA_VCCAUX 0.050794 3.281250 0.163424 FPGA_VCCINT -0.001549 0.000000 0.000000
14098 374 FPGA_VCCAUX 0.050794 3.281250 0.163424 FPGA_VCCINT -0.001549 0.000000 0.000000
14137 375 FPGA_VCCAUX 0.050794 3.281250 0.163424 FPGA_VCCINT -0.001549 0.000000 0.000000
14176 376 FPGA_VCCAUX 0.050794 3.281250 0.163424 FPGA_VCCINT -0.001549 0.000000 0.000000
14215 377 FPGA_VCCAUX 0.050794 3.281250 0.163424 FPGA_VCCINT -0.001549 0.000000 0.000000
14254 378 FPGA_VCCAUX 0.050794 3.281250 0.163424 FPGA_VCCINT -0.001549 0.000000 0.000000
14293 379 FPGA_VCCAUX 0.050794 3.281250 0.163424 FPGA_VCCINT -0.001549 0.000000 0.000000
14332 380 FPGA_VCCAUX 0.050794 3.281250 0.163424 FPGA_VCCINT -0.001549 0.000000 0.000000
14371 381 FPGA_VCCAUX 0.050794 3.281250 0.163424 FPGA_VCCINT -0.001549 0.000000 0.000000
14410 382 FPGA_VCCAUX 0.050794 3.281250 0.163424 FPGA_VCCINT -0.001549 0.000000 0.000000
14449 383 FPGA_VCCAUX 0.050794 3.281250 0.163424 FPGA_VCCINT -0.001549 0.000000 0.000000
14489 384 FPGA_VCCAUX 0.050794 3.281250 0.163424 FPGA_VCCINT -0.001549 0.000000 0.000000
14528 385 FPGA_VCCAUX 0.050794 3.281250 0.163424 FPGA_VCCINT -0.001549 0.000000 0.000000
14567 386 FPGA_VCCAUX 0.050794 3.281250 0.163424 FPGA_VCCINT -0.001549 0.000000 0.000000
14606 387 FPGA_VCCAUX 0.050794 3.281250 0.163424 FPGA_VCCINT -0.001549 0.000000 0.000000
14645 388 FPGA_VCCAUX 0.050794 3.281250 0.163424 FPGA_VCCINT -0.001549 0.000000 0.000000
14684 389 FPGA_VCCAUX 0.050794 3.281250 0.163424 FPGA_VCCINT -0.001549 0.000000 0.000000
14723 390 FPGA_VCCAUX 0.050794 3.281250 0.163424 FPGA_VCCINT -0.001549 0.000000 0.000000
14762 391 FPGA_VCCAUX 0.050794 3.281250 0.163424 FPGA_VCCINT -0.001549 0.000000 0.000000
14801 392 FPGA_VCCAUX 0.050794 3.281250 0.163424 FPGA_VCCINT -0.001549 0.000000 0.000000
14840 393 FPGA_VCCAUX 0.050794 3.281250 0.163424 FPGA_VCCINT -0.001549 0.000000 0.000000
14879 394 FPGA_VCCAUX 0.050794 3.281250 0.163424 FPGA_VCCINT -0.001549 0.000000 0.000000
14918 395 FPGA_VCCAUX 0.050794 3.281250 0.163424 FPGA_VCCINT -0.001549 0.000000 0.000000
14957 396 FPGA_VCCAUX 0.050794 3.281250 0.163424 FPGA_VCCINT -0.001549 0.000000 0.000000
14996 397 FPGA_VCCAUX 0.050794 3.281250 0.163424 FPGA_VCCINT -0.001549 0.000000 0.000000
15035 398 FPGA_VCCAUX 0.050794 3.281250 0.163424 FPGA_VCCINT -0.001549 0.000000 0.000000
15074 399 FPGA_VCCAUX 0.050794 3.281250 0.163424 FPGA_VCCINT -0.001549 0.000000 0.000000
15114 400 FPGA_VCCAUX 0.050794 3.281250 0.163424 FPGA_VCCINT -0.001549 0.000000 0.000000
15153 401 FPGA_VCCAUX 0.050794 3.281250 0.163424 FPGA_VCCINT -0.001549 0.000000 0.000000
15192 402 FPGA_VCCAUX 0.050794 3.281250 0.163424 FPGA_VCCINT -0.001549 0.000000 0.000000
15231 403 FPGA_VCCAUX 0.050794 3.281250 0.163424 FPGA_VCCINT -0.001549 0.000000 0.000000
15270 404 FPGA_VCCAUX 0.050794 3.281250 0.163424 FPGA_VCCINT -0.001549 0.000000 0.000000
15309 405 FPGA_VCCAUX 0.050794 3.281250 0.163424 FPGA_VCCINT -0.001549 0.000000 0.000000
15348 406 FPGA_VCCAUX 0.050794 3.281250 0.163424 FPGA_VCCINT -0.001549 0.000000 0.000000
15387 407 FPGA_VCCAUX 0.050794 3.281250 0.163424 FPGA_VCCINT -0.001549 0.000000 0.000000
15426 408 FPGA_VCCAUX 0.050794 3.281250 0.163424 FPGA_VCCINT -0.001549 0.000000 0.000000
15465 409 FPGA_VCCAUX 0.050794 3.281250 0.163424 FPGA_VCCINT -0.001549 0.000000 0.000000
15504 410 FPGA_VCCAUX 0.050794 3.281250 0.163424 FPGA_VCCINT -0.001549 0.000000 0.000000
15543 411 FPGA_VCCAUX 0.050794 3.281250 0.163424 FPGA_VCCINT -0.001549 0.000000 0.000000
15582 412 FPGA_VCCAUX 0.050794 3.281250 0.163424 FPGA_VCCINT -0.001549 0.000000 0.000000
15621 413 