1 FPGA_VCCAUX_MON 0.012195 3.281250 0.039837 FPGA_VCCINT_MON 0.006388 1.093750 0.006851
2 FPGA_VCCAUX_MON 0.012195 3.281250 0.039837 FPGA_VCCINT_MON 0.006388 1.093750 0.006851
3 FPGA_VCCAUX_MON 0.012195 3.281250 0.039837 FPGA_VCCINT_MON 0.006388 1.093750 0.006851
4 FPGA_VCCAUX_MON 0.012195 3.281250 0.039837 FPGA_VCCINT_MON 0.006388 1.093750 0.006851
5 FPGA_VCCAUX_MON 0.012195 3.281250 0.039837 FPGA_VCCINT_MON 0.006388 1.093750 0.006851
6 FPGA_VCCAUX_MON 0.012195 3.281250 0.039837 FPGA_VCCINT_MON 0.006388 1.093750 0.006851
7 FPGA_VCCAUX_MON 0.012195 3.281250 0.039837 FPGA_VCCINT_MON 0.006388 1.093750 0.006851
8 FPGA_VCCAUX_MON 0.012195 3.281250 0.039837 FPGA_VCCINT_MON 0.006388 1.093750 0.006851
9 FPGA_VCCAUX_MON 0.012195 3.281250 0.039837 FPGA_VCCINT_MON 0.006388 1.093750 0.006851
10 FPGA_VCCAUX_MON 0.012195 3.281250 0.039837 FPGA_VCCINT_MON 0.006388 1.093750 0.006851
11 FPGA_VCCAUX_MON 0.012195 3.281250 0.039837 FPGA_VCCINT_MON 0.006388 1.093750 0.006851
12 FPGA_VCCAUX_MON 0.012195 3.281250 0.039837 FPGA_VCCINT_MON 0.006388 1.093750 0.006851
13 FPGA_VCCAUX_MON 0.012195 3.281250 0.039837 FPGA_VCCINT_MON 0.006388 1.093750 0.006851
14 FPGA_VCCAUX_MON 0.012195 3.281250 0.039837 FPGA_VCCINT_MON 0.006388 1.093750 0.006851
15 FPGA_VCCAUX_MON 0.012195 3.281250 0.039837 FPGA_VCCINT_MON 0.006388 1.093750 0.006851
16 FPGA_VCCAUX_MON 0.012195 3.281250 0.039837 FPGA_VCCINT_MON 0.006388 1.093750 0.006851
17 FPGA_VCCAUX_MON 0.012195 3.281250 0.039837 FPGA_VCCINT_MON 0.006388 1.093750 0.006851
18 FPGA_VCCAUX_MON 0.012195 3.281250 0.039837 FPGA_VCCINT_MON 0.006388 1.093750 0.006851
19 FPGA_VCCAUX_MON 0.012195 3.281250 0.039837 FPGA_VCCINT_MON 0.006388 1.093750 0.006851
20 FPGA_VCCAUX_MON 0.012195 3.281250 0.039837 FPGA_VCCINT_MON 0.006388 1.093750 0.006851
21 FPGA_VCCAUX_MON 0.012195 3.281250 0.039837 FPGA_VCCINT_MON 0.006388 1.093750 0.006851
22 FPGA_VCCAUX_MON 0.012195 3.281250 0.039837 FPGA_VCCINT_MON 0.006388 1.093750 0.006851
23 FPGA_VCCAUX_MON 0.012195 3.281250 0.039837 FPGA_VCCINT_MON 0.006388 1.093750 0.006851
24 FPGA_VCCAUX_MON 0.012195 3.281250 0.039837 FPGA_VCCINT_MON 0.006388 1.093750 0.006851
25 FPGA_VCCAUX_MON 0.012195 3.281250 0.039837 FPGA_VCCINT_MON 0.006388 1.093750 0.006851
26 FPGA_VCCAUX_MON 0.012195 3.281250 0.039837 FPGA_VCCINT_MON 0.006388 1.093750 0.006851
27 FPGA_VCCAUX_MON 0.012195 3.281250 0.039837 FPGA_VCCINT_MON 0.006388 1.093750 0.006851
28 FPGA_VCCAUX_MON 0.012195 3.281250 0.039837 FPGA_VCCINT_MON 0.006388 1.093750 0.006851
29 FPGA_VCCAUX_MON 0.012195 3.281250 0.039837 FPGA_VCCINT_MON 0.006388 1.093750 0.006851
30 FPGA_VCCAUX_MON 0.012195 3.281250 0.039837 FPGA_VCCINT_MON 0.006388 1.093750 0.006851
31 FPGA_VCCAUX_MON 0.012195 3.281250 0.039837 FPGA_VCCINT_MON 0.006388 1.093750 0.006851
32 FPGA_VCCAUX_MON 0.012195 3.281250 0.039837 FPGA_VCCINT_MON 0.006388 1.093750 0.006851
33 FPGA_VCCAUX_MON 0.012195 3.281250 0.039837 FPGA_VCCINT_MON 0.006388 1.093750 0.006851
34 FPGA_VCCAUX_MON 0.012195 3.281250 0.039837 FPGA_VCCINT_MON 0.006388 1.093750 0.006851
35 FPGA_VCCAUX_MON 0.012195 3.281250 0.039837 FPGA_VCCINT_MON 0.006388 1.093750 0.006851
36 FPGA_VCCAUX_MON 0.012195 3.281250 0.039837 FPGA_VCCINT_MON 0.006388 1.093750 0.006851
37 FPGA_VCCAUX_MON 0.012195 3.281250 0.039837 FPGA_VCCINT_MON 0.006388 1.093750 0.006851
38 FPGA_VCCAUX_MON 0.012195 3.281250 0.039837 FPGA_VCCINT_MON 0.006388 1.093750 0.006851
39 FPGA_VCCAUX_MON 0.012195 3.281250 0.039837 FPGA_VCCINT_MON 0.006388 1.093750 0.006851
40 FPGA_VCCAUX_MON 0.012195 3.281250 0.039837 FPGA_VCCINT_MON 0.006388 1.093750 0.006851
41 FPGA_VCCAUX_MON 0.012195 3.281250 0.039837 FPGA_VCCINT_MON 0.006388 1.093750 0.006851
42 FPGA_VCCAUX_MON 0.012195 3.281250 0.039837 FPGA_VCCINT_MON 0.006388 1.093750 0.006851
43 FPGA_VCCAUX_MON 0.012195 3.281250 0.039837 FPGA_VCCINT_MON 0.006388 1.093750 0.006851
44 FPGA_VCCAUX_MON 0.012195 3.281250 0.039837 FPGA_VCCINT_MON 0.006388 1.093750 0.006851
45 FPGA_VCCAUX_MON 0.012195 3.281250 0.039837 FPGA_VCCINT_MON 0.006388 1.093750 0.006851
46 FPGA_VCCAUX_MON 0.012195 3.281250 0.039837 FPGA_VCCINT_MON 0.006388 1.093750 0.006851
47 FPGA_VCCAUX_MON 0.012195 3.281250 0.039837 FPGA_VCCINT_MON 0.006388 1.093750 0.006851
48 FPGA_VCCAUX_MON 0.012195 3.281250 0.039837 FPGA_VCCINT_MON 0.006388 1.093750 0.006851
49 FPGA_VCCAUX_MON 0.012195 3.281250 0.039837 FPGA_VCCINT_MON 0.006388 1.093750 0.006851
50 FPGA_VCCAUX_MON 0.012195 3.281250 0.039837 FPGA_VCCINT_MON 0.006388 1.093750 0.006851
51 FPGA_VCCAUX_MON 0.012195 3.281250 0.039837 FPGA_VCCINT_MON 0.006388 1.093750 0.006851
52 FPGA_VCCAUX_MON 0.012195 3.281250 0.039837 FPGA_VCCINT_MON 0.006388 1.093750 0.006851
53 FPGA_VCCAUX_MON 0.012195 3.281250 0.039837 FPGA_VCCINT_MON 0.006388 1.093750 0.006851
54 FPGA_VCCAUX_MON 0.012195 3.281250 0.039837 FPGA_VCCINT_MON 0.006388 1.093750 0.006851
55 FPGA_VCCAUX_MON 0.012195 3.281250 0.039837 FPGA_VCCINT_MON 0.006388 1.093750 0.006851
56 FPGA_VCCAUX_MON 0.012195 3.281250 0.039837 FPGA_VCCINT_MON 0.006388 1.093750 0.006851
57 FPGA_VCCAUX_MON 0.012195 3.281250 0.039837 FPGA_VCCINT_MON 0.006388 1.093750 0.006851
58 FPGA_VCCAUX_MON 0.012195 3.281250 0.039837 FPGA_VCCINT_MON 0.006388 1.093750 0.006851
59 FPGA_VCCAUX_MON 0.012195 3.281250 0.039837 FPGA_VCCINT_MON 0.006388 1.093750 0.006851
60 FPGA_VCCAUX_MON 0.012195 3.281250 0.039837 FPGA_VCCINT_MON 0.006388 1.093750 0.006851
61 FPGA_VCCAUX_MON 0.012195 3.281250 0.039837 FPGA_VCCINT_MON 0.006388 1.093750 0.006851
62 FPGA_VCCAUX_MON 0.012195 3.281250 0.039837 FPGA_VCCINT_MON 0.006388 1.093750 0.006851
63 FPGA_VCCAUX_MON 0.012195 3.281250 0.039837 FPGA_VCCINT_MON 0.006388 1.093750 0.006851
64 FPGA_VCCAUX_MON 0.012195 3.281250 0.039837 FPGA_VCCINT_MON 0.006388 1.093750 0.006851
65 FPGA_VCCAUX_MON 0.012195 3.281250 0.039837 FPGA_VCCINT_MON 0.006388 1.093750 0.006851
66 FPGA_VCCAUX_MON 0.012195 3.281250 0.039837 FPGA_VCCINT_MON 0.006388 1.093750 0.006851
67 FPGA_VCCAUX_MON 0.012195 3.281250 0.039837 FPGA_VCCINT_MON 0.006388 1.093750 0.006851
68 FPGA_VCCAUX_MON 0.012195 3.281250 0.039837 FPGA_VCCINT_MON 0.006388 1.093750 0.006851
69 FPGA_VCCAUX_MON 0.012195 3.281250 0.039837 FPGA_VCCINT_MON 0.006388 1.093750 0.006851
70 FPGA_VCCAUX_MON 0.012195 3.281250 0.039837 FPGA_VCCINT_MON 0.006388 1.093750 0.006851
71 FPGA_VCCAUX_MON 0.012195 3.281250 0.039837 FPGA_VCCINT_MON 0.006388 1.093750 0.006851
72 FPGA_VCCAUX_MON 0.012195 3.281250 0.039837 FPGA_VCCINT_MON 0.006388 1.093750 0.006851
73 FPGA_VCCAUX_MON 0.012195 3.281250 0.039837 FPGA_VCCINT_MON 0.006581 1.093750 0.007058
74 FPGA_VCCAUX_MON 0.012195 3.281250 0.039837 FPGA_VCCINT_MON 0.006388 1.093750 0.006851
75 FPGA_VCCAUX_MON 0.012195 3.281250 0.039837 FPGA_VCCINT_MON 0.006388 1.093750 0.006851
76 FPGA_VCCAUX_MON 0.012195 3.281250 0.039837 FPGA_VCCINT_MON 0.006388 1.093750 0.006851
77 FPGA_VCCAUX_MON 0.012195 3.281250 0.039837 FPGA_VCCINT_MON 0.006388 1.093750 0.006851
78 FPGA_VCCAUX_MON 0.012195 3.281250 0.039837 FPGA_VCCINT_MON 0.006388 1.093750 0.006851
79 FPGA_VCCAUX_MON 0.012195 3.281250 0.039837 FPGA_VCCINT_MON 0.006388 1.093750 0.006851
80 FPGA_VCCAUX_MON 0.012195 3.281250 0.039837 FPGA_VCCINT_MON 0.006388 1.093750 0.006851
81 FPGA_VCCAUX_MON 0.012195 3.281250 0.039837 FPGA_VCCINT_MON 0.006388 1.093750 0.006851
82 FPGA_VCCAUX_MON 0.012195 3.281250 0.039837 FPGA_VCCINT_MON 0.006388 1.093750 0.006851
83 FPGA_VCCAUX_MON 0.012195 3.281250 0.039837 FPGA_VCCINT_MON 0.006388 1.093750 0.006851
84 FPGA_VCCAUX_MON 0.012195 3.281250 0.039837 FPGA_VCCINT_MON 0.006388 1.093750 0.006851
85 FPGA_VCCAUX_MON 0.012195 3.281250 0.039837 FPGA_VCCINT_MON 0.006388 1.093750 0.006851
86 FPGA_VCCAUX_MON 0.012195 3.281250 0.039837 FPGA_VCCINT_MON 0.006388 1.093750 0.006851
87 FPGA_VCCAUX_MON 0.012195 3.281250 0.039837 FPGA_VCCINT_MON 0.006388 1.093750 0.006851
88 FPGA_VCCAUX_MON 0.012195 3.281250 0.039837 FPGA_VCCINT_MON 0.006388 1.093750 0.006851
89 FPGA_VCCAUX_MON 0.012195 3.281250 0.039837 FPGA_VCCINT_MON 0.006388 1.093750 0.006851
90 FPGA_VCCAUX_MON 0.012195 3.281250 0.039837 FPGA_VCCINT_MON 0.006388 1.093750 0.006851
91 FPGA_VCCAUX_MON 0.012195 3.281250 0.039837 FPGA_VCCINT_MON 0.006388 1.250000 0.007830
92 FPGA_VCCAUX_MON 0.012195 3.281250 0.039837 FPGA_VCCINT_MON 0.006388 1.250000 0.007830
93 FPGA_VCCAUX_MON 0.012195 3.281250 0.039837 FPGA_VCCINT_MON 0.006388 1.250000 0.007830
94 FPGA_VCCAUX_MON 0.012195 3.281250 0.039837 FPGA_VCCINT_MON 0.006388 1.093750 0.006851
95 FPGA_VCCAUX_MON 0.012195 3.281250 0.039837 FPGA_VCCINT_MON 0.006388 1.093750 0.006851
96 FPGA_VCCAUX_MON 0.012195 3.281250 0.039837 FPGA_VCCINT_MON 0.006388 1.093750 0.006851
97 FPGA_VCCAUX_MON 0.012195 3.281250 0.039837 FPGA_VCCINT_MON 0.006388 1.093750 0.006851
98 FPGA_VCCAUX_MON 0.012195 3.281250 0.039837 FPGA_VCCINT_MON 0.006388 1.093750 0.006851
99 FPGA_VCCAUX_MON 0.012195 3.281250 0.039837 FPGA_VCCINT_MON 0.006388 1.093750 0.006851
100 FPGA_VCCAUX_MON 0.012195 3.281250 0.039837 FPGA_VCCINT_MON 0.006388 1.093750 0.006851
101 FPGA_VCCAUX_MON 0.012195 3.281250 0.039837 FPGA_VCCINT_MON 0.006388 1.093750 0.006851
102 FPGA_VCCAUX_MON 0.012195 3.281250 0.039837 FPGA_VCCINT_MON 0.006388 1.093750 0.006851
103 FPGA_VCCAUX_MON 0.012195 3.281250 0.039837 FPGA_VCCINT_MON 0.006388 1.093750 0.006851
104 FPGA_VCCAUX_MON 0.012195 3.281250 0.039837 FPGA_VCCINT_MON 0.006388 1.093750 0.006851
105 FPGA_VCCAUX_MON 0.012195 3.281250 0.039837 FPGA_VCCINT_MON 0.006388 1.093750 0.006851
106 FPGA_VCCAUX_MON 0.012195 3.281250 0.039837 FPGA_VCCINT_MON 0.006388 1.093750 0.006851
107 FPGA_VCCAUX_MON 0.012195 3.281250 0.039837 FPGA_VCCINT_MON 0.006388 1.093750 0.006851
108 FPGA_VCCAUX_MON 0.012195 3.281250 0.039837 FPGA_VCCINT_MON 0.006388 1.093750 0.006851
109 FPGA_VCCAUX_MON 0.012195 3.281250 0.039837 FPGA_VCCINT_MON 0.006388 1.093750 0.006851
110 FPGA_VCCAUX_MON 0.012195 3.281250 0.039837 FPGA_VCCINT_MON 0.006388 1.093750 0.006851
111 FPGA_VCCAUX_MON 0.012195 3.281250 0.039837 FPGA_VCCINT_MON 0.006388 1.093750 0.006851
112 FPGA_VCCAUX_MON 0.012195 3.281250 0.039837 FPGA_VCCINT_MON 0.006388 1.093750 0.006851
113 FPGA_VCCAUX_MON 0.012195 3.281250 0.039837 FPGA_VCCINT_MON 0.006388 1.093750 0.006851
114 FPGA_VCCAUX_MON 0.012195 3.281250 0.039837 FPGA_VCCINT_MON 0.006388 1.093750 0.006851
115 FPGA_VCCAUX_MON 0.012195 3.281250 0.039837 FPGA_VCCINT_MON 0.006388 1.093750 0.006851
116 FPGA_VCCAUX_MON 0.012195 3.281250 0.039837 FPGA_VCCINT_MON 0.006388 1.093750 0.006851
117 FPGA_VCCAUX_MON 0.012195 3.281250 0.039837 FPGA_VCCINT_MON 0.006388 1.093750 0.006851
118 FPGA_VCCAUX_MON 0.012195 3.281250 0.039837 FPGA_VCCINT_MON 0.006388 1.093750 0.006851
119 FPGA_VCCAUX_MON 0.012195 3.281250 0.039837 FPGA_VCCINT_MON 0.006388 1.093750 0.006851
120 FPGA_VCCAUX_MON 0.012195 3.281250 0.039837 FPGA_VCCINT_MON 0.006388 1.093750 0.006851
121 FPGA_VCCAUX_MON 0.012195 3.281250 0.039837 FPGA_VCCINT_MON 0.006388 1.093750 0.006851
122 FPGA_VCCAUX_MON 0.012195 3.281250 0.039837 FPGA_VCCINT_MON 0.006388 1.093750 0.006851
123 FPGA_VCCAUX_MON 0.012195 3.281250 0.039837 FPGA_VCCINT_MON 0.006388 1.093750 0.006851
124 FPGA_VCCAUX_MON 0.012195 3.281250 0.039837 FPGA_VCCINT_MON 0.006388 1.093750 0.006851
125 FPGA_VCCAUX_MON 0.012195 3.281250 0.039837 FPGA_VCCINT_MON 0.006388 1.093750 0.006851
126 FPGA_VCCAUX_MON 0.012195 3.281250 0.039837 FPGA_VCCINT_MON 0.006388 1.093750 0.006851
127 FPGA_VCCAUX_MON 0.012195 3.281250 0.039837 FPGA_VCCINT_MON 0.006388 1.093750 0.006851
128 FPGA_VCCAUX_MON 0.012195 3.281250 0.039837 FPGA_VCCINT_MON 0.006388 1.093750 0.006851
129 FPGA_VCCAUX_MON 0.012195 3.281250 0.039837 FPGA_VCCINT_MON 0.006388 1.093750 0.006851
130 FPGA_VCCAUX_MON 0.012195 3.281250 0.039837 FPGA_VCCINT_MON 0.006388 1.093750 0.006851
131 FPGA_VCCAUX_MON 0.012195 3.281250 0.039837 FPGA_VCCINT_MON 0.006388 1.093750 0.006851
132 FPGA_VCCAUX_MON 0.012195 3.281250 0.039837 FPGA_VCCINT_MON 0.006388 1.093750 0.006851
133 FPGA_VCCAUX_MON 0.012195 3.281250 0.039837 FPGA_VCCINT_MON 0.006388 1.093750 0.006851
134 FPGA_VCCAUX_MON 0.012195 3.281250 0.039837 FPGA_VCCINT_MON 0.006388 1.093750 0.006851
135 FPGA_VCCAUX_MON 0.012195 3.281250 0.039837 FPGA_VCCINT_MON 0.006388 1.093750 0.006851
136 FPGA_VCCAUX_MON 0.012195 3.281250 0.039837 FPGA_VCCINT_MON 0.006388 1.093750 0.006851
137 FPGA_VCCAUX_MON 0.012195 3.281250 0.039837 FPGA_VCCINT_MON 0.006388 1.093750 0.006851
138 FPGA_VCCAUX_MON 0.012195 3.281250 0.039837 FPGA_VCCINT_MON 0.006388 1.093750 0.006851
139 FPGA_VCCAUX_MON 0.012195 3.281250 0.039837 FPGA_VCCINT_MON 0.006388 1.093750 0.006851
140 FPGA_VCCAUX_MON 0.012195 3.281250 0.039837 FPGA_VCCINT_MON 0.006388 1.093750 0.006851
141 FPGA_VCCAUX_MON 0.012195 3.281250 0.039837 FPGA_VCCINT_MON 0.006388 1.093750 0.006851
142 FPGA_VCCAUX_MON 0.012195 3.281250 0.039837 FPGA_VCCINT_MON 0.006388 1.093750 0.006851
143 FPGA_VCCAUX_MON 0.012195 3.281250 0.039837 FPGA_VCCINT_MON 0.006388 1.093750 0.006851
144 FPGA_VCCAUX_MON 0.012195 3.281250 0.039837 FPGA_VCCINT_MON 0.006388 1.093750 0.006851
145 FPGA_VCCAUX_MON 0.012195 3.281250 0.039837 FPGA_VCCINT_MON 0.006388 1.093750 0.006851
146 FPGA_VCCAUX_MON 0.012195 3.281250 0.039837 FPGA_VCCINT_MON 0.006581 1.093750 0.007058
147 FPGA_VCCAUX_MON 0.012195 3.281250 0.039837 FPGA_VCCINT_MON 0.006388 1.093750 0.006851
148 FPGA_VCCAUX_MON 0.012195 3.281250 0.039837 FPGA_VCCINT_MON 0.006388 1.093750 0.006851
149 FPGA_VCCAUX_MON 0.012195 3.281250 0.039837 FPGA_VCCINT_MON 0.006388 1.093750 0.006851
150 FPGA_VCCAUX_MON 0.012195 3.281250 0.039837 FPGA_VCCINT_MON 0.006388 1.093750 0.006851
151 FPGA_VCCAUX_MON 0.012195 3.281250 0.039837 FPGA_VCCINT_MON 0.006388 1.093750 0.006851
152 FPGA_VCCAUX_MON 0.012195 3.281250 0.039837 FPGA_VCCINT_MON 0.006388 1.093750 0.006851
153 FPGA_VCCAUX_MON 0.012195 3.281250 0.039837 FPGA_VCCINT_MON 0.006388 1.093750 0.006851
154 FPGA_VCCAUX_MON 0.012195 3.281250 0.039837 FPGA_VCCINT_MON 0.006388 1.093750 0.006851
155 FPGA_VCCAUX_MON 0.012195 3.281250 0.039837 FPGA_VCCINT_MON 0.006388 1.093750 0.006851
156 FPGA_VCCAUX_MON 0.012195 3.281250 0.039837 FPGA_VCCINT_MON 0.006388 1.093750 0.006851
157 FPGA_VCCAUX_MON 0.012195 3.281250 0.039837 FPGA_VCCINT_MON 0.006388 1.093750 0.006851
158 FPGA_VCCAUX_MON 0.012195 3.281250 0.039837 FPGA_VCCINT_MON 0.006388 1.093750 0.006851
159 FPGA_VCCAUX_MON 0.012195 3.281250 0.039837 FPGA_VCCINT_MON 0.006388 1.093750 0.006851
160 FPGA_VCCAUX_MON 0.012195 3.281250 0.039837 FPGA_VCCINT_MON 0.006388 1.093750 0.006851
161 FPGA_VCCAUX_MON 0.012195 3.281250 0.039837 FPGA_VCCINT_MON 0.006388 1.093750 0.006851
162 FPGA_VCCAUX_MON 0.012195 3.281250 0.039837 FPGA_VCCINT_MON 0.006388 1.093750 0.006851
163 FPGA_VCCAUX_MON 0.012195 3.281250 0.039837 FPGA_VCCINT_MON 0.006388 1.093750 0.006851
164 FPGA_VCCAUX_MON 0.012195 3.281250 0.039837 FPGA_VCCINT_MON 0.006388 1.093750 0.006851
165 FPGA_VCCAUX_MON 0.012195 3.281250 0.039837 FPGA_VCCINT_MON 0.006388 1.093750 0.006851
166 FPGA_VCCAUX_MON 0.012195 3.281250 0.039837 FPGA_VCCINT_MON 0.006388 1.093750 0.006851
167 FPGA_VCCAUX_MON 0.012195 3.281250 0.039837 FPGA_VCCINT_MON 0.006388 1.093750 0.006851
168 FPGA_VCCAUX_MON 0.012195 3.281250 0.039837 FPGA_VCCINT_MON 0.006388 1.093750 0.006851
169 FPGA_VCCAUX_MON 0.012195 3.281250 0.039837 FPGA_VCCINT_MON 0.006388 1.093750 0.006851
170 FPGA_VCCAUX_MON 0.012195 3.281250 0.039837 FPGA_VCCINT_MON 0.006388 1.093750 0.006851
171 FPGA_VCCAUX_MON 0.012195 3.281250 0.039837 FPGA_VCCINT_MON 0.006388 1.093750 0.006851
172 FPGA_VCCAUX_MON 0.012195 3.281250 0.039837 FPGA_VCCINT_MON 0.006388 1.093750 0.006851
173 FPGA_VCCAUX_MON 0.012195 3.281250 0.039837 FPGA_VCCINT_MON 0.006388 1.093750 0.006851
174 FPGA_VCCAUX_MON 0.012195 3.281250 0.039837 FPGA_VCCINT_MON 0.006388 1.093750 0.006851
175 FPGA_VCCAUX_MON 0.012195 3.281250 0.039837 FPGA_VCCINT_MON 0.006388 1.093750 0.006851
176 FPGA_VCCAUX_MON 0.012195 3.281250 0.039837 FPGA_VCCINT_MON 0.006388 1.093750 0.006851
177 FPGA_VCCAUX_MON 0.012195 3.281250 0.039837 FPGA_VCCINT_MON 0.006388 1.093750 0.006851
178 FPGA_VCCAUX_MON 0.012195 3.281250 0.039837 FPGA_VCCINT_MON 0.006388 1.093750 0.006851
179 FPGA_VCCAUX_MON 0.012195 3.281250 0.039837 FPGA_VCCINT_MON 0.006388 1.093750 0.006851
180 FPGA_VCCAUX_MON 0.012195 3.281250 0.039837 FPGA_VCCINT_MON 0.006388 1.093750 0.006851
181 FPGA_VCCAUX_MON 0.012195 3.281250 0.039837 FPGA_VCCINT_MON 0.006388 1.093750 0.006851
182 FPGA_VCCAUX_MON 0.012195 3.281250 0.039837 FPGA_VCCINT_MON 0.006388 1.093750 0.006851
183 FPGA_VCCAUX_MON 0.012195 3.281250 0.039837 FPGA_VCCINT_MON 0.006388 1.093750 0.006851
184 FPGA_VCCAUX_MON 0.012195 3.281250 0.039837 FPGA_VCCINT_MON 0.006388 1.093750 0.006851
185 FPGA_VCCAUX_MON 0.012195 3.281250 0.039837 FPGA_VCCINT_MON 0.006388 1.093750 0.006851
186 FPGA_VCCAUX_MON 0.012195 3.281250 0.039837 FPGA_VCCINT_MON 0.006388 1.093750 0.006851
187 FPGA_VCCAUX_MON 0.012195 3.281250 0.039837 FPGA_VCCINT_MON 0.006388 1.093750 0.006851
188 FPGA_VCCAUX_MON 0.012195 3.281250 0.039837 FPGA_VCCINT_MON 0.006388 1.093750 0.006851
189 FPGA_VCCAUX_MON 0.012195 3.281250 0.039837 FPGA_VCCINT_MON 0.006388 1.093750 0.006851
190 FPGA_VCCAUX_MON 0.012195 3.281250 0.039837 FPGA_VCCINT_MON 0.006388 1.093750 0.006851
191 FPGA_VCCAUX_MON 0.012195 3.281250 0.039837 FPGA_VCCINT_MON 0.006388 1.093750 0.006851
192 FPGA_VCCAUX_MON 0.012195 3.281250 0.039837 FPGA_VCCINT_MON 0.006388 1.093750 0.006851
193 FPGA_VCCAUX_MON 0.012195 3.281250 0.039837 FPGA_VCCINT_MON 0.006388 1.093750 0.006851
194 FPGA_VCCAUX_MON 0.012195 3.281250 0.039837 FPGA_VCCINT_MON 0.006388 1.093750 0.006851
195 FPGA_VCCAUX_MON 0.012195 3.281250 0.039837 FPGA_VCCINT_MON 0.006388 1.093750 0.006851
196 FPGA_VCCAUX_MON 0.012195 3.281250 0.039837 FPGA_VCCINT_MON 0.006388 1.093750 0.006851
197 FPGA_VCCAUX_MON 0.012195 3.281250 0.039837 FPGA_VCCINT_MON 0.006388 1.093750 0.006851
198 FPGA_VCCAUX_MON 0.012195 3.281250 0.039837 FPGA_VCCINT_MON 0.006388 1.093750 0.006851
199 FPGA_VCCAUX_MON 0.012195 3.281250 0.039837 FPGA_VCCINT_MON 0.006388 1.093750 0.006851
200 FPGA_VCCAUX_MON 0.012195 3.281250 0.039837 FPGA_VCCINT_MON 0.006388 1.093750 0.006851
201 FPGA_VCCAUX_MON 0.012195 3.281250 0.039837 FPGA_VCCINT_MON 0.006388 1.093750 0.006851
202 FPGA_VCCAUX_MON 0.012195 3.281250 0.039837 FPGA_VCCINT_MON 0.006388 1.093750 0.006851
203 FPGA_VCCAUX_MON 0.012195 3.281250 0.039837 FPGA_VCCINT_MON 0.006388 1.093750 0.006851
204 FPGA_VCCAUX_MON 0.012195 3.281250 0.039837 FPGA_VCCINT_MON 0.006388 1.093750 0.006851
205 FPGA_VCCAUX_MON 0.012195 3.281250 0.039837 FPGA_VCCINT_MON 0.006388 1.093750 0.006851
206 FPGA_VCCAUX_MON 0.012195 3.281250 0.039837 FPGA_VCCINT_MON 0.006388 1.093750 0.006851
207 FPGA_VCCAUX_MON 0.012195 3.281250 0.039837 FPGA_VCCINT_MON 0.006388 1.093750 0.006851
208 FPGA_VCCAUX_MON 0.012195 3.281250 0.039837 FPGA_VCCINT_MON 0.006388 1.093750 0.006851
209 FPGA_VCCAUX_MON 0.012195 3.281250 0.039837 FPGA_VCCINT_MON 0.006388 1.093750 0.006851
210 FPGA_VCCAUX_MON 0.012195 3.281250 0.039837 FPGA_VCCINT_MON 0.006388 1.093750 0.006851
211 FPGA_VCCAUX_MON 0.012195 3.281250 0.039837 FPGA_VCCINT_MON 0.006388 1.093750 0.006851
212 FPGA_VCCAUX_MON 0.012195 3.281250 0.039837 FPGA_VCCINT_MON 0.006388 1.093750 0.006851
213 FPGA_VCCAUX_MON 0.012195 3.281250 0.039837 FPGA_VCCINT_MON 0.006388 1.093750 0.006851
214 FPGA_VCCAUX_MON 0.012195 3.281250 0.039837 FPGA_VCCINT_MON 0.006388 1.093750 0.006851
215 FPGA_VCCAUX_MON 0.012195 3.281250 0.039837 FPGA_VCCINT_MON 0.006388 1.093750 0.006851
216 FPGA_VCCAUX_MON 0.012195 3.281250 0.039837 FPGA_VCCINT_MON 0.006388 1.093750 0.006851
217 FPGA_VCCAUX_MON 0.012195 3.281250 0.039837 FPGA_VCCINT_MON 0.006388 1.093750 0.006851
218 FPGA_VCCAUX_MON 0.012195 3.281250 0.039837 FPGA_VCCINT_MON 0.006388 1.093750 0.006851
219 FPGA_VCCAUX_MON 0.012195 3.281250 0.039837 FPGA_VCCINT_MON 0.006388 1.093750 0.006851
220 FPGA_VCCAUX_MON 0.012195 3.281250 0.039837 FPGA_VCCINT_MON 0.006388 1.093750 0.006851
221 FPGA_VCCAUX_MON 0.012195 3.281250 0.039837 FPGA_VCCINT_MON 0.006388 1.093750 0.006851
222 FPGA_VCCAUX_MON 0.012195 3.281250 0.039837 FPGA_VCCINT_MON 0.006388 1.093750 0.006851
223 FPGA_VCCAUX_MON 0.012195 3.281250 0.039837 FPGA_VCCINT_MON 0.006388 1.093750 0.006851
224 FPGA_VCCAUX_MON 0.012195 3.281250 0.039837 FPGA_VCCINT_MON 0.006388 1.093750 0.006851
225 FPGA_VCCAUX_MON 0.012195 3.281250 0.039837 FPGA_VCCINT_MON 0.006388 1.093750 0.006851
226 FPGA_VCCAUX_MON 0.012195 3.281250 0.039837 FPGA_VCCINT_MON 0.006388 1.093750 0.006851
227 FPGA_VCCAUX_MON 0.012195 3.281250 0.039837 FPGA_VCCINT_MON 0.006388 1.093750 0.006851
228 FPGA_VCCAUX_MON 0.012195 3.281250 0.039837 FPGA_VCCINT_MON 0.006388 1.093750 0.006851
229 FPGA_VCCAUX_MON 0.012195 3.281250 0.039837 FPGA_VCCINT_MON 0.006388 1.093750 0.006851
230 FPGA_VCCAUX_MON 0.012195 3.281250 0.039837 FPGA_VCCINT_MON 0.006388 1.093750 0.006851
231 FPGA_VCCAUX_MON 0.012195 3.281250 0.039837 FPGA_VCCINT_MON 0.006388 1.093750 0.006851
232 FPGA_VCCAUX_MON 0.012195 3.281250 0.039837 FPGA_VCCINT_MON 0.006388 1.093750 0.006851
233 FPGA_VCCAUX_MON 0.012195 3.281250 0.039837 FPGA_VCCINT_MON 0.006388 1.093750 0.006851
234 FPGA_VCCAUX_MON 0.012195 3.281250 0.039837 FPGA_VCCINT_MON 0.006388 1.093750 0.006851
235 FPGA_VCCAUX_MON 0.012195 3.281250 0.039837 FPGA_VCCINT_MON 0.006388 1.093750 0.006851
236 FPGA_VCCAUX_MON 0.012195 3.281250 0.039837 FPGA_VCCINT_MON 0.006388 1.093750 0.006851
237 FPGA_VCCAUX_MON 0.012195 3.281250 0.039837 FPGA_VCCINT_MON 0.006388 1.093750 0.006851
238 FPGA_VCCAUX_MON 0.012195 3.281250 0.039837 FPGA_VCCINT_MON 0.006388 1.093750 0.006851
239 FPGA_VCCAUX_MON 0.012195 3.281250 0.039837 FPGA_VCCINT_MON 0.006388 1.093750 0.006851
240 FPGA_VCCAUX_MON 0.012195 3.281250 0.039837 FPGA_VCCINT_MON 0.006388 1.093750 0.006851
241 FPGA_VCCAUX_MON 0.012195 3.281250 0.039837 FPGA_VCCINT_MON 0.006388 1.093750 0.006851
242 FPGA_VCCAUX_MON 0.012195 3.281250 0.039837 FPGA_VCCINT_MON 0.006388 1.093750 0.006851
243 FPGA_VCCAUX_MON 0.012195 3.281250 0.039837 FPGA_VCCINT_MON 0.006388 1.093750 0.006851
244 FPGA_VCCAUX_MON 0.012195 3.281250 0.039837 FPGA_VCCINT_MON 0.006388 1.093750 0.006851
245 FPGA_VCCAUX_MON 0.012195 3.281250 0.039837 FPGA_VCCINT_MON 0.006388 1.093750 0.006851
246 FPGA_VCCAUX_MON 0.012195 3.281250 0.039837 FPGA_VCCINT_MON 0.006388 1.093750 0.006851
247 FPGA_VCCAUX_MON 0.012195 3.281250 0.039837 FPGA_VCCINT_MON 0.006388 1.093750 0.006851
248 FPGA_VCCAUX_MON 0.012195 3.281250 0.039837 FPGA_VCCINT_MON 0.006388 1.093750 0.006851
249 FPGA_VCCAUX_MON 0.012195 3.281250 0.039837 FPGA_VCCINT_MON 0.006388 1.093750 0.006851
250 FPGA_VCCAUX_MON 0.012195 3.281250 0.039837 FPGA_VCCINT_MON 0.006388 1.093750 0.006851
251 FPGA_VCCAUX_MON 0.012195 3.281250 0.039837 FPGA_VCCINT_MON 0.006388 1.093750 0.006851
252 FPGA_VCCAUX_MON 0.012195 3.281250 0.039837 FPGA_VCCINT_MON 0.006388 1.093750 0.006851
253 FPGA_VCCAUX_MON 0.012195 3.281250 0.039837 FPGA_VCCINT_MON 0.006388 1.093750 0.006851
254 FPGA_VCCAUX_MON 0.012195 3.281250 0.039837 FPGA_VCCINT_MON 0.006388 1.093750 0.006851
255 FPGA_VCCAUX_MON 0.012195 3.281250 0.039837 FPGA_VCCINT_MON 0.006388 1.093750 0.006851
256 FPGA_VCCAUX_MON 0.012195 3.281250 0.039837 FPGA_VCCINT_MON 0.006388 1.093750 0.006851
257 FPGA_VCCAUX_MON 0.012195 3.281250 0.039837 FPGA_VCCINT_MON 0.006388 1.093750 0.006851
258 FPGA_VCCAUX_MON 0.012195 3.281250 0.039837 FPGA_VCCINT_MON 0.006388 1.093750 0.006851
259 FPGA_VCCAUX_MON 0.012195 3.281250 0.039837 FPGA_VCCINT_MON 0.006388 1.093750 0.006851
260 FPGA_VCCAUX_MON 0.012195 3.281250 0.039837 FPGA_VCCINT_MON 0.006388 1.093750 0.006851
261 FPGA_VCCAUX_MON 0.012195 3.281250 0.039837 FPGA_VCCINT_MON 0.006388 1.093750 0.006851
262 FPGA_VCCAUX_MON 0.012195 3.281250 0.039837 FPGA_VCCINT_MON 0.006388 1.093750 0.006851
263 FPGA_VCCAUX_MON 0.012195 3.281250 0.039837 FPGA_VCCINT_MON 0.006388 1.093750 0.006851
264 FPGA_VCCAUX_MON 0.012195 3.281250 0.039837 FPGA_VCCINT_MON 0.006388 1.093750 0.006851
265 FPGA_VCCAUX_MON 0.012195 3.281250 0.039837 FPGA_VCCINT_MON 0.006388 1.093750 0.006851
266 FPGA_VCCAUX_MON 0.012195 3.281250 0.039837 FPGA_VCCINT_MON 0.006388 1.093750 0.006851
267 FPGA_VCCAUX_MON 0.012195 3.281250 0.039837 FPGA_VCCINT_MON 0.006388 1.093750 0.006851
268 FPGA_VCCAUX_MON 0.012195 3.281250 0.039837 FPGA_VCCINT_MON 0.006388 1.093750 0.006851
269 FPGA_VCCAUX_MON 0.012195 3.281250 0.039837 FPGA_VCCINT_MON 0.006388 1.093750 0.006851
270 FPGA_VCCAUX_MON 0.012195 3.281250 0.039837 FPGA_VCCINT_MON 0.006388 1.093750 0.006851
271 FPGA_VCCAUX_MON 0.012195 3.281250 0.039837 FPGA_VCCINT_MON 0.006388 1.093750 0.006851
272 FPGA_VCCAUX_MON 0.012195 3.281250 0.039837 FPGA_VCCINT_MON 0.006388 1.093750 0.006851
273 FPGA_VCCAUX_MON 0.012195 3.281250 0.039837 FPGA_VCCINT_MON 0.006388 1.093750 0.006851
274 FPGA_VCCAUX_MON 0.012195 3.281250 0.039837 FPGA_VCCINT_MON 0.006388 1.093750 0.006851
275 FPGA_VCCAUX_MON 0.012195 3.281250 0.039837 FPGA_VCCINT_MON 0.006388 1.093750 0.006851
276 FPGA_VCCAUX_MON 0.012195 3.281250 0.039837 FPGA_VCCINT_MON 0.006388 1.093750 0.006851
277 FPGA_VCCAUX_MON 0.012195 3.281250 0.039837 FPGA_VCCINT_MON 0.006388 1.093750 0.006851
278 FPGA_VCCAUX_MON 0.012195 3.281250 0.039837 FPGA_VCCINT_MON 0.006388 1.093750 0.006851
279 FPGA_VCCAUX_MON 0.012195 3.281250 0.039837 FPGA_VCCINT_MON 0.006388 1.093750 0.006851
280 FPGA_VCCAUX_MON 0.012195 3.281250 0.039837 FPGA_VCCINT_MON 0.006388 1.093750 0.006851
281 FPGA_VCCAUX_MON 0.012195 3.281250 0.039837 FPGA_VCCINT_MON 0.006388 1.093750 0.006851
282 FPGA_VCCAUX_MON 0.012195 3.281250 0.039837 FPGA_VCCINT_MON 0.006388 1.093750 0.006851
283 FPGA_VCCAUX_MON 0.012195 3.281250 0.039837 FPGA_VCCINT_MON 0.006388 1.093750 0.006851
284 FPGA_VCCAUX_MON 0.012195 3.281250 0.039837 FPGA_VCCINT_MON 0.006388 1.093750 0.006851
285 FPGA_VCCAUX_MON 0.012195 3.281250 0.039837 FPGA_VCCINT_MON 0.006388 1.093750 0.006851
286 FPGA_VCCAUX_MON 0.012195 3.281250 0.039837 FPGA_VCCINT_MON 0.006388 1.093750 0.006851
287 FPGA_VCCAUX_MON 0.012195 3.281250 0.039837 FPGA_VCCINT_MON 0.006388 1.093750 0.006851
288 FPGA_VCCAUX_MON 0.012195 3.281250 0.039837 FPGA_VCCINT_MON 0.006388 1.093750 0.006851
289 FPGA_VCCAUX_MON 0.012195 3.281250 0.039837 FPGA_VCCINT_MON 0.006388 1.093750 0.006851
290 FPGA_VCCAUX_MON 0.012195 3.281250 0.039837 FPGA_VCCINT_MON 0.006388 1.093750 0.006851
291 FPGA_VCCAUX_MON 0.012195 3.281250 0.039837 FPGA_VCCINT_MON 0.006388 1.093750 0.006851
292 FPGA_VCCAUX_MON 0.012195 3.281250 0.039837 FPGA_VCCINT_MON 0.006388 1.093750 0.006851
293 FPGA_VCCAUX_MON 0.012195 3.281250 0.039837 FPGA_VCCINT_MON 0.006388 1.093750 0.006851
