1 WIRELESS_VCC 0.000774 3.281250 0.002491 MCU_VCC 0.007162 3.281250 0.023044
2 WIRELESS_VCC 0.000774 3.281250 0.002491 MCU_VCC 0.007162 3.281250 0.023044
3 WIRELESS_VCC 0.000774 3.281250 0.002491 MCU_VCC 0.007162 3.281250 0.023044
4 WIRELESS_VCC 0.000774 3.281250 0.002491 MCU_VCC 0.007162 3.281250 0.023044
5 WIRELESS_VCC 0.000774 3.281250 0.002491 MCU_VCC 0.007162 3.281250 0.023044
6 WIRELESS_VCC 0.000774 3.281250 0.002491 MCU_VCC 0.007162 3.281250 0.023044
7 WIRELESS_VCC 0.000774 3.281250 0.002491 MCU_VCC 0.007162 3.281250 0.023044
8 WIRELESS_VCC 0.000774 3.281250 0.002491 MCU_VCC 0.007162 3.281250 0.023044
9 WIRELESS_VCC 0.000774 3.281250 0.002491 MCU_VCC 0.007162 3.281250 0.023044
10 WIRELESS_VCC 0.000774 3.281250 0.002491 MCU_VCC 0.007162 3.281250 0.023044
11 WIRELESS_VCC 0.000774 3.281250 0.002491 MCU_VCC 0.007162 3.281250 0.023044
12 WIRELESS_VCC 0.000774 3.281250 0.002491 MCU_VCC 0.007162 3.281250 0.023044
13 WIRELESS_VCC 0.000774 3.281250 0.002491 MCU_VCC 0.007162 3.281250 0.023044
14 WIRELESS_VCC 0.000774 3.281250 0.002491 MCU_VCC 0.007162 3.281250 0.023044
15 WIRELESS_VCC 0.000774 3.281250 0.002491 MCU_VCC 0.007162 3.281250 0.023044
16 WIRELESS_VCC 0.000774 3.281250 0.002491 MCU_VCC 0.007162 3.281250 0.023044
17 WIRELESS_VCC 0.000774 3.281250 0.002491 MCU_VCC 0.007162 3.281250 0.023044
18 WIRELESS_VCC 0.000774 3.281250 0.002491 MCU_VCC 0.007162 3.281250 0.023044
19 WIRELESS_VCC 0.000774 3.281250 0.002491 MCU_VCC 0.007162 3.281250 0.023044
20 WIRELESS_VCC 0.000774 3.281250 0.002491 MCU_VCC 0.007162 3.281250 0.023044
21 WIRELESS_VCC 0.000774 3.281250 0.002491 MCU_VCC 0.007162 3.281250 0.023044
22 WIRELESS_VCC 0.000774 3.281250 0.002491 MCU_VCC 0.007162 3.281250 0.023044
23 WIRELESS_VCC 0.000774 3.281250 0.002491 MCU_VCC 0.007162 3.281250 0.023044
24 WIRELESS_VCC 0.000774 3.281250 0.002491 MCU_VCC 0.007162 3.281250 0.023044
25 WIRELESS_VCC 0.000774 3.281250 0.002491 MCU_VCC 0.007162 3.281250 0.023044
26 WIRELESS_VCC 0.000774 3.281250 0.002491 MCU_VCC 0.007162 3.281250 0.023044
27 WIRELESS_VCC 0.000774 3.281250 0.002491 MCU_VCC 0.007162 3.281250 0.023044
28 WIRELESS_VCC 0.000774 3.281250 0.002491 MCU_VCC 0.007162 3.281250 0.023044
29 WIRELESS_VCC 0.000774 3.281250 0.002491 MCU_VCC 0.007162 3.281250 0.023044
30 WIRELESS_VCC 0.000774 3.281250 0.002491 MCU_VCC 0.007162 3.281250 0.023044
31 WIRELESS_VCC 0.000774 3.281250 0.002491 MCU_VCC 0.007162 3.281250 0.023044
32 WIRELESS_VCC 0.000774 3.281250 0.002491 MCU_VCC 0.007162 3.281250 0.023044
33 WIRELESS_VCC 0.000774 3.281250 0.002491 MCU_VCC 0.007162 3.281250 0.023044
34 WIRELESS_VCC 0.000774 3.281250 0.002491 MCU_VCC 0.007162 3.281250 0.023044
35 WIRELESS_VCC 0.000774 3.281250 0.002491 MCU_VCC 0.007162 3.281250 0.023044
36 WIRELESS_VCC 0.000774 3.281250 0.002491 MCU_VCC 0.007162 3.281250 0.023044
37 WIRELESS_VCC 0.000774 3.281250 0.002491 MCU_VCC 0.007162 3.281250 0.023044
38 WIRELESS_VCC 0.000774 3.281250 0.002491 MCU_VCC 0.007162 3.281250 0.023044
39 WIRELESS_VCC 0.000774 3.281250 0.002491 MCU_VCC 0.007162 3.281250 0.023044
40 WIRELESS_VCC 0.000774 3.281250 0.002491 MCU_VCC 0.007162 3.281250 0.023044
41 WIRELESS_VCC 0.000774 3.281250 0.002491 MCU_VCC 0.007162 3.281250 0.023044
42 WIRELESS_VCC 0.000774 3.281250 0.002491 MCU_VCC 0.007162 3.281250 0.023044
43 WIRELESS_VCC 0.000774 3.281250 0.002491 MCU_VCC 0.007162 3.281250 0.023044
44 WIRELESS_VCC 0.000774 3.281250 0.002491 MCU_VCC 0.007162 3.281250 0.023044
45 WIRELESS_VCC 0.000774 3.281250 0.002491 MCU_VCC 0.007162 3.281250 0.023044
46 WIRELESS_VCC 0.000774 3.281250 0.002491 MCU_VCC 0.007162 3.281250 0.023044
47 WIRELESS_VCC 0.000774 3.281250 0.002491 MCU_VCC 0.007162 3.281250 0.023044
48 WIRELESS_VCC 0.000774 3.281250 0.002491 MCU_VCC 0.007162 3.281250 0.023044
49 WIRELESS_VCC 0.000774 3.281250 0.002491 MCU_VCC 0.007162 3.281250 0.023044
50 WIRELESS_VCC 0.000774 3.281250 0.002491 MCU_VCC 0.007162 3.281250 0.023044
51 WIRELESS_VCC 0.000774 3.281250 0.002491 MCU_VCC 0.007162 3.281250 0.023044
52 WIRELESS_VCC 0.000774 3.281250 0.002491 MCU_VCC 0.007162 3.281250 0.023044
53 WIRELESS_VCC 0.000774 3.281250 0.002491 MCU_VCC 0.007162 3.281250 0.023044
54 WIRELESS_VCC 0.000774 3.281250 0.002491 MCU_VCC 0.007162 3.281250 0.023044
55 WIRELESS_VCC 0.000774 3.281250 0.002491 MCU_VCC 0.007162 3.281250 0.023044
56 WIRELESS_VCC 0.000774 3.281250 0.002491 MCU_VCC 0.007162 3.281250 0.023044
57 WIRELESS_VCC 0.000774 3.281250 0.002491 MCU_VCC 0.007162 3.281250 0.023044
58 WIRELESS_VCC 0.000774 3.281250 0.002491 MCU_VCC 0.007162 3.281250 0.023044
59 WIRELESS_VCC 0.000774 3.281250 0.002491 MCU_VCC 0.007162 3.281250 0.023044
60 WIRELESS_VCC 0.000774 3.281250 0.002491 MCU_VCC 0.007162 3.281250 0.023044
61 WIRELESS_VCC 0.000774 3.281250 0.002491 MCU_VCC 0.007162 3.281250 0.023044
62 WIRELESS_VCC 0.000774 3.281250 0.002491 MCU_VCC 0.007162 3.281250 0.023044
63 WIRELESS_VCC 0.000774 3.281250 0.002491 MCU_VCC 0.007162 3.281250 0.023044
64 WIRELESS_VCC 0.000774 3.281250 0.002491 MCU_VCC 0.007162 3.281250 0.023044
65 WIRELESS_VCC 0.000774 3.281250 0.002491 MCU_VCC 0.007162 3.281250 0.023044
66 WIRELESS_VCC 0.000774 3.281250 0.002491 MCU_VCC 0.007162 3.281250 0.023044
67 WIRELESS_VCC 0.000774 3.281250 0.002491 MCU_VCC 0.007162 3.281250 0.023044
68 WIRELESS_VCC 0.000774 3.281250 0.002491 MCU_VCC 0.007162 3.281250 0.023044
69 WIRELESS_VCC 0.000774 3.281250 0.002491 MCU_VCC 0.007162 3.281250 0.023044
70 WIRELESS_VCC 0.000774 3.281250 0.002491 MCU_VCC 0.007162 3.281250 0.023044
71 WIRELESS_VCC 0.000774 3.281250 0.002491 MCU_VCC 0.007162 3.281250 0.023044
72 WIRELESS_VCC 0.000774 3.281250 0.002491 MCU_VCC 0.007162 3.281250 0.023044
73 WIRELESS_VCC 0.000774 3.281250 0.002491 MCU_VCC 0.007162 3.281250 0.023044
74 WIRELESS_VCC 0.000774 3.281250 0.002491 MCU_VCC 0.007162 3.281250 0.023044
75 WIRELESS_VCC 0.000774 3.281250 0.002491 MCU_VCC 0.007162 3.281250 0.023044
76 WIRELESS_VCC 0.000774 3.281250 0.002491 MCU_VCC 0.007162 3.281250 0.023044
77 WIRELESS_VCC 0.000774 3.281250 0.002491 MCU_VCC 0.007162 3.281250 0.023044
78 WIRELESS_VCC 0.000774 3.281250 0.002491 MCU_VCC 0.007162 3.281250 0.023044
79 WIRELESS_VCC 0.000774 3.281250 0.002491 MCU_VCC 0.007162 3.281250 0.023044
80 WIRELESS_VCC 0.000774 3.281250 0.002491 MCU_VCC 0.007162 3.281250 0.023044
81 WIRELESS_VCC 0.000774 3.281250 0.002491 MCU_VCC 0.007162 3.281250 0.023044
82 WIRELESS_VCC 0.000774 3.281250 0.002491 MCU_VCC 0.007162 3.281250 0.023044
83 WIRELESS_VCC 0.000774 3.281250 0.002491 MCU_VCC 0.007162 3.281250 0.023044
84 WIRELESS_VCC 0.000774 3.281250 0.002491 MCU_VCC 0.007162 3.281250 0.023044
85 WIRELESS_VCC 0.000774 3.281250 0.002491 MCU_VCC 0.007162 3.281250 0.023044
86 WIRELESS_VCC 0.000774 3.281250 0.002491 MCU_VCC 0.007162 3.281250 0.023044
87 WIRELESS_VCC 0.000774 3.281250 0.002491 MCU_VCC 0.007162 3.281250 0.023044
88 WIRELESS_VCC 0.000774 3.281250 0.002491 MCU_VCC 0.007162 3.281250 0.023044
89 WIRELESS_VCC 0.000774 3.281250 0.002491 MCU_VCC 0.007162 3.281250 0.023044
90 WIRELESS_VCC 0.000774 3.281250 0.002491 MCU_VCC 0.007162 3.281250 0.023044
91 WIRELESS_VCC 0.000774 3.281250 0.002491 MCU_VCC 0.007162 3.281250 0.023044
92 WIRELESS_VCC 0.000774 3.281250 0.002491 MCU_VCC 0.007162 3.281250 0.023044
93 WIRELESS_VCC 0.000774 3.281250 0.002491 MCU_VCC 0.007162 3.281250 0.023044
94 WIRELESS_VCC 0.000774 3.281250 0.002491 MCU_VCC 0.007162 3.281250 0.023044
95 WIRELESS_VCC 0.000774 3.281250 0.002491 MCU_VCC 0.007162 3.281250 0.023044
96 WIRELESS_VCC 0.000774 3.281250 0.002491 MCU_VCC 0.007162 3.281250 0.023044
97 WIRELESS_VCC 0.000774 3.281250 0.002491 MCU_VCC 0.007162 3.281250 0.023044
98 WIRELESS_VCC 0.000774 3.281250 0.002491 MCU_VCC 0.007162 3.281250 0.023044
99 WIRELESS_VCC 0.000774 3.281250 0.002491 MCU_VCC 0.007162 3.281250 0.023044
100 WIRELESS_VCC 0.000774 3.281250 0.002491 MCU_VCC 0.007162 3.281250 0.023044
101 WIRELESS_VCC 0.000774 3.281250 0.002491 MCU_VCC 0.007162 3.281250 0.023044
102 WIRELESS_VCC 0.000774 3.281250 0.002491 MCU_VCC 0.007162 3.281250 0.023044
103 WIRELESS_VCC 0.000774 3.281250 0.002491 MCU_VCC 0.007162 3.281250 0.023044
104 WIRELESS_VCC 0.000774 3.281250 0.002491 MCU_VCC 0.007162 3.281250 0.023044
105 WIRELESS_VCC 0.000774 3.281250 0.002491 MCU_VCC 0.007162 3.281250 0.023044
106 WIRELESS_VCC 0.000774 3.281250 0.002491 MCU_VCC 0.007162 3.281250 0.023044
107 WIRELESS_VCC 0.000774 3.281250 0.002491 MCU_VCC 0.007162 3.281250 0.023044
108 WIRELESS_VCC 0.000774 3.281250 0.002491 MCU_VCC 0.007162 3.281250 0.023044
109 WIRELESS_VCC 0.000774 3.281250 0.002491 MCU_VCC 0.007162 3.281250 0.023044
110 WIRELESS_VCC 0.000774 3.281250 0.002491 MCU_VCC 0.007162 3.281250 0.023044
111 WIRELESS_VCC 0.000774 3.281250 0.002491 MCU_VCC 0.007162 3.281250 0.023044
112 WIRELESS_VCC 0.000774 3.281250 0.002491 MCU_VCC 0.007162 3.281250 0.023044
113 WIRELESS_VCC 0.000774 3.281250 0.002491 MCU_VCC 0.007162 3.281250 0.023044
114 WIRELESS_VCC 0.000774 3.281250 0.002491 MCU_VCC 0.007162 3.281250 0.023044
115 WIRELESS_VCC 0.000774 3.281250 0.002491 MCU_VCC 0.007162 3.281250 0.023044
116 WIRELESS_VCC 0.000774 3.281250 0.002491 MCU_VCC 0.007162 3.281250 0.023044
117 WIRELESS_VCC 0.000774 3.281250 0.002491 MCU_VCC 0.007162 3.281250 0.023044
118 WIRELESS_VCC 0.000774 3.281250 0.002491 MCU_VCC 0.007162 3.281250 0.023044
119 WIRELESS_VCC 0.000774 3.281250 0.002491 MCU_VCC 0.007162 3.281250 0.023044
120 WIRELESS_VCC 0.000774 3.281250 0.002491 MCU_VCC 0.007162 3.281250 0.023044
121 WIRELESS_VCC 0.000774 3.281250 0.002491 MCU_VCC 0.007162 3.281250 0.023044
122 WIRELESS_VCC 0.000774 3.281250 0.002491 MCU_VCC 0.007162 3.281250 0.023044
123 WIRELESS_VCC 0.000774 3.281250 0.002491 MCU_VCC 0.007162 3.281250 0.023044
124 WIRELESS_VCC 0.000774 3.281250 0.002491 MCU_VCC 0.007162 3.281250 0.023044
125 WIRELESS_VCC 0.000774 3.281250 0.002491 MCU_VCC 0.007162 3.281250 0.023044
126 WIRELESS_VCC 0.000774 3.281250 0.002491 MCU_VCC 0.007162 3.281250 0.023044
127 WIRELESS_VCC 0.000774 3.281250 0.002491 MCU_VCC 0.007162 3.281250 0.023044
128 WIRELESS_VCC 0.000774 3.281250 0.002491 MCU_VCC 0.007162 3.281250 0.023044
129 WIRELESS_VCC 0.000774 3.281250 0.002491 MCU_VCC 0.007162 3.281250 0.023044
130 WIRELESS_VCC 0.000774 3.281250 0.002491 MCU_VCC 0.007162 3.281250 0.023044
131 WIRELESS_VCC 0.000774 3.281250 0.002491 MCU_VCC 0.007162 3.281250 0.023044
132 WIRELESS_VCC 0.000774 3.281250 0.002491 MCU_VCC 0.007162 3.281250 0.023044
133 WIRELESS_VCC 0.000774 3.281250 0.002491 MCU_VCC 0.007162 3.281250 0.023044
134 WIRELESS_VCC 0.000774 3.281250 0.002491 MCU_VCC 0.007162 3.281250 0.023044
135 WIRELESS_VCC 0.000774 3.281250 0.002491 MCU_VCC 0.007162 3.281250 0.023044
136 WIRELESS_VCC 0.000774 3.281250 0.002491 MCU_VCC 0.007162 3.281250 0.023044
137 WIRELESS_VCC 0.000774 3.281250 0.002491 MCU_VCC 0.007162 3.281250 0.023044
138 WIRELESS_VCC 0.000774 3.281250 0.002491 MCU_VCC 0.007162 3.281250 0.023044
139 WIRELESS_VCC 0.000774 3.281250 0.002491 MCU_VCC 0.007162 3.281250 0.023044
140 WIRELESS_VCC 0.000774 3.281250 0.002491 MCU_VCC 0.007162 3.281250 0.023044
141 WIRELESS_VCC 0.000774 3.281250 0.002491 MCU_VCC 0.007162 3.281250 0.023044
142 WIRELESS_VCC 0.000774 3.281250 0.002491 MCU_VCC 0.007162 3.281250 0.023044
143 WIRELESS_VCC 0.000774 3.281250 0.002491 MCU_VCC 0.007162 3.281250 0.023044
144 WIRELESS_VCC 0.000774 3.281250 0.002491 MCU_VCC 0.007162 3.281250 0.023044
145 WIRELESS_VCC 0.000774 3.281250 0.002491 MCU_VCC 0.007162 3.281250 0.023044
146 WIRELESS_VCC 0.000774 3.281250 0.002491 MCU_VCC 0.007162 3.281250 0.023044
147 WIRELESS_VCC 0.000774 3.281250 0.002491 MCU_VCC 0.007162 3.281250 0.023044
148 WIRELESS_VCC 0.000774 3.281250 0.002491 MCU_VCC 0.007162 3.281250 0.023044
149 WIRELESS_VCC 0.000774 3.281250 0.002491 MCU_VCC 0.007162 3.281250 0.023044
150 WIRELESS_VCC 0.000774 3.281250 0.002491 MCU_VCC 0.007162 3.281250 0.023044
151 WIRELESS_VCC 0.000774 3.281250 0.002491 MCU_VCC 0.007162 3.281250 0.023044
152 WIRELESS_VCC 0.000774 3.281250 0.002491 MCU_VCC 0.007162 3.281250 0.023044
153 WIRELESS_VCC 0.000774 3.281250 0.002491 MCU_VCC 0.007162 3.281250 0.023044
154 WIRELESS_VCC 0.000774 3.281250 0.002491 MCU_VCC 0.007162 3.281250 0.023044
155 WIRELESS_VCC 0.000774 3.281250 0.002491 MCU_VCC 0.007162 3.281250 0.023044
156 WIRELESS_VCC 0.000774 3.281250 0.002491 MCU_VCC 0.007162 3.281250 0.023044
157 WIRELESS_VCC 0.000774 3.281250 0.002491 MCU_VCC 0.007162 3.281250 0.023044
158 WIRELESS_VCC 0.000774 3.281250 0.002491 MCU_VCC 0.007162 3.281250 0.023044
159 WIRELESS_VCC 0.000774 3.281250 0.002491 MCU_VCC 0.007162 3.281250 0.023044
160 WIRELESS_VCC 0.000774 3.281250 0.002491 MCU_VCC 0.007162 3.281250 0.023044
161 WIRELESS_VCC 0.000774 3.281250 0.002491 MCU_VCC 0.007162 3.281250 0.023044
162 WIRELESS_VCC 0.000774 3.281250 0.002491 MCU_VCC 0.007162 3.281250 0.023044
163 WIRELESS_VCC 0.000774 3.281250 0.002491 MCU_VCC 0.007162 3.281250 0.023044
164 WIRELESS_VCC 0.000774 3.281250 0.002491 MCU_VCC 0.007162 3.281250 0.023044
165 WIRELESS_VCC 0.000774 3.281250 0.002491 MCU_VCC 0.007162 3.281250 0.023044
166 WIRELESS_VCC 0.000774 3.281250 0.002491 MCU_VCC 0.007162 3.281250 0.023044
167 WIRELESS_VCC 0.000774 3.281250 0.002491 MCU_VCC 0.007162 3.281250 0.023044
168 WIRELESS_VCC 0.000774 3.281250 0.002491 MCU_VCC 0.007162 3.281250 0.023044
169 WIRELESS_VCC 0.000774 3.281250 0.002491 MCU_VCC 0.007162 3.281250 0.023044
170 WIRELESS_VCC 0.000774 3.281250 0.002491 MCU_VCC 0.007162 3.281250 0.023044
171 WIRELESS_VCC 0.000774 3.281250 0.002491 MCU_VCC 0.007162 3.281250 0.023044
172 WIRELESS_VCC 0.000774 3.281250 0.002491 MCU_VCC 0.007162 3.281250 0.023044
173 WIRELESS_VCC 0.000774 3.281250 0.002491 MCU_VCC 0.007162 3.281250 0.023044
174 WIRELESS_VCC 0.000774 3.281250 0.002491 MCU_VCC 0.007162 3.281250 0.023044
175 WIRELESS_VCC 0.000774 3.281250 0.002491 MCU_VCC 0.007162 3.281250 0.023044
176 WIRELESS_VCC 0.000774 3.281250 0.002491 MCU_VCC 0.007162 3.281250 0.023044
177 WIRELESS_VCC 0.000774 3.281250 0.002491 MCU_VCC 0.007162 3.281250 0.023044
178 WIRELESS_VCC 0.000774 3.281250 0.002491 MCU_VCC 0.007162 3.281250 0.023044
179 WIRELESS_VCC 0.000774 3.281250 0.002491 MCU_VCC 0.007162 3.281250 0.023044
180 WIRELESS_VCC 0.000774 3.281250 0.002491 MCU_VCC 0.007162 3.281250 0.023044
181 WIRELESS_VCC 0.000774 3.281250 0.002491 MCU_VCC 0.007162 3.281250 0.023044
182 WIRELESS_VCC 0.000774 3.281250 0.002491 MCU_VCC 0.007162 3.281250 0.023044
183 WIRELESS_VCC 0.000774 3.281250 0.002491 MCU_VCC 0.007162 3.281250 0.023044
184 WIRELESS_VCC 0.000774 3.281250 0.002491 MCU_VCC 0.007162 3.281250 0.023044
185 WIRELESS_VCC 0.000774 3.281250 0.002491 MCU_VCC 0.007162 3.281250 0.023044
186 WIRELESS_VCC 0.000774 3.281250 0.002491 MCU_VCC 0.007162 3.281250 0.023044
187 WIRELESS_VCC 0.000774 3.281250 0.002491 MCU_VCC 0.007162 3.281250 0.023044
188 WIRELESS_VCC 0.000774 3.281250 0.002491 MCU_VCC 0.007162 3.281250 0.023044
189 WIRELESS_VCC 0.000774 3.281250 0.002491 MCU_VCC 0.007162 3.281250 0.023044
190 WIRELESS_VCC 0.000774 3.281250 0.002491 MCU_VCC 0.007162 3.281250 0.023044
191 WIRELESS_VCC 0.000774 3.281250 0.002491 MCU_VCC 0.007162 3.281250 0.023044
192 WIRELESS_VCC 0.000774 3.281250 0.002491 MCU_VCC 0.007162 3.281250 0.023044
193 WIRELESS_VCC 0.000774 3.281250 0.002491 MCU_VCC 0.007162 3.281250 0.023044
194 WIRELESS_VCC 0.000774 3.281250 0.002491 MCU_VCC 0.007162 3.281250 0.023044
195 WIRELESS_VCC 0.000774 3.281250 0.002491 MCU_VCC 0.007162 3.281250 0.023044
196 WIRELESS_VCC 0.000774 3.281250 0.002491 MCU_VCC 0.007162 3.281250 0.023044
197 WIRELESS_VCC 0.000774 3.281250 0.002491 MCU_VCC 0.007162 3.281250 0.023044
198 WIRELESS_VCC 0.000774 3.281250 0.002491 MCU_VCC 0.007162 3.281250 0.023044
199 WIRELESS_VCC 0.000774 3.281250 0.002491 MCU_VCC 0.007162 3.281250 0.023044
200 WIRELESS_VCC 0.000774 3.281250 0.002491 MCU_VCC 0.007162 3.281250 0.023044
201 WIRELESS_VCC 0.000774 3.281250 0.002491 MCU_VCC 0.007162 3.281250 0.023044
202 WIRELESS_VCC 0.000774 3.281250 0.002491 MCU_VCC 0.007162 3.281250 0.023044
203 WIRELESS_VCC 0.000774 3.281250 0.002491 MCU_VCC 0.007162 3.281250 0.023044
204 WIRELESS_VCC 0.000774 3.281250 0.002491 MCU_VCC 0.007162 3.281250 0.023044
205 WIRELESS_VCC 0.000774 3.281250 0.002491 MCU_VCC 0.007162 3.281250 0.023044
206 WIRELESS_VCC 0.000774 3.281250 0.002491 MCU_VCC 0.007162 3.281250 0.023044
207 WIRELESS_VCC 0.000774 3.281250 0.002491 MCU_VCC 0.007162 3.281250 0.023044
208 WIRELESS_VCC 0.000774 3.281250 0.002491 MCU_VCC 0.007162 3.281250 0.023044
209 WIRELESS_VCC 0.000774 3.281250 0.002491 MCU_VCC 0.007162 3.281250 0.023044
210 WIRELESS_VCC 0.000774 3.281250 0.002491 MCU_VCC 0.007162 3.281250 0.023044
211 WIRELESS_VCC 0.000774 3.281250 0.002491 MCU_VCC 0.007162 3.281250 0.023044
212 WIRELESS_VCC 0.000774 3.281250 0.002491 MCU_VCC 0.007162 3.281250 0.023044
213 WIRELESS_VCC 0.000774 3.281250 0.002491 MCU_VCC 0.007162 3.281250 0.023044
214 WIRELESS_VCC 0.000774 3.281250 0.002491 MCU_VCC 0.007162 3.281250 0.023044
215 WIRELESS_VCC 0.000774 3.281250 0.002491 MCU_VCC 0.007162 3.281250 0.023044
216 WIRELESS_VCC 0.000774 3.281250 0.002491 MCU_VCC 0.007162 3.281250 0.023044
217 WIRELESS_VCC 0.000774 3.281250 0.002491 MCU_VCC 0.007162 3.281250 0.023044
218 WIRELESS_VCC 0.000774 3.281250 0.002491 MCU_VCC 0.007162 3.281250 0.023044
219 WIRELESS_VCC 0.000774 3.281250 0.002491 MCU_VCC 0.007162 3.281250 0.023044
220 WIRELESS_VCC 0.000774 3.281250 0.002491 MCU_VCC 0.007162 3.281250 0.023044
221 WIRELESS_VCC 0.000774 3.281250 0.002491 MCU_VCC 0.007162 3.281250 0.023044
222 WIRELESS_VCC 0.000774 3.281250 0.002491 MCU_VCC 0.007162 3.281250 0.023044
223 WIRELESS_VCC 0.000774 3.281250 0.002491 MCU_VCC 0.007162 3.281250 0.023044
224 WIRELESS_VCC 0.000774 3.281250 0.002491 MCU_VCC 0.007162 3.281250 0.023044
225 WIRELESS_VCC 0.000774 3.281250 0.002491 MCU_VCC 0.007162 3.281250 0.023044
226 WIRELESS_VCC 0.000774 3.281250 0.002491 MCU_VCC 0.007162 3.281250 0.023044
227 WIRELESS_VCC 0.000774 3.281250 0.002491 MCU_VCC 0.007162 3.281250 0.023044
228 WIRELESS_VCC 0.000774 3.281250 0.002491 MCU_VCC 0.007162 3.281250 0.023044
229 WIRELESS_VCC 0.000774 3.281250 0.002491 MCU_VCC 0.007162 3.281250 0.023044
230 WIRELESS_VCC 0.000774 3.281250 0.002491 MCU_VCC 0.007162 3.281250 0.023044
231 WIRELESS_VCC 0.000774 3.281250 0.002491 MCU_VCC 0.007162 3.281250 0.023044
232 WIRELESS_VCC 0.000774 3.281250 0.002491 MCU_VCC 0.007162 3.281250 0.023044
233 WIRELESS_VCC 0.000774 3.281250 0.002491 MCU_VCC 0.007162 3.281250 0.023044
234 WIRELESS_VCC 0.000774 3.281250 0.002491 MCU_VCC 0.007162 3.281250 0.023044
235 WIRELESS_VCC 0.000774 3.281250 0.002491 MCU_VCC 0.007162 3.281250 0.023044
236 WIRELESS_VCC 0.000774 3.281250 0.002491 MCU_VCC 0.007162 3.281250 0.023044
237 WIRELESS_VCC 0.000774 3.281250 0.002491 MCU_VCC 0.007162 3.281250 0.023044
238 WIRELESS_VCC 0.000774 3.281250 0.002491 MCU_VCC 0.007162 3.281250 0.023044
239 WIRELESS_VCC 0.000774 3.281250 0.002491 MCU_VCC 0.007162 3.281250 0.023044
240 WIRELESS_VCC 0.000774 3.281250 0.002491 MCU_VCC 0.007162 3.281250 0.023044
241 WIRELESS_VCC 0.000774 3.281250 0.002491 MCU_VCC 0.007162 3.281250 0.023044
242 WIRELESS_VCC 0.000774 3.281250 0.002491 MCU_VCC 0.007162 3.281250 0.023044
243 WIRELESS_VCC 0.000774 3.281250 0.002491 MCU_VCC 0.007162 3.281250 0.023044
244 WIRELESS_VCC 0.000774 3.281250 0.002491 MCU_VCC 0.007162 3.281250 0.023044
245 WIRELESS_VCC 0.000774 3.281250 0.002491 MCU_VCC 0.007162 3.281250 0.023044
246 WIRELESS_VCC 0.000774 3.281250 0.002491 MCU_VCC 0.007162 3.281250 0.023044
247 WIRELESS_VCC 0.000774 3.281250 0.002491 MCU_VCC 0.007162 3.281250 0.023044
248 WIRELESS_VCC 0.000774 3.281250 0.002491 MCU_VCC 0.007162 3.281250 0.023044
249 WIRELESS_VCC 0.000774 3.281250 0.002491 MCU_VCC 0.007162 3.281250 0.023044
250 WIRELESS_VCC 0.000774 3.281250 0.002491 MCU_VCC 0.007162 3.281250 0.023044
251 WIRELESS_VCC 0.000774 3.281250 0.002491 MCU_VCC 0.007162 3.281250 0.023044
252 WIRELESS_VCC 0.000774 3.281250 0.002491 MCU_VCC 0.007162 3.281250 0.023044
253 WIRELESS_VCC 0.000774 3.281250 0.002491 MCU_VCC 0.007162 3.281250 0.023044
254 WIRELESS_VCC 0.000774 3.281250 0.002491 MCU_VCC 0.007162 3.281250 0.023044
255 WIRELESS_VCC 0.000774 3.281250 0.002491 MCU_VCC 0.007162 3.281250 0.023044
256 WIRELESS_VCC 0.000774 3.281250 0.002491 MCU_VCC 0.007162 3.281250 0.023044
257 WIRELESS_VCC 0.000774 3.281250 0.002491 MCU_VCC 0.007162 3.281250 0.023044
258 WIRELESS_VCC 0.000774 3.281250 0.002491 MCU_VCC 0.007162 3.281250 0.023044
259 WIRELESS_VCC 0.000774 3.281250 0.002491 MCU_VCC 0.007162 3.281250 0.023044
260 WIRELESS_VCC 0.000774 3.281250 0.002491 MCU_VCC 0.007162 3.281250 0.023044
261 WIRELESS_VCC 0.000774 3.281250 0.002491 MCU_VCC 0.007162 3.281250 0.023044
262 WIRELESS_VCC 0.000774 3.281250 0.002491 MCU_VCC 0.007162 3.281250 0.023044
263 WIRELESS_VCC 0.000774 3.281250 0.002491 MCU_VCC 0.007162 3.281250 0.023044
264 WIRELESS_VCC 0.000774 3.281250 0.002491 MCU_VCC 0.007162 3.281250 0.023044
265 WIRELESS_VCC 0.000774 3.281250 0.002491 MCU_VCC 0.007162 3.281250 0.023044
266 WIRELESS_VCC 0.000774 3.281250 0.002491 MCU_VCC 0.007162 3.281250 0.023044
267 WIRELESS_VCC 0.000774 3.281250 0.002491 MCU_VCC 0.007162 3.281250 0.023044
268 WIRELESS_VCC 0.000774 3.281250 0.002491 MCU_VCC 0.007162 3.281250 0.023044
269 WIRELESS_VCC 0.000774 3.281250 0.002491 MCU_VCC 0.007162 3.281250 0.023044
270 WIRELESS_VCC 0.000774 3.281250 0.002491 MCU_VCC 0.007162 3.281250 0.023044
271 WIRELESS_VCC 0.000774 3.281250 0.002491 MCU_VCC 0.007162 3.281250 0.023044
272 WIRELESS_VCC 0.000774 3.281250 0.002491 MCU_VCC 0.007162 3.281250 0.023044
273 WIRELESS_VCC 0.000774 3.281250 0.002491 MCU_VCC 0.007162 3.281250 0.023044
274 WIRELESS_VCC 0.000774 3.281250 0.002491 MCU_VCC 0.007162 3.281250 0.023044
275 WIRELESS_VCC 0.000774 3.281250 0.002491 MCU_VCC 0.007162 3.281250 0.023044
276 WIRELESS_VCC 0.000774 3.281250 0.002491 MCU_VCC 0.007162 3.281250 0.023044
277 WIRELESS_VCC 0.000774 3.281250 0.002491 MCU_VCC 0.007162 3.281250 0.023044
278 WIRELESS_VCC 0.000774 3.281250 0.002491 MCU_VCC 0.007162 3.281250 0.023044
279 WIRELESS_VCC 0.000774 3.281250 0.002491 MCU_VCC 0.007162 3.281250 0.023044
280 WIRELESS_VCC 0.000774 3.281250 0.002491 MCU_VCC 0.007162 3.281250 0.023044
281 WIRELESS_VCC 0.000774 3.281250 0.002491 MCU_VCC 0.007162 3.281250 0.023044
282 WIRELESS_VCC 0.000774 3.281250 0.002491 MCU_VCC 0.007162 3.281250 0.023044
283 WIRELESS_VCC 0.000774 3.281250 0.002491 MCU_VCC 0.007162 3.281250 0.023044
284 WIRELESS_VCC 0.000774 3.281250 0.002491 MCU_VCC 0.007162 3.281250 0.023044
285 WIRELESS_VCC 0.000774 3.281250 0.002491 MCU_VCC 0.007162 3.281250 0.023044
286 WIRELESS_VCC 0.000774 3.281250 0.002491 MCU_VCC 0.007162 3.281250 0.023044
287 WIRELESS_VCC 0.000774 3.281250 0.002491 MCU_VCC 0.007162 3.281250 0.023044
288 WIRELESS_VCC 0.000774 3.281250 0.002491 MCU_VCC 0.007162 3.281250 0.023044
289 WIRELESS_VCC 0.000774 3.281250 0.002491 MCU_VCC 0.007162 3.281250 0.023044
290 WIRELESS_VCC 0.000774 3.281250 0.002491 MCU_VCC 0.007162 3.281250 0.023044
291 WIRELESS_VCC 0.000774 3.281250 0.002491 MCU_VCC 0.007162 3.281250 0.023044
292 WIRELESS_VCC 0.000774 3.281250 0.002491 MCU_VCC 0.007162 3.281250 0.023044
293 WIRELESS_VCC 0.000774 3.281250 0.002491 MCU_VCC 0.007162 3.281250 0.023044
294 WIRELESS_VCC 0.000774 3.281250 0.002491 MCU_VCC 0.007162 3.281250 0.023044
295 WIRELESS_VCC 0.000774 3.281250 0.002491 MCU_VCC 0.007162 3.281250 0.023044
296 WIRELESS_VCC 0.000774 3.281250 0.002491 MCU_VCC 0.007162 3.281250 0.023044
297 WIRELESS_VCC 0.000774 3.281250 0.002491 MCU_VCC 0.007162 3.281250 0.023044
298 WIRELESS_VCC 0.000774 3.281250 0.002491 MCU_VCC 0.007162 3.281250 0.023044
299 WIRELESS_VCC 0.000774 3.281250 0.002491 MCU_VCC 0.007162 3.281250 0.023044
300 WIRELESS_VCC 0.000774 3.281250 0.002491 MCU_VCC 0.007162 3.281250 0.023044
301 WIRELESS_VCC 0.000774 3.281250 0.002491 MCU_VCC 0.007162 3.281250 0.023044
302 WIRELESS_VCC 0.000774 3.281250 0.002491 MCU_VCC 0.007162 3.281250 0.023044
303 WIRELESS_VCC 0.000774 3.281250 0.002491 MCU_VCC 0.007162 3.281250 0.023044
304 WIRELESS_VCC 0.000774 3.281250 0.002491 MCU_VCC 0.007162 3.281250 0.023044
305 WIRELESS_VCC 0.000774 3.281250 0.002491 MCU_VCC 0.007162 3.281250 0.023044
306 WIRELESS_VCC 0.000774 3.281250 0.002491 MCU_VCC 0.007162 3.281250 0.023044
307 WIRELESS_VCC 0.000774 3.281250 0.002491 MCU_VCC 0.007162 3.281250 0.023044
308 WIRELESS_VCC 0.000774 3.281250 0.002491 MCU_VCC 0.007162 3.281250 0.023044
309 WIRELESS_VCC 0.000774 3.281250 0.002491 MCU_VCC 0.007162 3.281250 0.023044
310 WIRELESS_VCC 0.000774 3.281250 0.002491 MCU_VCC 0.007162 3.281250 0.023044
311 WIRELESS_VCC 0.000774 3.281250 0.002491 MCU_VCC 0.007162 3.281250 0.023044
312 WIRELESS_VCC 0.000774 3.281250 0.002491 MCU_VCC 0.007162 3.281250 0.023044
313 WIRELESS_VCC 0.000774 3.281250 0.002491 MCU_VCC 0.007162 3.281250 0.023044
314 WIRELESS_VCC 0.000774 3.281250 0.002491 MCU_VCC 0.007162 3.281250 0.023044
315 WIRELESS_VCC 0.000774 3.281250 0.002491 MCU_VCC 0.007162 3.281250 0.023044
316 WIRELESS_VCC 0.000774 3.281250 0.002491 MCU_VCC 0.007162 3.281250 0.023044
317 WIRELESS_VCC 0.000774 3.281250 0.002491 MCU_VCC 0.007162 3.281250 0.023044
318 WIRELESS_VCC 0.000774 3.281250 0.002491 MCU_VCC 0.007162 3.281250 0.023044
319 WIRELESS_VCC 0.000774 3.281250 0.002491 MCU_VCC 0.007162 3.281250 0.023044
320 WIRELESS_VCC 0.000774 3.281250 0.002491 MCU_VCC 0.007162 3.281250 0.023044
321 WIRELESS_VCC 0.000774 3.281250 0.002491 MCU_VCC 0.007162 3.281250 0.023044
322 WIRELESS_VCC 0.000774 3.281250 0.002491 MCU_VCC 0.007162 3.281250 0.023044
323 WIRELESS_VCC 0.000774 3.281250 0.002491 MCU_VCC 0.007162 3.281250 0.023044
324 WIRELESS_VCC 0.000774 3.281250 0.002491 MCU_VCC 0.007162 3.281250 0.023044
325 WIRELESS_VCC 0.000774 3.281250 0.002491 MCU_VCC 0.007162 3.281250 0.023044
326 WIRELESS_VCC 0.000774 3.281250 0.002491 MCU_VCC 0.007162 3.281250 0.023044
327 WIRELESS_VCC 0.000774 3.281250 0.002491 MCU_VCC 0.007162 3.281250 0.023044
328 WIRELESS_VCC 0.000774 3.281250 0.002491 MCU_VCC 0.007162 3.281250 0.023044
329 WIRELESS_VCC 0.000774 3.281250 0.002491 MCU_VCC 0.007162 3.281250 0.023044
330 WIRELESS_VCC 0.000774 3.281250 0.002491 MCU_VCC 0.007162 3.281250 0.023044
331 WIRELESS_VCC 0.000774 3.281250 0.002491 MCU_VCC 0.007162 3.281250 0.023044
332 WIRELESS_VCC 0.000774 3.281250 0.002491 MCU_VCC 0.007162 3.281250 0.023044
333 WIRELESS_VCC 0.000774 3.281250 0.002491 MCU_VCC 0.007162 3.281250 0.023044
334 WIRELESS_VCC 0.000774 3.281250 0.002491 MCU_VCC 0.007162 3.281250 0.023044
335 WIRELESS_VCC 0.000774 3.281250 0.002491 MCU_VCC 0.007162 3.281250 0.023044
336 WIRELESS_VCC 0.000774 3.281250 0.002491 MCU_VCC 0.007162 3.281250 0.023044
337 WIRELESS_VCC 0.000774 3.281250 0.002491 MCU_VCC 0.007162 3.281250 0.023044
338 WIRELESS_VCC 0.000774 3.281250 0.002491 MCU_VCC 0.007162 3.281250 0.023044
339 WIRELESS_VCC 0.000774 3.281250 0.002491 MCU_VCC 0.007162 3.281250 0.023044
340 WIRELESS_VCC 0.000774 3.281250 0.002491 MCU_VCC 0.007162 3.281250 0.023044
341 WIRELESS_VCC 0.000774 3.281250 0.002491 MCU_VCC 0.007162 3.281250 0.023044
342 WIRELESS_VCC 0.000774 3.281250 0.002491 MCU_VCC 0.007162 3.281250 0.023044
343 WIRELESS_VCC 0.000774 3.281250 0.002491 MCU_VCC 0.007162 3.281250 0.023044
344 WIRELESS_VCC 0.000774 3.281250 0.002491 MCU_VCC 0.007162 3.281250 0.023044
345 WIRELESS_VCC 0.000774 3.281250 0.002491 MCU_VCC 0.007162 3.281250 0.023044
346 WIRELESS_VCC 0.000774 3.281250 0.002491 MCU_VCC 0.007162 3.281250 0.023044
347 WIRELESS_VCC 0.000774 3.281250 0.002491 MCU_VCC 0.007162 3.281250 0.023044
348 WIRELESS_VCC 0.000774 3.281250 0.002491 MCU_VCC 0.007162 3.281250 0.023044
349 WIRELESS_VCC 0.000774 3.281250 0.002491 MCU_VCC 0.007162 3.281250 0.023044
350 WIRELESS_VCC 0.000774 3.281250 0.002491 MCU_VCC 0.007162 3.281250 0.023044
351 WIRELESS_VCC 0.000774 3.281250 0.002491 MCU_VCC 0.007162 3.281250 0.023044
352 WIRELESS_VCC 0.000774 3.281250 0.002491 MCU_VCC 0.007162 3.281250 0.023044
353 WIRELESS_VCC 0.000774 3.281250 0.002491 MCU_VCC 0.007162 3.281250 0.023044
354 WIRELESS_VCC 0.000774 3.281250 0.002491 MCU_VCC 0.007162 3.281250 0.023044
355 WIRELESS_VCC 0.000774 3.281250 0.002491 MCU_VCC 0.007162 3.281250 0.023044
356 WIRELESS_VCC 0.000774 3.281250 0.002491 MCU_VCC 0.007162 3.281250 0.023044
357 WIRELESS_VCC 0.000774 3.281250 0.002491 MCU_VCC 0.007162 3.281250 0.023044
358 WIRELESS_VCC 0.000774 3.281250 0.002491 MCU_VCC 0.007162 3.281250 0.023044
359 WIRELESS_VCC 0.000774 3.281250 0.002491 MCU_VCC 0.007162 3.281250 0.023044
360 WIRELESS_VCC 0.000774 3.281250 0.002491 MCU_VCC 0.007162 3.281250 0.023044
361 WIRELESS_VCC 0.000774 3.281250 0.002491 MCU_VCC 0.007162 3.281250 0.023044
362 WIRELESS_VCC 0.000774 3.281250 0.002491 MCU_VCC 0.007162 3.281250 0.023044
363 WIRELESS_VCC 0.000774 3.281250 0.002491 MCU_VCC 0.007162 3.281250 0.023044
364 WIRELESS_VCC 0.000774 3.281250 0.002491 MCU_VCC 0.007162 3.281250 0.023044
365 WIRELESS_VCC 0.000774 3.281250 0.002491 MCU_VCC 0.007162 3.281250 0.023044
366 WIRELESS_VCC 0.000774 3.281250 0.002491 MCU_VCC 0.007162 3.281250 0.023044
367 WIRELESS_VCC 0.000774 3.281250 0.002491 MCU_VCC 0.007162 3.281250 0.023044
368 WIRELESS_VCC 0.000774 3.281250 0.002491 MCU_VCC 0.007162 3.281250 0.023044
369 WIRELESS_VCC 0.000774 3.281250 0.002491 MCU_VCC 0.007162 3.281250 0.023044
370 WIRELESS_VCC 0.000774 3.281250 0.002491 MCU_VCC 0.007162 3.281250 0.023044
371 WIRELESS_VCC 0.000774 3.281250 0.002491 MCU_VCC 0.007162 3.281250 0.023044
372 WIRELESS_VCC 0.000774 3.281250 0.002491 MCU_VCC 0.007162 3.281250 0.023044
373 WIRELESS_VCC 0.000774 3.281250 0.002491 MCU_VCC 0.007162 3.281250 0.023044
374 WIRELESS_VCC 0.000774 3.281250 0.002491 MCU_VCC 0.007162 3.281250 0.023044
375 WIRELESS_VCC 0.000774 3.281250 0.002491 MCU_VCC 0.007162 3.281250 0.023044
376 WIRELESS_VCC 0.000774 3.281250 0.002491 MCU_VCC 0.007162 3.281250 0.023044
377 WIRELESS_VCC 0.000774 3.281250 0.002491 MCU_VCC 0.007162 3.281250 0.023044
378 WIRELESS_VCC 0.000774 3.281250 0.002491 MCU_VCC 0.007162 3.281250 0.023044
379 WIRELESS_VCC 0.000774 3.281250 0.002491 MCU_VCC 0.007162 3.281250 0.023044
380 WIRELESS_VCC 0.000774 3.281250 0.002491 MCU_VCC 0.007162 3.281250 0.023044
381 WIRELESS_VCC 0.000774 3.281250 0.002491 MCU_VCC 0.007162 3.281250 0.023044
382 WIRELESS_VCC 0.000774 3.281250 0.002491 MCU_VCC 0.007162 3.281250 0.023044
383 WIRELESS_VCC 0.000774 3.281250 0.002491 MCU_VCC 0.007162 3.281250 0.023044
384 WIRELESS_VCC 0.000774 3.281250 0.002491 MCU_VCC 0.007162 3.281250 0.023044
385 WIRELESS_VCC 0.000774 3.281250 0.002491 MCU_VCC 0.007162 3.281250 0.023044
386 WIRELESS_VCC 0.000774 3.281250 0.002491 MCU_VCC 0.007162 3.281250 0.023044
387 WIRELESS_VCC 0.000774 3.281250 0.002491 MCU_VCC 0.007162 3.281250 0.023044
388 WIRELESS_VCC 0.000774 3.281250 0.002491 MCU_VCC 0.007162 3.281250 0.023044
389 WIRELESS_VCC 0.000774 3.281250 0.002491 MCU_VCC 0.007162 3.281250 0.023044
390 WIRELESS_VCC 0.000774 3.281250 0.002491 MCU_VCC 0.007162 3.281250 0.023044
391 WIRELESS_VCC 0.000774 3.281250 0.002491 MCU_VCC 0.007162 3.281250 0.023044
392 WIRELESS_VCC 0.000774 3.281250 0.002491 MCU_VCC 0.007162 3.281250 0.023044
393 WIRELESS_VCC 0.000774 3.281250 0.002491 MCU_VCC 0.007162 3.281250 0.023044
394 WIRELESS_VCC 0.000774 3.281250 0.002491 MCU_VCC 0.007162 3.281250 0.023044
395 WIRELESS_VCC 0.000774 3.281250 0.002491 MCU_VCC 0.007162 3.281250 0.023044
396 WIRELESS_VCC 0.000774 3.281250 0.002491 MCU_VCC 0.007162 3.281250 0.023044
397 WIRELESS_VCC 0.000774 3.281250 0.002491 MCU_VCC 0.007162 3.281250 0.023044
398 WIRELESS_VCC 0.000774 3.281250 0.002491 MCU_VCC 0.007162 3.281250 0.023044
399 WIRELESS_VCC 0.000774 3.281250 0.002491 MCU_VCC 0.007162 3.281250 0.023044
400 WIRELESS_VCC 0.000774 3.281250 0.002491 MCU_VCC 0.007162 3.281250 0.023044
401 WIRELESS_VCC 0.000774 3.281250 0.002491 MCU_VCC 0.007162 3.281250 0.023044
402 WIRELESS_VCC 0.000774 3.281250 0.002491 MCU_VCC 0.007162 3.281250 0.023044
403 WIRELESS_VCC 0.000774 3.281250 0.002491 MCU_VCC 0.007162 3.281250 0.023044
404 WIRELESS_VCC 0.000774 3.281250 0.002491 MCU_VCC 0.007162 3.281250 0.023044
405 WIRELESS_VCC 0.000774 3.281250 0.002491 MCU_VCC 0.007162 3.281250 0.023044
406 WIRELESS_VCC 0.000774 3.281250 0.002491 MCU_VCC 0.007162 3.281250 0.023044
407 WIRELESS_VCC 0.000774 3.281250 0.002491 MCU_VCC 0.007162 3.281250 0.023044
408 WIRELESS_VCC 0.000774 3.281250 0.002491 MCU_VCC 0.007162 3.281250 0.023044
409 WIRELESS_VCC 0.000774 3.281250 0.002491 MCU_VCC 0.007162 3.281250 0.023044
410 WIRELESS_VCC 0.000774 3.281250 0.002491 MCU_VCC 0.007162 3.281250 0.023044
411 WIRELESS_VCC 0.000774 3.281250 0.002491 MCU_VCC 0.007162 3.281250 0.023044
412 WIRELESS_VCC 0.000774 3.281250 0.002491 MCU_VCC 0.007162 3.281250 0.023044
413 WIRELESS_VCC 0.000774 3.281250 0.002491 MCU_VCC 0.007162 3.281250 0.023044
414 WIRELESS_VCC 0.000774 3.281250 0.002491 MCU_VCC 0.007162 3.281250 0.023044
415 WIRELESS_VCC 0.000774 3.281250 0.002491 MCU_VCC 0.007162 3.281250 0.023044
416 WIRELESS_VCC 0.000774 3.281250 0.002491 MCU_VCC 0.007162 3.281250 0.023044
417 WIRELESS_VCC 0.000774 3.281250 0.002491 MCU_VCC 0.007162 3.281250 0.023044
418 WIRELESS_VCC 0.000774 3.281250 0.002491 MCU_VCC 0.007162 3.281250 0.023044
419 WIRELESS_VCC 0.000774 3.281250 0.002491 MCU_VCC 0.007162 3.281250 0.023044
420 WIRELESS_VCC 0.000774 3.281250 0.002491 MCU_VCC 0.007162 3.281250 0.023044
421 WIRELESS_VCC 0.000774 3.281250 0.002491 MCU_VCC 0.007162 3.281250 0.023044
422 WIRELESS_VCC 0.000774 3.281250 0.002491 MCU_VCC 0.007162 3.281250 0.023044
423 WIRELESS_VCC 0.000774 3.281250 0.002491 MCU_VCC 0.007162 3.281250 0.023044
424 WIRELESS_VCC 0.000774 3.281250 0.002491 MCU_VCC 0.007162 3.281250 0.023044
425 WIRELESS_VCC 0.000774 3.281250 0.002491 MCU_VCC 0.007162 3.281250 0.023044
426 WIRELESS_VCC 0.000774 3.281250 0.002491 MCU_VCC 0.007162 3.281250 0.023044
427 WIRELESS_VCC 0.000774 3.281250 0.002491 MCU_VCC 0.007162 3.281250 0.023044
428 WIRELESS_VCC 0.000774 3.281250 0.002491 MCU_VCC 0.007162 3.281250 0.023044
429 WIRELESS_VCC 0.000774 3.281250 0.002491 MCU_VCC 0.007162 3.281250 0.023044
430 WIRELESS_VCC 0.000774 3.281250 0.002491 MCU_VCC 0.007162 3.281250 0.023044
431 WIRELESS_VCC 0.000774 3.281250 0.002491 MCU_VCC 0.007162 3.281250 0.023044
432 WIRELESS_VCC 0.000774 3.281250 0.002491 MCU_VCC 0.007162 3.281250 0.023044
433 WIRELESS_VCC 0.000774 3.281250 0.002491 MCU_VCC 0.007162 3.281250 0.023044
434 WIRELESS_VCC 0.000774 3.281250 0.002491 MCU_VCC 0.007162 3.281250 0.023044
435 WIRELESS_VCC 0.000774 3.281250 0.002491 MCU_VCC 0.007162 3.281250 0.023044
436 WIRELESS_VCC 0.000774 3.281250 0.002491 MCU_VCC 0.007162 3.281250 0.023044
